iterat. internal-T external-T elapsed-time
0 300 263.401 0.008247
1 299.93 263.401 0.014924
2 299.865 263.401 0.021245
3 299.807 263.401 0.027256
4 299.739 263.401 0.033006
5 299.68 263.401 0.0386
6 299.613 263.401 0.044039
7 299.549 263.401 0.04944
8 299.492 263.401 0.054693
9 299.431 263.401 0.059955
10 299.371 263.401 0.065213
11 299.311 263.401 0.070513
12 299.256 263.401 0.075761
13 299.199 263.401 0.080975
14 299.14 263.401 0.08737
15 299.087 263.401 0.093137
16 299.033 263.401 0.098489
17 298.98 263.401 0.103849
18 298.921 263.401 0.109078
19 298.87 263.401 0.11443
20 298.817 263.401 0.119674
21 298.767 263.401 0.124897
22 298.714 263.401 0.130157
23 298.657 263.401 0.135398
24 298.607 263.401 0.140704
25 298.559 263.401 0.145995
26 298.507 263.401 0.151285
27 298.457 263.401 0.156518
28 298.413 263.401 0.161758
29 298.364 263.401 0.167003
30 298.315 263.401 0.172318
31 298.272 263.401 0.177602
32 298.225 263.401 0.182842
33 298.175 263.401 0.188093
34 298.132 263.401 0.193368
35 298.085 263.401 0.19866
36 298.038 263.401 0.203928
37 297.999 263.401 0.20923
38 297.954 263.401 0.214613
39 297.907 263.401 0.219867
40 297.866 263.401 0.225099
41 297.822 263.401 0.230373
42 297.78 263.401 0.235631
43 297.737 263.401 0.240861
44 297.695 263.401 0.246161
45 297.655 263.401 0.251387
46 297.613 263.401 0.256664
47 297.57 263.401 0.26191
48 297.53 263.401 0.267122
49 297.492 263.401 0.272415
50 297.452 263.401 0.277662
51 297.413 263.401 0.282934
52 297.371 263.401 0.28815
53 297.332 263.401 0.293532
54 297.295 263.401 0.29884
55 297.258 263.401 0.304091
56 297.219 263.401 0.309304
57 297.18 263.401 0.314555
58 297.143 263.401 0.319802
59 297.106 263.401 0.32503
60 297.071 263.401 0.330319
61 297.033 263.401 0.335691
62 296.998 263.401 0.34112
63 296.963 263.401 0.346414
64 296.927 263.401 0.351643
65 296.892 263.401 0.356894
66 296.854 263.401 0.36212
67 296.822 263.401 0.367367
68 296.786 263.401 0.372665
69 296.752 263.401 0.377931
70 296.716 263.401 0.383151
71 296.681 263.401 0.38838
72 296.647 263.401 0.393609
73 296.615 263.401 0.398835
74 296.579 263.401 0.404129
75 296.549 263.401 0.409341
76 296.517 263.401 0.414594
77 296.482 263.401 0.419925
78 296.452 263.401 0.425164
79 296.418 263.401 0.430391
80 296.386 263.401 0.43563
81 296.353 263.401 0.440937
82 296.326 263.401 0.446172
83 296.292 263.401 0.451429
84 296.259 263.401 0.456721
85 296.23 263.401 0.461991
86 296.196 263.401 0.467214
87 296.166 263.401 0.47246
88 296.135 263.401 0.477694
89 296.104 263.401 0.482943
90 296.075 263.401 0.488154
91 296.044 263.401 0.493537
92 296.015 263.401 0.498733
93 295.985 263.401 0.504221
94 295.955 263.401 0.50951
95 295.928 263.401 0.514811
96 295.896 263.401 0.520015
97 295.868 263.401 0.525289
98 295.84 263.401 0.530543
99 295.809 263.401 0.535839
100 295.783 263.401 0.542502
101 295.756 263.401 0.549812
102 295.726 263.401 0.556409
103 295.697 263.401 0.563134
104 295.671 263.401 0.569779
105 295.642 263.401 0.575037
106 295.613 263.401 0.580288
107 295.588 263.401 0.585552
108 295.563 263.401 0.591063
109 295.531 263.401 0.596355
110 295.508 263.401 0.601727
111 295.48 263.401 0.607041
112 295.449 263.401 0.612257
113 295.426 263.401 0.617501
114 295.398 263.401 0.622713
115 295.371 263.401 0.628027
116 295.347 263.401 0.633222
117 295.318 263.401 0.638449
118 295.293 263.401 0.643703
119 295.267 263.401 0.648931
120 295.24 263.401 0.654377
121 295.217 263.401 0.659676
122 295.191 263.401 0.664944
123 295.165 263.401 0.670173
124 295.139 263.401 0.675431
125 295.115 263.401 0.68064
126 295.089 263.401 0.68648
127 295.064 263.401 0.692564
128 295.041 263.401 0.698496
129 295.016 263.401 0.703779
130 294.991 263.401 0.709072
131 294.967 263.401 0.714328
132 294.943 263.401 0.719622
133 294.916 263.401 0.724852
134 294.895 263.401 0.730083
135 294.869 263.401 0.735328
136 294.844 263.401 0.740604
137 294.822 263.401 0.74584
138 294.798 263.401 0.751121
139 294.772 263.401 0.756436
140 294.749 263.401 0.761657
141 294.727 263.401 0.766911
142 294.704 263.401 0.7722
143 294.681 263.401 0.777453
144 294.655 263.401 0.78276
145 294.634 263.401 0.788014
146 294.613 263.401 0.793281
147 294.589 263.401 0.798648
148 294.563 263.401 0.803894
149 294.542 263.401 0.809197
150 294.521 263.401 0.814508
151 294.498 263.401 0.819768
152 294.474 263.401 0.825
153 294.453 263.401 0.830219
154 294.431 263.401 0.835445
155 294.409 263.401 0.840669
156 294.385 263.401 0.845946
157 294.365 263.401 0.851174
158 294.344 263.401 0.85657
159 294.321 263.401 0.861853
160 294.299 263.401 0.867131
161 294.277 263.401 0.872384
162 294.258 263.401 0.877665
163 294.236 263.401 0.882996
164 294.214 263.401 0.88823
165 294.193 263.401 0.893583
166 294.172 263.401 0.898895
167 294.153 263.401 0.904283
168 294.128 263.401 0.90954
169 294.107 263.401 0.914785
170 294.085 263.401 0.920125
171 294.065 263.401 0.925403
172 294.046 263.401 0.930658
173 294.026 263.401 0.935895
174 294.004 263.401 0.941131
175 293.984 263.401 0.946366
176 293.963 263.401 0.951611
177 293.943 263.401 0.956925
178 293.923 263.401 0.96214
179 293.903 263.401 0.967449
180 293.882 263.401 0.972705
181 293.863 263.401 0.977993
182 293.842 263.401 0.983252
183 293.821 263.401 0.988494
184 293.802 263.401 0.993787
185 293.783 263.401 0.999083
186 293.763 263.401 1.00495
187 293.744 263.401 1.01016
188 293.724 263.401 1.01541
189 293.702 263.401 1.0207
190 293.685 263.401 1.02593
191 293.666 263.401 1.03122
192 293.647 263.401 1.03645
193 293.627 263.401 1.04168
194 293.608 263.401 1.04695
195 293.588 263.401 1.05309
196 293.568 263.401 1.05837
197 293.551 263.401 1.06365
198 293.533 263.401 1.06891
199 293.514 263.401 1.07417
200 293.495 263.401 1.07944
201 293.476 263.401 1.08464
202 293.456 263.401 1.08993
203 293.437 263.401 1.0952
204 293.42 263.401 1.10057
205 293.401 263.401 1.10596
206 293.383 263.401 1.11122
207 293.365 263.401 1.11643
208 293.346 263.401 1.12168
209 293.328 263.401 1.1269
210 293.309 263.401 1.13217
211 293.292 263.401 1.13739
212 293.273 263.401 1.14262
213 293.255 263.401 1.14792
214 293.237 263.401 1.15356
215 293.219 263.401 1.15888
216 293.201 263.401 1.16416
217 293.184 263.401 1.16939
218 293.165 263.401 1.17507
219 293.148 263.401 1.1804
220 293.13 263.401 1.1857
221 293.113 263.401 1.19181
222 293.095 263.401 1.198
223 293.078 263.401 1.20415
224 293.06 263.401 1.21028
225 293.043 263.401 1.21697
226 293.025 263.401 1.22306
227 293.008 263.401 1.22974
228 292.991 263.401 1.2364
229 292.975 263.401 1.24166
230 292.958 263.401 1.24693
231 292.938 263.401 1.2522
232 292.922 263.401 1.25745
233 292.906 263.401 1.26345
234 292.889 263.401 1.26867
235 292.873 263.401 1.274
236 292.856 263.401 1.27922
237 292.838 263.401 1.28463
238 292.821 263.401 1.28991
239 292.803 263.401 1.29523
240 292.788 263.401 1.30071
241 292.772 263.401 1.30602
242 292.755 263.401 1.31172
243 292.739 263.401 1.31778
244 292.723 263.401 1.32403
245 292.705 263.401 1.32928
246 292.69 263.401 1.33458
247 292.673 263.401 1.33987
248 292.655 263.401 1.34516
249 292.64 263.401 1.35041
250 292.625 263.401 1.35574
251 292.61 263.401 1.36107
252 292.593 263.401 1.36637
253 292.577 263.401 1.37171
254 292.561 263.401 1.37702
255 292.543 263.401 1.38228
256 292.527 263.401 1.38761
257 292.511 263.401 1.39288
258 292.495 263.401 1.39814
259 292.481 263.401 1.40352
260 292.465 263.401 1.40879
261 292.449 263.401 1.41404
262 292.435 263.401 1.41928
263 292.419 263.401 1.42457
264 292.402 263.401 1.42983
265 292.387 263.401 1.43507
266 292.371 263.401 1.44032
267 292.355 263.401 1.44557
268 292.34 263.401 1.45082
269 292.326 263.401 1.45612
270 292.309 263.401 1.46136
271 292.296 263.401 1.46661
272 292.281 263.401 1.47187
273 292.263 263.401 1.47709
274 292.249 263.401 1.48232
275 292.234 263.401 1.48801
276 292.219 263.401 1.49324
277 292.203 263.401 1.4986
278 292.189 263.401 1.50383
279 292.175 263.401 1.50911
280 292.159 263.401 1.51443
281 292.145 263.401 1.51966
282 292.128 263.401 1.52491
283 292.115 263.401 1.53023
284 292.101 263.401 1.53552
285 292.084 263.401 1.54073
286 292.069 263.401 1.54599
287 292.056 263.401 1.55124
288 292.04 263.401 1.55661
289 292.026 263.401 1.56184
290 292.011 263.401 1.56782
291 291.996 263.401 1.57364
292 291.982 263.401 1.58039
293 291.968 263.401 1.58708
294 291.954 263.401 1.59379
295 291.939 263.401 1.60052
296 291.925 263.401 1.60756
297 291.911 263.401 1.61422
298 291.897 263.401 1.6211
299 291.883 263.401 1.62791
300 291.868 263.401 1.63457
301 291.853 263.401 1.64122
302 291.839 263.401 1.64711
303 291.824 263.401 1.65255
304 291.81 263.401 1.65785
305 291.797 263.401 1.66306
306 291.783 263.401 1.66834
307 291.77 263.401 1.67361
308 291.755 263.401 1.67889
309 291.742 263.401 1.68415
310 291.728 263.401 1.68946
311 291.713 263.401 1.69474
312 291.7 263.401 1.70012
313 291.685 263.401 1.70535
314 291.67 263.401 1.71063
315 291.657 263.401 1.71591
316 291.644 263.401 1.72157
317 291.63 263.401 1.72682
318 291.617 263.401 1.7322
319 291.603 263.401 1.73746
320 291.591 263.401 1.7427
321 291.578 263.401 1.74794
322 291.563 263.401 1.75312
323 291.55 263.401 1.75862
324 291.535 263.401 1.76383
325 291.522 263.401 1.76935
326 291.51 263.401 1.77459
327 291.495 263.401 1.77981
328 291.483 263.401 1.78507
329 291.47 263.401 1.79043
330 291.456 263.401 1.79573
331 291.443 263.401 1.80106
332 291.43 263.401 1.80633
333 291.417 263.401 1.81158
334 291.403 263.401 1.81682
335 291.391 263.401 1.8221
336 291.378 263.401 1.82879
337 291.364 263.401 1.83407
338 291.351 263.401 1.83942
339 291.339 263.401 1.84463
340 291.326 263.401 1.8499
341 291.311 263.401 1.85518
342 291.298 263.401 1.86038
343 291.287 263.401 1.8657
344 291.273 263.401 1.8709
345 291.26 263.401 1.87613
346 291.248 263.401 1.88135
347 291.235 263.401 1.88795
348 291.222 263.401 1.89354
349 291.209 263.401 1.89877
350 291.197 263.401 1.90412
351 291.185 263.401 1.90933
352 291.171 263.401 1.91459
353 291.159 263.401 1.91988
354 291.146 263.401 1.9257
355 291.135 263.401 1.93096
356 291.122 263.401 1.93626
357 291.109 263.401 1.94153
358 291.097 263.401 1.94681
359 291.084 263.401 1.9521
360 291.072 263.401 1.95885
361 291.059 263.401 1.96412
362 291.045 263.401 1.96934
363 291.033 263.401 1.97461
364 291.021 263.401 1.97981
365 291.009 263.401 1.98506
366 290.997 263.401 1.99105
367 290.985 263.401 1.99629
368 290.972 263.401 2.00158
369 290.96 263.401 2.00682
370 290.948 263.401 2.01204
371 290.936 263.401 2.01728
372 290.925 263.401 2.02317
373 290.913 263.401 2.02846
374 290.9 263.401 2.03366
375 290.889 263.401 2.03989
376 290.876 263.401 2.04515
377 290.864 263.401 2.05042
378 290.851 263.401 2.05569
379 290.839 263.401 2.0609
380 290.828 263.401 2.06613
381 290.816 263.401 2.0714
382 290.804 263.401 2.07661
383 290.792 263.401 2.08186
384 290.781 263.401 2.08709
385 290.769 263.401 2.09233
386 290.758 263.401 2.09756
387 290.746 263.401 2.1029
388 290.735 263.401 2.10823
389 290.722 263.401 2.1135
390 290.71 263.401 2.11874
391 290.699 263.401 2.12404
392 290.687 263.401 2.12929
393 290.675 263.401 2.13454
394 290.664 263.401 2.13984
395 290.652 263.401 2.1451
396 290.64 263.401 2.15061
397 290.628 263.401 2.15584
398 290.617 263.401 2.16128
399 290.604 263.401 2.16652
400 290.593 263.401 2.17176
401 290.582 263.401 2.177
402 290.572 263.401 2.18228
403 290.56 263.401 2.18756
404 290.549 263.401 2.19275
405 290.538 263.401 2.19813
406 290.527 263.401 2.20334
407 290.516 263.401 2.20864
408 290.505 263.401 2.21385
409 290.493 263.401 2.21913
410 290.481 263.401 2.22441
411 290.471 263.401 2.22974
412 290.46 263.401 2.23497
413 290.447 263.401 2.24024
414 290.436 263.401 2.2455
415 290.425 263.401 2.25075
416 290.413 263.401 2.25598
417 290.403 263.401 2.26122
418 290.392 263.401 2.26648
419 290.381 263.401 2.27169
420 290.37 263.401 2.27697
421 290.358 263.401 2.2822
422 290.348 263.401 2.28749
423 290.336 263.401 2.29274
424 290.326 263.401 2.29796
425 290.315 263.401 2.30321
426 290.305 263.401 2.30872
427 290.294 263.401 2.31396
428 290.282 263.401 2.3192
429 290.271 263.401 2.32447
430 290.26 263.401 2.32974
431 290.25 263.401 2.33499
432 290.239 263.401 2.34021
433 290.228 263.401 2.34546
434 290.217 263.401 2.35066
435 290.207 263.401 2.35587
436 290.195 263.401 2.36109
437 290.184 263.401 2.36638
438 290.174 263.401 2.37164
439 290.164 263.401 2.37684
440 290.154 263.401 2.38209
441 290.143 263.401 2.38733
442 290.132 263.401 2.39259
443 290.121 263.401 2.39785
444 290.111 263.401 2.40312
445 290.1 263.401 2.40832
446 290.09 263.401 2.41354
447 290.08 263.401 2.41879
448 290.068 263.401 2.42402
449 290.058 263.401 2.4293
450 290.049 263.401 2.43452
451 290.038 263.401 2.43978
452 290.028 263.401 2.445
453 290.018 263.401 2.4503
454 290.006 263.401 2.45552
455 289.996 263.401 2.46074
456 289.986 263.401 2.46608
457 289.976 263.401 2.47128
458 289.966 263.401 2.47654
459 289.955 263.401 2.48175
460 289.945 263.401 2.48698
461 289.935 263.401 2.49271
462 289.925 263.401 2.49798
463 289.914 263.401 2.5032
464 289.903 263.401 2.50866
465 289.893 263.401 2.51395
466 289.884 263.401 2.51917
467 289.874 263.401 2.5244
468 289.863 263.401 2.52972
469 289.852 263.401 2.53496
470 289.842 263.401 2.54021
471 289.833 263.401 2.54542
472 289.823 263.401 2.55069
473 289.814 263.401 2.55592
474 289.803 263.401 2.56114
475 289.792 263.401 2.56638
476 289.783 263.401 2.57223
477 289.773 263.401 2.57745
478 289.763 263.401 2.58269
479 289.752 263.401 2.58793
480 289.743 263.401 2.5931
481 289.733 263.401 2.59841
482 289.723 263.401 2.60368
483 289.713 263.401 2.60889
484 289.703 263.401 2.61416
485 289.694 263.401 2.61941
486 289.684 263.401 2.62473
487 289.674 263.401 2.62999
488 289.664 263.401 2.6352
489 289.654 263.401 2.64046
490 289.645 263.401 2.64574
491 289.635 263.401 2.65106
492 289.625 263.401 2.65633
493 289.615 263.401 2.66157
494 289.605 263.401 2.66683
495 289.595 263.401 2.67206
496 289.587 263.401 2.67727
497 289.578 263.401 2.68255
498 289.567 263.401 2.68786
499 289.557 263.401 2.6931
500 289.548 263.401 2.69848
501 289.539 263.401 2.70466
502 289.53 263.401 2.71004
503 289.52 263.401 2.71528
504 289.51 263.401 2.7207
505 289.501 263.401 2.72596
506 289.492 263.401 2.73131
507 289.481 263.401 2.73657
508 289.472 263.401 2.74192
509 289.463 263.401 2.74715
510 289.454 263.401 2.7524
511 289.444 263.401 2.75762
512 289.435 263.401 2.76289
513 289.426 263.401 2.76812
514 289.416 263.401 2.77335
515 289.407 263.401 2.77864
516 289.398 263.401 2.78391
517 289.387 263.401 2.78913
518 289.379 263.401 2.79436
519 289.37 263.401 2.79955
520 289.36 263.401 2.8048
521 289.35 263.401 2.81007
522 289.341 263.401 2.81531
523 289.332 263.401 2.82064
524 289.323 263.401 2.82588
525 289.314 263.401 2.83118
526 289.304 263.401 2.83661
527 289.295 263.401 2.84188
528 289.286 263.401 2.84772
529 289.277 263.401 2.85301
530 289.268 263.401 2.85826
531 289.258 263.401 2.86351
532 289.25 263.401 2.86889
533 289.241 263.401 2.87416
534 289.232 263.401 2.87939
535 289.223 263.401 2.88464
536 289.213 263.401 2.88988
537 289.204 263.401 2.89514
538 289.195 263.401 2.90041
539 289.187 263.401 2.90564
540 289.177 263.401 2.91107
541 289.168 263.401 2.9163
542 289.159 263.401 2.92156
543 289.15 263.401 2.92681
544 289.142 263.401 2.93205
545 289.133 263.401 2.93726
546 289.124 263.401 2.94254
547 289.114 263.401 2.94779
548 289.106 263.401 2.95307
549 289.096 263.401 2.95833
550 289.089 263.401 2.96359
551 289.08 263.401 2.96891
552 289.071 263.401 2.97414
553 289.062 263.401 2.97935
554 289.053 263.401 2.9846
555 289.044 263.401 2.99074
556 289.036 263.401 2.99643
557 289.027 263.401 3.00166
558 289.019 263.401 3.00706
559 289.009 263.401 3.01232
560 289.001 263.401 3.01756
561 288.992 263.401 3.02283
562 288.983 263.401 3.02807
563 288.974 263.401 3.03336
564 288.966 263.401 3.03864
565 288.957 263.401 3.04389
566 288.948 263.401 3.04913
567 288.94 263.401 3.05438
568 288.931 263.401 3.05967
569 288.921 263.401 3.06487
570 288.913 263.401 3.07009
571 288.905 263.401 3.07531
572 288.897 263.401 3.08054
573 288.889 263.401 3.08575
574 288.88 263.401 3.091
575 288.871 263.401 3.09621
576 288.863 263.401 3.10148
577 288.855 263.401 3.10733
578 288.847 263.401 3.11265
579 288.838 263.401 3.11791
580 288.828 263.401 3.12315
581 288.819 263.401 3.12838
582 288.813 263.401 3.13366
583 288.804 263.401 3.13898
584 288.796 263.401 3.14421
585 288.787 263.401 3.1495
586 288.778 263.401 3.15614
587 288.771 263.401 3.16144
588 288.763 263.401 3.16679
589 288.755 263.401 3.17202
590 288.745 263.401 3.17727
591 288.737 263.401 3.1826
592 288.728 263.401 3.18783
593 288.72 263.401 3.19308
594 288.712 263.401 3.19833
595 288.703 263.401 3.20359
596 288.694 263.401 3.20885
597 288.686 263.401 3.21409
598 288.68 263.401 3.21935
599 288.672 263.401 3.22458
600 288.663 263.401 3.22977
601 288.654 263.401 3.23504
602 288.645 263.401 3.24031
603 288.638 263.401 3.24554
604 288.63 263.401 3.25079
605 288.622 263.401 3.25615
606 288.613 263.401 3.2614
607 288.606 263.401 3.26661
608 288.597 263.401 3.27191
609 288.59 263.401 3.27716
610 288.581 263.401 3.28241
611 288.572 263.401 3.28763
612 288.564 263.401 3.2929
613 288.557 263.401 3.29814
614 288.549 263.401 3.30338
615 288.542 263.401 3.30863
616 288.533 263.401 3.31391
617 288.524 263.401 3.31915
618 288.517 263.401 3.32443
619 288.509 263.401 3.33014
620 288.501 263.401 3.33537
621 288.492 263.401 3.34089
622 288.484 263.401 3.3461
623 288.477 263.401 3.35134
624 288.469 263.401 3.35716
625 288.461 263.401 3.36258
626 288.453 263.401 3.36782
627 288.445 263.401 3.37363
628 288.438 263.401 3.37941
629 288.431 263.401 3.38547
630 288.422 263.401 3.39136
631 288.414 263.401 3.3973
632 288.406 263.401 3.40333
633 288.398 263.401 3.40933
634 288.391 263.401 3.41737
635 288.383 263.401 3.42467
636 288.374 263.401 3.43299
637 288.365 263.401 3.44018
638 288.358 263.401 3.44633
639 288.351 263.401 3.45234
640 288.344 263.401 3.45879
641 288.338 263.401 3.46465
642 288.329 263.401 3.47125
643 288.321 263.401 3.47805
644 288.313 263.401 3.48437
645 288.306 263.401 3.49051
646 288.298 263.401 3.49803
647 288.289 263.401 3.50579
648 288.282 263.401 3.51441
649 288.274 263.401 3.52024
650 288.266 263.401 3.52633
651 288.259 263.401 3.5328
652 288.251 263.401 3.5392
653 288.243 263.401 3.54474
654 288.237 263.401 3.55202
655 288.228 263.401 3.55876
656 288.222 263.401 3.56556
657 288.214 263.401 3.57161
658 288.206 263.401 3.57769
659 288.199 263.401 3.5851
660 288.191 263.401 3.5917
661 288.184 263.401 3.59794
662 288.176 263.401 3.60366
663 288.168 263.401 3.61
664 288.16 263.401 3.61697
665 288.153 263.401 3.62326
666 288.146 263.401 3.62903
667 288.139 263.401 3.63523
668 288.132 263.401 3.64134
669 288.123 263.401 3.64723
670 288.116 263.401 3.65288
671 288.108 263.401 3.65879
672 288.102 263.401 3.66415
673 288.094 263.401 3.67011
674 288.086 263.401 3.67572
675 288.079 263.401 3.68118
676 288.071 263.401 3.68716
677 288.065 263.401 3.69285
678 288.057 263.401 3.69831
679 288.049 263.401 3.704
680 288.042 263.401 3.70965
681 288.036 263.401 3.71512
682 288.028 263.401 3.72073
683 288.021 263.401 3.72611
684 288.012 263.401 3.73151
685 288.006 263.401 3.73732
686 287.998 263.401 3.74264
687 287.99 263.401 3.7481
688 287.983 263.401 3.75388
689 287.977 263.401 3.75923
690 287.97 263.401 3.76476
691 287.963 263.401 3.77059
692 287.956 263.401 3.7761
693 287.949 263.401 3.7816
694 287.941 263.401 3.78682
695 287.933 263.401 3.79248
696 287.927 263.401 3.79787
697 287.919 263.401 3.80389
698 287.911 263.401 3.80986
699 287.903 263.401 3.81548
700 287.897 263.401 3.82108
701 287.89 263.401 3.8264
702 287.883 263.401 3.83197
703 287.876 263.401 3.83764
704 287.869 263.401 3.84307
705 287.862 263.401 3.84855
706 287.854 263.401 3.85419
707 287.848 263.401 3.85954
708 287.841 263.401 3.86497
709 287.834 263.401 3.8708
710 287.828 263.401 3.87616
711 287.819 263.401 3.88156
712 287.812 263.401 3.88735
713 287.804 263.401 3.89271
714 287.798 263.401 3.8981
715 287.791 263.401 3.90394
716 287.784 263.401 3.90936
717 287.777 263.401 3.91472
718 287.77 263.401 3.92079
719 287.764 263.401 3.92612
720 287.756 263.401 3.93158
721 287.75 263.401 3.93815
722 287.743 263.401 3.94526
723 287.736 263.401 3.95308
724 287.728 263.401 3.96027
725 287.721 263.401 3.96751
726 287.716 263.401 3.97381
727 287.709 263.401 3.97933
728 287.702 263.401 3.98468
729 287.694 263.401 3.99009
730 287.688 263.401 3.9957
731 287.68 263.401 4.00101
732 287.674 263.401 4.00639
733 287.667 263.401 4.01229
734 287.659 263.401 4.01764
735 287.653 263.401 4.02303
736 287.646 263.401 4.02893
737 287.64 263.401 4.03427
738 287.633 263.401 4.03963
739 287.627 263.401 4.04551
740 287.619 263.401 4.05128
741 287.612 263.401 4.05746
742 287.605 263.401 4.06284
743 287.598 263.401 4.06838
744 287.591 263.401 4.07381
745 287.585 263.401 4.07932
746 287.578 263.401 4.08462
747 287.571 263.401 4.08996
748 287.564 263.401 4.09564
749 287.558 263.401 4.101
750 287.551 263.401 4.10646
751 287.546 263.401 4.11222
752 287.539 263.401 4.11754
753 287.532 263.401 4.12305
754 287.526 263.401 4.12892
755 287.518 263.401 4.1343
756 287.511 263.401 4.13972
757 287.505 263.401 4.14566
758 287.498 263.401 4.15112
759 287.491 263.401 4.15653
760 287.484 263.401 4.16233
761 287.478 263.401 4.16763
762 287.471 263.401 4.17299
763 287.465 263.401 4.17823
764 287.459 263.401 4.18369
765 287.452 263.401 4.18902
766 287.446 263.401 4.19425
767 287.44 263.401 4.20015
768 287.433 263.401 4.20541
769 287.426 263.401 4.21064
770 287.418 263.401 4.21613
771 287.411 263.401 4.22137
772 287.405 263.401 4.22678
773 287.4 263.401 4.23239
774 287.393 263.401 4.23832
775 287.387 263.401 4.24452
776 287.381 263.401 4.25015
777 287.374 263.401 4.25539
778 287.367 263.401 4.26064
779 287.362 263.401 4.26604
780 287.355 263.401 4.27172
781 287.349 263.401 4.2783
782 287.342 263.401 4.28506
783 287.335 263.401 4.29125
784 287.328 263.401 4.29649
785 287.321 263.401 4.30173
786 287.315 263.401 4.30706
787 287.309 263.401 4.31229
788 287.303 263.401 4.31755
789 287.297 263.401 4.32284
790 287.29 263.401 4.32813
791 287.284 263.401 4.33338
792 287.278 263.401 4.33865
793 287.272 263.401 4.34385
794 287.266 263.401 4.3492
795 287.259 263.401 4.35449
796 287.253 263.401 4.35977
797 287.247 263.401 4.36499
798 287.24 263.401 4.37029
799 287.233 263.401 4.37555
800 287.227 263.401 4.38077
801 287.221 263.401 4.38604
802 287.215 263.401 4.39132
803 287.207 263.401 4.39663
804 287.201 263.401 4.40195
805 287.196 263.401 4.40723
806 287.19 263.401 4.41254
807 287.185 263.401 4.41781
808 287.177 263.401 4.42304
809 287.171 263.401 4.42835
810 287.163 263.401 4.43355
811 287.157 263.401 4.43879
812 287.15 263.401 4.44401
813 287.145 263.401 4.44924
814 287.138 263.401 4.4545
815 287.133 263.401 4.45971
816 287.126 263.401 4.46505
817 287.121 263.401 4.47026
818 287.115 263.401 4.47551
819 287.109 263.401 4.48078
820 287.103 263.401 4.486
821 287.097 263.401 4.49128
822 287.09 263.401 4.49651
823 287.083 263.401 4.50186
824 287.077 263.401 4.50709
825 287.071 263.401 4.51234
826 287.065 263.401 4.51762
827 287.059 263.401 4.52302
828 287.053 263.401 4.52829
829 287.047 263.401 4.53357
830 287.041 263.401 4.54008
831 287.035 263.401 4.54591
832 287.029 263.401 4.55136
833 287.024 263.401 4.55658
834 287.017 263.401 4.56242
835 287.011 263.401 4.56773
836 287.005 263.401 4.57296
837 286.999 263.401 4.57817
838 286.993 263.401 4.58343
839 286.987 263.401 4.58865
840 286.981 263.401 4.5939
841 286.975 263.401 4.59916
842 286.969 263.401 4.60443
843 286.962 263.401 4.60968
844 286.957 263.401 4.61492
845 286.951 263.401 4.62026
846 286.945 263.401 4.62565
847 286.939 263.401 4.63087
848 286.934 263.401 4.63611
849 286.928 263.401 4.64227
850 286.921 263.401 4.64754
851 286.915 263.401 4.65292
852 286.909 263.401 4.65825
853 286.903 263.401 4.66347
854 286.897 263.401 4.66872
855 286.892 263.401 4.67397
856 286.886 263.401 4.67921
857 286.879 263.401 4.6845
858 286.874 263.401 4.68976
859 286.868 263.401 4.69499
860 286.863 263.401 4.70038
861 286.856 263.401 4.70564
862 286.851 263.401 4.71087
863 286.846 263.401 4.71622
864 286.839 263.401 4.72149
865 286.832 263.401 4.7268
866 286.826 263.401 4.73201
867 286.82 263.401 4.73724
868 286.815 263.401 4.74255
869 286.809 263.401 4.74782
870 286.804 263.401 4.75308
871 286.798 263.401 4.75831
872 286.792 263.401 4.76351
873 286.786 263.401 4.76877
874 286.78 263.401 4.774
875 286.775 263.401 4.77926
876 286.769 263.401 4.78457
877 286.763 263.401 4.78981
878 286.757 263.401 4.79502
879 286.751 263.401 4.80047
880 286.746 263.401 4.80574
881 286.741 263.401 4.81099
882 286.736 263.401 4.81623
883 286.73 263.401 4.82159
884 286.723 263.401 4.82681
885 286.718 263.401 4.83208
886 286.712 263.401 4.8373
887 286.707 263.401 4.84254
888 286.7 263.401 4.84778
889 286.695 263.401 4.85302
890 286.689 263.401 4.85827
891 286.683 263.401 4.86352
892 286.677 263.401 4.86877
893 286.672 263.401 4.87399
894 286.667 263.401 4.87922
895 286.662 263.401 4.88448
896 286.655 263.401 4.88972
897 286.651 263.401 4.89569
898 286.645 263.401 4.90094
899 286.639 263.401 4.90616
900 286.634 263.401 4.91138
901 286.626 263.401 4.91662
902 286.621 263.401 4.92191
903 286.615 263.401 4.92723
904 286.61 263.401 4.93254
905 286.604 263.401 4.93775
906 286.599 263.401 4.943
907 286.594 263.401 4.94826
908 286.589 263.401 4.95349
909 286.583 263.401 4.95872
910 286.577 263.401 4.96397
911 286.571 263.401 4.96919
912 286.565 263.401 4.97445
913 286.56 263.401 4.97965
914 286.554 263.401 4.98491
915 286.549 263.401 4.99013
916 286.543 263.401 4.99539
917 286.538 263.401 5.0006
918 286.533 263.401 5.00587
919 286.527 263.401 5.01111
920 286.521 263.401 5.01634
921 286.516 263.401 5.02159
922 286.51 263.401 5.02682
923 286.505 263.401 5.03206
924 286.499 263.401 5.03734
925 286.495 263.401 5.04259
926 286.489 263.401 5.04784
927 286.484 263.401 5.05314
928 286.478 263.401 5.05835
929 286.472 263.401 5.06375
930 286.468 263.401 5.06896
931 286.463 263.401 5.0742
932 286.458 263.401 5.07949
933 286.451 263.401 5.08477
934 286.446 263.401 5.09011
935 286.44 263.401 5.09534
936 286.435 263.401 5.1008
937 286.429 263.401 5.10603
938 286.424 263.401 5.11129
939 286.419 263.401 5.11653
940 286.414 263.401 5.12178
941 286.408 263.401 5.12708
942 286.402 263.401 5.13233
943 286.397 263.401 5.13754
944 286.391 263.401 5.14276
945 286.386 263.401 5.14803
946 286.381 263.401 5.15339
947 286.376 263.401 5.15869
948 286.37 263.401 5.16392
949 286.365 263.401 5.16959
950 286.359 263.401 5.17485
951 286.354 263.401 5.18006
952 286.349 263.401 5.18532
953 286.344 263.401 5.19055
954 286.339 263.401 5.19578
955 286.335 263.401 5.20108
956 286.329 263.401 5.2063
957 286.323 263.401 5.21166
958 286.317 263.401 5.21693
959 286.311 263.401 5.22215
960 286.307 263.401 5.2274
961 286.302 263.401 5.23268
962 286.298 263.401 5.23794
963 286.292 263.401 5.2432
964 286.287 263.401 5.24847
965 286.281 263.401 5.25379
966 286.275 263.401 5.25902
967 286.27 263.401 5.26426
968 286.265 263.401 5.26949
969 286.261 263.401 5.27471
970 286.256 263.401 5.27992
971 286.25 263.401 5.28518
972 286.245 263.401 5.29046
973 286.24 263.401 5.2957
974 286.234 263.401 5.3009
975 286.23 263.401 5.30618
976 286.225 263.401 5.3114
977 286.22 263.401 5.31665
978 286.215 263.401 5.3219
979 286.209 263.401 5.32714
980 286.203 263.401 5.33238
981 286.198 263.401 5.33765
982 286.192 263.401 5.34296
983 286.188 263.401 5.34822
984 286.183 263.401 5.35343
985 286.178 263.401 5.35874
986 286.173 263.401 5.36405
987 286.168 263.401 5.36935
988 286.163 263.401 5.37465
989 286.158 263.401 5.37994
990 286.152 263.401 5.38526
991 286.147 263.401 5.39049
992 286.142 263.401 5.39586
993 286.137 263.401 5.40128
994 286.132 263.401 5.40651
995 286.127 263.401 5.41176
996 286.123 263.401 5.41746
997 286.117 263.401 5.42419
998 286.111 263.401 5.43087
999 286.106 263.401 5.43752
1000 286.101 263.401 5.44423
1001 286.095 263.401 5.45022
1002 286.091 263.401 5.45555
1003 286.086 263.401 5.46079
1004 286.082 263.401 5.46601
1005 286.077 263.401 5.47124
1006 286.072 263.401 5.47649
1007 286.067 263.401 5.48177
1008 286.062 263.401 5.48697
1009 286.057 263.401 5.49226
1010 286.052 263.401 5.4975
1011 286.046 263.401 5.50279
1012 286.041 263.401 5.50815
1013 286.036 263.401 5.51338
1014 286.031 263.401 5.51861
1015 286.026 263.401 5.52388
1016 286.021 263.401 5.52911
1017 286.017 263.401 5.53437
1018 286.012 263.401 5.53964
1019 286.007 263.401 5.54486
1020 286.003 263.401 5.55014
1021 285.997 263.401 5.55538
1022 285.992 263.401 5.56072
1023 285.987 263.401 5.56595
1024 285.982 263.401 5.57119
1025 285.977 263.401 5.57646
1026 285.972 263.401 5.58169
1027 285.967 263.401 5.58695
1028 285.962 263.401 5.5922
1029 285.958 263.401 5.5975
1030 285.952 263.401 5.60272
1031 285.948 263.401 5.60797
1032 285.943 263.401 5.61322
1033 285.939 263.401 5.61846
1034 285.934 263.401 5.6237
1035 285.928 263.401 5.62893
1036 285.924 263.401 5.63422
1037 285.919 263.401 5.63951
1038 285.914 263.401 5.64474
1039 285.909 263.401 5.65092
1040 285.904 263.401 5.65616
1041 285.9 263.401 5.66139
1042 285.895 263.401 5.6667
1043 285.89 263.401 5.67191
1044 285.885 263.401 5.67713
1045 285.879 263.401 5.68239
1046 285.875 263.401 5.68761
1047 285.871 263.401 5.69283
1048 285.867 263.401 5.69808
1049 285.863 263.401 5.70334
1050 285.857 263.401 5.70861
1051 285.852 263.401 5.71384
1052 285.848 263.401 5.71908
1053 285.842 263.401 5.72429
1054 285.837 263.401 5.72953
1055 285.832 263.401 5.73479
1056 285.829 263.401 5.74004
1057 285.824 263.401 5.7453
1058 285.82 263.401 5.75053
1059 285.814 263.401 5.75576
1060 285.808 263.401 5.76101
1061 285.803 263.401 5.76625
1062 285.799 263.401 5.77147
1063 285.794 263.401 5.77677
1064 285.79 263.401 5.78202
1065 285.786 263.401 5.78731
1066 285.782 263.401 5.79257
1067 285.776 263.401 5.79779
1068 285.771 263.401 5.80305
1069 285.766 263.401 5.80824
1070 285.761 263.401 5.81349
1071 285.757 263.401 5.81874
1072 285.753 263.401 5.82402
1073 285.748 263.401 5.82923
1074 285.743 263.401 5.83449
1075 285.739 263.401 5.83971
1076 285.733 263.401 5.84492
1077 285.729 263.401 5.85013
1078 285.724 263.401 5.85536
1079 285.72 263.401 5.86063
1080 285.716 263.401 5.86593
1081 285.711 263.401 5.87117
1082 285.707 263.401 5.87641
1083 285.702 263.401 5.88168
1084 285.698 263.401 5.8869
1085 285.694 263.401 5.89214
1086 285.688 263.401 5.89738
1087 285.683 263.401 5.90264
1088 285.679 263.401 5.90787
1089 285.674 263.401 5.91314
1090 285.67 263.401 5.91841
1091 285.664 263.401 5.92365
1092 285.66 263.401 5.92887
1093 285.655 263.401 5.93429
1094 285.651 263.401 5.93954
1095 285.646 263.401 5.94477
1096 285.642 263.401 5.95002
1097 285.637 263.401 5.95527
1098 285.632 263.401 5.96055
1099 285.629 263.401 5.96582
1100 285.623 263.401 5.97104
1101 285.619 263.401 5.97636
1102 285.615 263.401 5.98163
1103 285.61 263.401 5.98686
1104 285.605 263.401 5.99211
1105 285.602 263.401 5.99737
1106 285.597 263.401 6.0026
1107 285.592 263.401 6.00782
1108 285.588 263.401 6.01305
1109 285.583 263.401 6.01849
1110 285.578 263.401 6.02376
1111 285.574 263.401 6.02901
1112 285.569 263.401 6.03426
1113 285.565 263.401 6.03952
1114 285.561 263.401 6.0448
1115 285.557 263.401 6.05008
1116 285.553 263.401 6.05534
1117 285.548 263.401 6.06059
1118 285.544 263.401 6.06585
1119 285.539 263.401 6.07109
1120 285.536 263.401 6.07635
1121 285.53 263.401 6.08169
1122 285.524 263.401 6.08691
1123 285.521 263.401 6.09215
1124 285.517 263.401 6.09743
1125 285.511 263.401 6.10273
1126 285.507 263.401 6.10797
1127 285.503 263.401 6.11317
1128 285.498 263.401 6.11847
1129 285.495 263.401 6.12369
1130 285.49 263.401 6.12891
1131 285.485 263.401 6.13417
1132 285.481 263.401 6.13943
1133 285.477 263.401 6.14464
1134 285.473 263.401 6.14996
1135 285.468 263.401 6.15517
1136 285.464 263.401 6.16043
1137 285.46 263.401 6.16571
1138 285.456 263.401 6.171
1139 285.451 263.401 6.17623
1140 285.446 263.401 6.18153
1141 285.441 263.401 6.18677
1142 285.437 263.401 6.19202
1143 285.433 263.401 6.19731
1144 285.428 263.401 6.20258
1145 285.424 263.401 6.20787
1146 285.42 263.401 6.21391
1147 285.416 263.401 6.21995
1148 285.412 263.401 6.22599
1149 285.408 263.401 6.23201
1150 285.403 263.401 6.2382
1151 285.399 263.401 6.24426
1152 285.394 263.401 6.25095
1153 285.389 263.401 6.25632
1154 285.386 263.401 6.26164
1155 285.382 263.401 6.26692
1156 285.377 263.401 6.27218
1157 285.372 263.401 6.27793
1158 285.368 263.401 6.28318
1159 285.364 263.401 6.28846
1160 285.358 263.401 6.2937
1161 285.354 263.401 6.29897
1162 285.35 263.401 6.30422
1163 285.346 263.401 6.30951
1164 285.343 263.401 6.31476
1165 285.339 263.401 6.32001
1166 285.335 263.401 6.32611
1167 285.33 263.401 6.33224
1168 285.325 263.401 6.33752
1169 285.321 263.401 6.34276
1170 285.317 263.401 6.34802
1171 285.313 263.401 6.35328
1172 285.308 263.401 6.35853
1173 285.304 263.401 6.36383
1174 285.3 263.401 6.36907
1175 285.296 263.401 6.37434
1176 285.291 263.401 6.37955
1177 285.287 263.401 6.38479
1178 285.283 263.401 6.39007
1179 285.278 263.401 6.39533
1180 285.274 263.401 6.40054
1181 285.27 263.401 6.40576
1182 285.266 263.401 6.41099
1183 285.262 263.401 6.41705
1184 285.258 263.401 6.42234
1185 285.254 263.401 6.42756
1186 285.25 263.401 6.43284
1187 285.247 263.401 6.4381
1188 285.242 263.401 6.44331
1189 285.237 263.401 6.44863
1190 285.233 263.401 6.45383
1191 285.228 263.401 6.45908
1192 285.225 263.401 6.46431
1193 285.22 263.401 6.46962
1194 285.216 263.401 6.47491
1195 285.213 263.401 6.48015
1196 285.208 263.401 6.48539
1197 285.205 263.401 6.49071
1198 285.2 263.401 6.49645
1199 285.196 263.401 6.50166
1200 285.192 263.401 6.50692
1201 285.188 263.401 6.51221
1202 285.184 263.401 6.51747
1203 285.181 263.401 6.52276
1204 285.175 263.401 6.52829
1205 285.171 263.401 6.53352
1206 285.167 263.401 6.53899
1207 285.163 263.401 6.5445
1208 285.159 263.401 6.54973
1209 285.154 263.401 6.55496
1210 285.151 263.401 6.5602
1211 285.146 263.401 6.56548
1212 285.142 263.401 6.57073
1213 285.138 263.401 6.57598
1214 285.134 263.401 6.58174
1215 285.13 263.401 6.58699
1216 285.126 263.401 6.59221
1217 285.122 263.401 6.59743
1218 285.118 263.401 6.60274
1219 285.114 263.401 6.608
1220 285.111 263.401 6.61324
1221 285.106 263.401 6.61854
1222 285.103 263.401 6.62378
1223 285.098 263.401 6.62903
1224 285.095 263.401 6.63431
1225 285.091 263.401 6.63952
1226 285.087 263.401 6.64475
1227 285.083 263.401 6.65007
1228 285.078 263.401 6.65537
1229 285.074 263.401 6.66062
1230 285.069 263.401 6.66587
1231 285.066 263.401 6.67113
1232 285.062 263.401 6.67636
1233 285.057 263.401 6.68159
1234 285.054 263.401 6.68681
1235 285.049 263.401 6.69208
1236 285.046 263.401 6.69737
1237 285.042 263.401 6.70263
1238 285.037 263.401 6.70813
1239 285.034 263.401 6.71333
1240 285.03 263.401 6.71864
1241 285.027 263.401 6.72395
1242 285.022 263.401 6.72918
1243 285.019 263.401 6.73444
1244 285.015 263.401 6.74001
1245 285.011 263.401 6.7453
1246 285.007 263.401 6.75056
1247 285.003 263.401 6.7558
1248 284.998 263.401 6.76109
1249 284.994 263.401 6.76658
1250 284.99 263.401 6.77184
1251 284.987 263.401 6.77709
1252 284.983 263.401 6.78238
1253 284.98 263.401 6.78761
1254 284.976 263.401 6.79291
1255 284.971 263.401 6.79821
1256 284.968 263.401 6.80349
1257 284.963 263.401 6.80873
1258 284.959 263.401 6.81398
1259 284.954 263.401 6.81922
1260 284.951 263.401 6.82449
1261 284.946 263.401 6.82976
1262 284.943 263.401 6.83508
1263 284.939 263.401 6.84031
1264 284.936 263.401 6.84554
1265 284.932 263.401 6.85079
1266 284.929 263.401 6.85605
1267 284.926 263.401 6.86136
1268 284.922 263.401 6.86666
1269 284.918 263.401 6.87192
1270 284.914 263.401 6.87715
1271 284.91 263.401 6.88239
1272 284.906 263.401 6.88763
1273 284.901 263.401 6.89286
1274 284.898 263.401 6.8981
1275 284.894 263.401 6.90339
1276 284.891 263.401 6.90864
1277 284.887 263.401 6.91394
1278 284.882 263.401 6.91948
1279 284.879 263.401 6.92472
1280 284.875 263.401 6.93007
1281 284.871 263.401 6.93534
1282 284.867 263.401 6.94066
1283 284.864 263.401 6.94593
1284 284.859 263.401 6.95113
1285 284.855 263.401 6.95637
1286 284.852 263.401 6.96163
1287 284.849 263.401 6.96683
1288 284.844 263.401 6.97211
1289 284.841 263.401 6.97735
1290 284.836 263.401 6.9826
1291 284.833 263.401 6.98781
1292 284.83 263.401 6.99306
1293 284.825 263.401 6.99831
1294 284.822 263.401 7.0036
1295 284.819 263.401 7.00883
1296 284.815 263.401 7.01411
1297 284.81 263.401 7.01937
1298 284.807 263.401 7.02458
1299 284.802 263.401 7.02981
1300 284.799 263.401 7.03506
1301 284.794 263.401 7.04031
1302 284.79 263.401 7.04558
1303 284.787 263.401 7.05083
1304 284.783 263.401 7.05608
1305 284.778 263.401 7.06132
1306 284.775 263.401 7.06664
1307 284.772 263.401 7.07184
1308 284.769 263.401 7.07705
1309 284.766 263.401 7.08232
1310 284.763 263.401 7.08753
1311 284.759 263.401 7.09279
1312 284.755 263.401 7.09804
1313 284.751 263.401 7.1034
1314 284.747 263.401 7.10866
1315 284.742 263.401 7.11389
1316 284.739 263.401 7.11914
1317 284.735 263.401 7.12438
1318 284.732 263.401 7.12959
1319 284.729 263.401 7.13485
1320 284.725 263.401 7.14016
1321 284.721 263.401 7.14549
1322 284.717 263.401 7.15094
1323 284.714 263.401 7.15614
1324 284.709 263.401 7.16144
1325 284.706 263.401 7.16679
1326 284.702 263.401 7.17202
1327 284.698 263.401 7.17726
1328 284.695 263.401 7.18249
1329 284.692 263.401 7.18771
1330 284.688 263.401 7.19294
1331 284.684 263.401 7.19819
1332 284.68 263.401 7.20368
1333 284.676 263.401 7.20894
1334 284.673 263.401 7.21416
1335 284.67 263.401 7.21942
1336 284.666 263.401 7.22468
1337 284.662 263.401 7.22992
1338 284.659 263.401 7.23519
1339 284.655 263.401 7.2404
1340 284.651 263.401 7.24565
1341 284.648 263.401 7.25088
1342 284.645 263.401 7.25611
1343 284.642 263.401 7.26134
1344 284.639 263.401 7.26668
1345 284.635 263.401 7.2719
1346 284.631 263.401 7.27712
1347 284.627 263.401 7.28236
1348 284.623 263.401 7.28756
1349 284.62 263.401 7.29279
1350 284.616 263.401 7.29804
1351 284.612 263.401 7.30324
1352 284.608 263.401 7.3085
1353 284.604 263.401 7.31376
1354 284.601 263.401 7.319
1355 284.599 263.401 7.32427
1356 284.595 263.401 7.32949
1357 284.591 263.401 7.33474
1358 284.587 263.401 7.34
1359 284.584 263.401 7.34597
1360 284.581 263.401 7.35201
1361 284.577 263.401 7.35772
1362 284.572 263.401 7.36376
1363 284.57 263.401 7.36985
1364 284.566 263.401 7.37588
1365 284.562 263.401 7.38192
1366 284.559 263.401 7.38797
1367 284.555 263.401 7.394
1368 284.551 263.401 7.40006
1369 284.548 263.401 7.40609
1370 284.545 263.401 7.41213
1371 284.541 263.401 7.41816
1372 284.538 263.401 7.42421
1373 284.534 263.401 7.42978
1374 284.531 263.401 7.43549
1375 284.527 263.401 7.4408
1376 284.524 263.401 7.44607
1377 284.521 263.401 7.45128
1378 284.516 263.401 7.45655
1379 284.513 263.401 7.46176
1380 284.509 263.401 7.467
1381 284.507 263.401 7.47226
1382 284.503 263.401 7.47748
1383 284.5 263.401 7.48275
1384 284.497 263.401 7.48801
1385 284.493 263.401 7.49327
1386 284.489 263.401 7.49885
1387 284.485 263.401 7.50411
1388 284.482 263.401 7.50934
1389 284.478 263.401 7.51458
1390 284.475 263.401 7.51987
1391 284.471 263.401 7.52508
1392 284.468 263.401 7.53037
1393 284.465 263.401 7.53573
1394 284.462 263.401 7.54099
1395 284.458 263.401 7.54635
1396 284.455 263.401 7.55157
1397 284.452 263.401 7.55685
1398 284.448 263.401 7.56212
1399 284.445 263.401 7.56743
1400 284.441 263.401 7.57273
1401 284.438 263.401 7.57794
1402 284.434 263.401 7.58382
1403 284.431 263.401 7.5891
1404 284.428 263.401 7.59431
1405 284.425 263.401 7.59955
1406 284.42 263.401 7.60484
1407 284.418 263.401 7.61007
1408 284.414 263.401 7.6153
1409 284.41 263.401 7.62052
1410 284.407 263.401 7.62577
1411 284.404 263.401 7.63102
1412 284.4 263.401 7.63627
1413 284.397 263.401 7.64155
1414 284.394 263.401 7.64676
1415 284.392 263.401 7.65295
1416 284.388 263.401 7.65827
1417 284.384 263.401 7.66353
1418 284.381 263.401 7.66876
1419 284.378 263.401 7.67399
1420 284.375 263.401 7.67924
1421 284.371 263.401 7.68449
1422 284.367 263.401 7.6897
1423 284.364 263.401 7.69492
1424 284.36 263.401 7.70016
1425 284.357 263.401 7.7054
1426 284.353 263.401 7.7106
1427 284.349 263.401 7.71582
1428 284.346 263.401 7.72106
1429 284.342 263.401 7.72632
1430 284.339 263.401 7.73156
1431 284.335 263.401 7.73681
1432 284.332 263.401 7.74204
1433 284.329 263.401 7.74737
1434 284.326 263.401 7.75262
1435 284.322 263.401 7.75797
1436 284.32 263.401 7.76318
1437 284.317 263.401 7.76839
1438 284.313 263.401 7.77362
1439 284.31 263.401 7.77887
1440 284.307 263.401 7.78411
1441 284.303 263.401 7.78948
1442 284.3 263.401 7.79475
1443 284.297 263.401 7.79996
1444 284.294 263.401 7.8052
1445 284.291 263.401 7.81083
1446 284.287 263.401 7.81621
1447 284.283 263.401 7.82141
1448 284.281 263.401 7.82665
1449 284.277 263.401 7.83191
1450 284.273 263.401 7.83713
1451 284.27 263.401 7.84235
1452 284.267 263.401 7.84807
1453 284.263 263.401 7.85334
1454 284.259 263.401 7.85855
1455 284.256 263.401 7.86378
1456 284.253 263.401 7.86911
1457 284.25 263.401 7.87433
1458 284.247 263.401 7.87953
1459 284.244 263.401 7.88473
1460 284.241 263.401 7.88998
1461 284.238 263.401 7.89522
1462 284.234 263.401 7.90046
1463 284.231 263.401 7.90568
1464 284.228 263.401 7.91096
1465 284.224 263.401 7.91625
1466 284.221 263.401 7.92148
1467 284.218 263.401 7.92675
1468 284.215 263.401 7.93201
1469 284.212 263.401 7.93724
1470 284.208 263.401 7.94247
1471 284.205 263.401 7.94772
1472 284.201 263.401 7.95298
1473 284.197 263.401 7.95819
1474 284.194 263.401 7.96341
1475 284.192 263.401 7.96865
1476 284.189 263.401 7.97391
1477 284.185 263.401 7.97916
1478 284.183 263.401 7.9844
1479 284.179 263.401 7.98969
1480 284.177 263.401 7.99493
1481 284.174 263.401 8.00015
1482 284.171 263.401 8.00545
1483 284.168 263.401 8.01069
1484 284.166 263.401 8.01592
1485 284.161 263.401 8.02113
1486 284.158 263.401 8.02642
1487 284.155 263.401 8.03164
1488 284.152 263.401 8.03685
1489 284.149 263.401 8.04212
1490 284.144 263.401 8.04733
1491 284.141 263.401 8.05255
1492 284.139 263.401 8.05785
1493 284.135 263.401 8.06309
1494 284.132 263.401 8.06833
1495 284.129 263.401 8.07368
1496 284.126 263.401 8.07889
1497 284.123 263.401 8.08407
1498 284.12 263.401 8.08936
1499 284.117 263.401 8.09462
1500 284.114 263.401 8.09997
1501 284.11 263.401 8.1052
1502 284.107 263.401 8.11046
1503 284.103 263.401 8.11575
1504 284.101 263.401 8.12097
1505 284.097 263.401 8.12621
1506 284.095 263.401 8.13143
1507 284.092 263.401 8.13665
1508 284.088 263.401 8.14196
1509 284.086 263.401 8.14725
1510 284.083 263.401 8.15286
1511 284.079 263.401 8.15812
1512 284.076 263.401 8.16331
1513 284.073 263.401 8.16857
1514 284.07 263.401 8.17379
1515 284.067 263.401 8.17904
1516 284.063 263.401 8.18429
1517 284.06 263.401 8.18955
1518 284.057 263.401 8.19481
1519 284.054 263.401 8.20008
1520 284.051 263.401 8.20536
1521 284.048 263.401 8.2106
1522 284.045 263.401 8.21585
1523 284.043 263.401 8.2211
1524 284.04 263.401 8.22633
1525 284.037 263.401 8.23158
1526 284.034 263.401 8.23679
1527 284.03 263.401 8.24206
1528 284.027 263.401 8.24733
1529 284.025 263.401 8.25257
1530 284.022 263.401 8.25782
1531 284.018 263.401 8.26303
1532 284.016 263.401 8.26829
1533 284.012 263.401 8.27361
1534 284.01 263.401 8.27887
1535 284.007 263.401 8.28413
1536 284.003 263.401 8.28936
1537 283.999 263.401 8.29462
1538 283.996 263.401 8.29988
1539 283.993 263.401 8.30514
1540 283.989 263.401 8.31042
1541 283.986 263.401 8.3157
1542 283.984 263.401 8.32091
1543 283.981 263.401 8.32616
1544 283.978 263.401 8.33142
1545 283.976 263.401 8.33665
1546 283.973 263.401 8.34205
1547 283.97 263.401 8.34754
1548 283.966 263.401 8.35287
1549 283.963 263.401 8.35809
1550 283.959 263.401 8.36343
1551 283.957 263.401 8.36871
1552 283.954 263.401 8.37397
1553 283.95 263.401 8.37925
1554 283.947 263.401 8.38477
1555 283.944 263.401 8.39004
1556 283.941 263.401 8.39532
1557 283.938 263.401 8.40054
1558 283.936 263.401 8.40593
1559 283.933 263.401 8.41121
1560 283.929 263.401 8.41642
1561 283.927 263.401 8.42167
1562 283.925 263.401 8.42692
1563 283.921 263.401 8.43216
1564 283.918 263.401 8.43739
1565 283.915 263.401 8.44266
1566 283.912 263.401 8.44794
1567 283.909 263.401 8.4532
1568 283.907 263.401 8.45845
1569 283.904 263.401 8.46367
1570 283.9 263.401 8.46893
1571 283.897 263.401 8.47419
1572 283.894 263.401 8.47953
1573 283.89 263.401 8.48474
1574 283.887 263.401 8.48999
1575 283.885 263.401 8.49538
1576 283.882 263.401 8.50099
1577 283.879 263.401 8.50623
1578 283.877 263.401 8.51148
1579 283.873 263.401 8.51671
1580 283.87 263.401 8.52196
1581 283.868 263.401 8.52717
1582 283.866 263.401 8.53238
1583 283.862 263.401 8.53766
1584 283.858 263.401 8.54287
1585 283.856 263.401 8.54813
1586 283.853 263.401 8.55359
1587 283.85 263.401 8.55884
1588 283.847 263.401 8.56406
1589 283.845 263.401 8.56927
1590 283.842 263.401 8.5745
1591 283.839 263.401 8.57977
1592 283.836 263.401 8.58501
1593 283.833 263.401 8.59024
1594 283.83 263.401 8.59547
1595 283.827 263.401 8.6007
1596 283.825 263.401 8.60593
1597 283.823 263.401 8.61116
1598 283.82 263.401 8.61643
1599 283.817 263.401 8.62167
1600 283.814 263.401 8.62696
1601 283.81 263.401 8.63221
1602 283.808 263.401 8.6374
1603 283.804 263.401 8.64266
1604 283.801 263.401 8.6479
1605 283.798 263.401 8.65414
1606 283.795 263.401 8.65939
1607 283.792 263.401 8.66462
1608 283.79 263.401 8.6699
1609 283.787 263.401 8.67516
1610 283.784 263.401 8.68039
1611 283.781 263.401 8.68564
1612 283.778 263.401 8.69097
1613 283.775 263.401 8.69619
1614 283.773 263.401 8.70152
1615 283.769 263.401 8.70676
1616 283.766 263.401 8.71195
1617 283.764 263.401 8.71722
1618 283.761 263.401 8.72245
1619 283.759 263.401 8.72772
1620 283.756 263.401 8.73298
1621 283.753 263.401 8.73822
1622 283.751 263.401 8.74347
1623 283.748 263.401 8.7487
1624 283.745 263.401 8.75424
1625 283.742 263.401 8.75949
1626 283.739 263.401 8.76476
1627 283.736 263.401 8.76997
1628 283.734 263.401 8.77521
1629 283.731 263.401 8.78048
1630 283.728 263.401 8.78571
1631 283.726 263.401 8.79096
1632 283.723 263.401 8.79619
1633 283.719 263.401 8.80141
1634 283.717 263.401 8.80666
1635 283.714 263.401 8.8119
1636 283.711 263.401 8.81709
1637 283.707 263.401 8.82239
1638 283.705 263.401 8.82762
1639 283.702 263.401 8.83287
1640 283.699 263.401 8.83812
1641 283.697 263.401 8.84337
1642 283.694 263.401 8.84861
1643 283.691 263.401 8.85383
1644 283.688 263.401 8.8591
1645 283.686 263.401 8.8643
1646 283.684 263.401 8.86953
1647 283.681 263.401 8.8748
1648 283.677 263.401 8.88006
1649 283.675 263.401 8.88525
1650 283.673 263.401 8.89049
1651 283.669 263.401 8.89571
1652 283.666 263.401 8.90096
1653 283.664 263.401 8.90621
1654 283.661 263.401 8.91148
1655 283.658 263.401 8.91676
1656 283.656 263.401 8.922
1657 283.653 263.401 8.92723
1658 283.65 263.401 8.93248
1659 283.648 263.401 8.9377
1660 283.645 263.401 8.94294
1661 283.642 263.401 8.94817
1662 283.64 263.401 8.95339
1663 283.637 263.401 8.95869
1664 283.635 263.401 8.96394
1665 283.632 263.401 8.96925
1666 283.628 263.401 8.97448
1667 283.625 263.401 8.97971
1668 283.624 263.401 8.98497
1669 283.62 263.401 8.9903
1670 283.617 263.401 8.99562
1671 283.615 263.401 9.00087
1672 283.612 263.401 9.00614
1673 283.61 263.401 9.01138
1674 283.608 263.401 9.0166
1675 283.605 263.401 9.02186
1676 283.602 263.401 9.02715
1677 283.599 263.401 9.03243
1678 283.597 263.401 9.03766
1679 283.594 263.401 9.04291
1680 283.591 263.401 9.04816
1681 283.589 263.401 9.05343
1682 283.585 263.401 9.05866
1683 283.582 263.401 9.06393
1684 283.58 263.401 9.06915
1685 283.577 263.401 9.07444
1686 283.574 263.401 9.07966
1687 283.571 263.401 9.08494
1688 283.568 263.401 9.09082
1689 283.566 263.401 9.09605
1690 283.563 263.401 9.10136
1691 283.56 263.401 9.1066
1692 283.558 263.401 9.11183
1693 283.555 263.401 9.11708
1694 283.552 263.401 9.12237
1695 283.549 263.401 9.12762
1696 283.546 263.401 9.13289
1697 283.545 263.401 9.13811
1698 283.543 263.401 9.14333
1699 283.54 263.401 9.14857
1700 283.537 263.401 9.15403
1701 283.534 263.401 9.15941
1702 283.532 263.401 9.16462
1703 283.53 263.401 9.16986
1704 283.527 263.401 9.17514
1705 283.524 263.401 9.18036
1706 283.521 263.401 9.1856
1707 283.518 263.401 9.19085
1708 283.515 263.401 9.19603
1709 283.513 263.401 9.20126
1710 283.51 263.401 9.20652
1711 283.508 263.401 9.21181
1712 283.505 263.401 9.21708
1713 283.502 263.401 9.22233
1714 283.5 263.401 9.22757
1715 283.498 263.401 9.23286
1716 283.495 263.401 9.23807
1717 283.492 263.401 9.24339
1718 283.49 263.401 9.24863
1719 283.487 263.401 9.25391
1720 283.484 263.401 9.25912
1721 283.481 263.401 9.26437
1722 283.479 263.401 9.26961
1723 283.476 263.401 9.27486
1724 283.474 263.401 9.28008
1725 283.47 263.401 9.28538
1726 283.468 263.401 9.29067
1727 283.465 263.401 9.29593
1728 283.463 263.401 9.30146
1729 283.461 263.401 9.30672
1730 283.459 263.401 9.31191
1731 283.457 263.401 9.31715
1732 283.454 263.401 9.32277
1733 283.451 263.401 9.32823
1734 283.448 263.401 9.33369
1735 283.446 263.401 9.33915
1736 283.443 263.401 9.34489
1737 283.44 263.401 9.35105
1738 283.438 263.401 9.35712
1739 283.435 263.401 9.36323
1740 283.432 263.401 9.36971
1741 283.43 263.401 9.3767
1742 283.428 263.401 9.38279
1743 283.425 263.401 9.38889
1744 283.423 263.401 9.39411
1745 283.42 263.401 9.40023
1746 283.418 263.401 9.40552
1747 283.414 263.401 9.4109
1748 283.412 263.401 9.4166
1749 283.409 263.401 9.42188
1750 283.407 263.401 9.4273
1751 283.404 263.401 9.43303
1752 283.401 263.401 9.43829
1753 283.399 263.401 9.44365
1754 283.396 263.401 9.44917
1755 283.394 263.401 9.4544
1756 283.392 263.401 9.46005
1757 283.389 263.401 9.46572
1758 283.387 263.401 9.47095
1759 283.384 263.401 9.47691
1760 283.382 263.401 9.48267
1761 283.379 263.401 9.48793
1762 283.376 263.401 9.49353
1763 283.374 263.401 9.49921
1764 283.371 263.401 9.50472
1765 283.369 263.401 9.51049
1766 283.366 263.401 9.51633
1767 283.364 263.401 9.52157
1768 283.362 263.401 9.52733
1769 283.359 263.401 9.53321
1770 283.356 263.401 9.53845
1771 283.354 263.401 9.54427
1772 283.351 263.401 9.55016
1773 283.349 263.401 9.55555
1774 283.347 263.401 9.56118
1775 283.344 263.401 9.56703
1776 283.341 263.401 9.57236
1777 283.339 263.401 9.57785
1778 283.337 263.401 9.58369
1779 283.334 263.401 9.58907
1780 283.331 263.401 9.59449
1781 283.329 263.401 9.60066
1782 283.327 263.401 9.60611
1783 283.324 263.401 9.61146
1784 283.322 263.401 9.61744
1785 283.319 263.401 9.62283
1786 283.316 263.401 9.62888
1787 283.314 263.401 9.63467
1788 283.312 263.401 9.64026
1789 283.31 263.401 9.64548
1790 283.307 263.401 9.65111
1791 283.305 263.401 9.65666
1792 283.303 263.401 9.66211
1793 283.299 263.401 9.66776
1794 283.297 263.401 9.67324
1795 283.295 263.401 9.67847
1796 283.292 263.401 9.68425
1797 283.29 263.401 9.68975
1798 283.288 263.401 9.69505
1799 283.285 263.401 9.70087
1800 283.282 263.401 9.70654
1801 283.28 263.401 9.71176
1802 283.278 263.401 9.71753
1803 283.276 263.401 9.72307
1804 283.273 263.401 9.72828
1805 283.271 263.401 9.73409
1806 283.269 263.401 9.73956
1807 283.266 263.401 9.74484
1808 283.262 263.401 9.75049
1809 283.26 263.401 9.7559
1810 283.258 263.401 9.7613
1811 283.255 263.401 9.76707
1812 283.253 263.401 9.77252
1813 283.251 263.401 9.77782
1814 283.249 263.401 9.78364
1815 283.247 263.401 9.78893
1816 283.244 263.401 9.7942
1817 283.241 263.401 9.79997
1818 283.239 263.401 9.80527
1819 283.236 263.401 9.81115
1820 283.233 263.401 9.81739
1821 283.232 263.401 9.82319
1822 283.229 263.401 9.8285
1823 283.227 263.401 9.83429
1824 283.225 263.401 9.83986
1825 283.223 263.401 9.84529
1826 283.22 263.401 9.85102
1827 283.218 263.401 9.85657
1828 283.216 263.401 9.86186
1829 283.213 263.401 9.86773
1830 283.211 263.401 9.87335
1831 283.208 263.401 9.8786
1832 283.206 263.401 9.8844
1833 283.204 263.401 9.89011
1834 283.201 263.401 9.89535
1835 283.198 263.401 9.90143
1836 283.196 263.401 9.90718
1837 283.194 263.401 9.91325
1838 283.191 263.401 9.91888
1839 283.189 263.401 9.9247
1840 283.186 263.401 9.93003
1841 283.184 263.401 9.93554
1842 283.182 263.401 9.94129
1843 283.18 263.401 9.94653
1844 283.177 263.401 9.95206
1845 283.175 263.401 9.95775
1846 283.173 263.401 9.96308
1847 283.17 263.401 9.96856
1848 283.168 263.401 9.97434
1849 283.165 263.401 9.97956
1850 283.163 263.401 9.98506
1851 283.161 263.401 9.99074
1852 283.159 263.401 9.99652
1853 283.156 263.401 10.0022
1854 283.153 263.401 10.0092
1855 283.151 263.401 10.0147
1856 283.149 263.401 10.02
1857 283.147 263.401 10.0257
1858 283.145 263.401 10.0312
1859 283.142 263.401 10.0364
1860 283.14 263.401 10.042
1861 283.137 263.401 10.0474
1862 283.135 263.401 10.0527
1863 283.132 263.401 10.0583
1864 283.13 263.401 10.0636
1865 283.128 263.401 10.0689
1866 283.125 263.401 10.0744
1867 283.123 263.401 10.0797
1868 283.121 263.401 10.0851
1869 283.118 263.401 10.0907
1870 283.116 263.401 10.0959
1871 283.114 263.401 10.1017
1872 283.112 263.401 10.1073
1873 283.109 263.401 10.1126
1874 283.108 263.401 10.1183
1875 283.105 263.401 10.1239
1876 283.103 263.401 10.1291
1877 283.101 263.401 10.1347
1878 283.098 263.401 10.1403
1879 283.096 263.401 10.1455
1880 283.094 263.401 10.1515
1881 283.091 263.401 10.1572
1882 283.089 263.401 10.1625
1883 283.087 263.401 10.1681
1884 283.085 263.401 10.1736
1885 283.082 263.401 10.179
1886 283.081 263.401 10.1845
1887 283.078 263.401 10.1898
1888 283.076 263.401 10.1951
1889 283.073 263.401 10.2003
1890 283.07 263.401 10.2056
1891 283.069 263.401 10.2109
1892 283.066 263.401 10.2162
1893 283.064 263.401 10.2214
1894 283.062 263.401 10.2266
1895 283.06 263.401 10.2319
1896 283.058 263.401 10.2372
1897 283.055 263.401 10.2424
1898 283.053 263.401 10.2477
1899 283.051 263.401 10.2529
1900 283.049 263.401 10.2582
1901 283.047 263.401 10.2634
1902 283.044 263.401 10.2686
1903 283.043 263.401 10.2739
1904 283.041 263.401 10.2792
1905 283.038 263.401 10.2844
1906 283.035 263.401 10.2896
1907 283.034 263.401 10.2949
1908 283.032 263.401 10.3001
1909 283.03 263.401 10.3054
1910 283.027 263.401 10.3116
1911 283.024 263.401 10.3169
1912 283.021 263.401 10.3223
1913 283.019 263.401 10.3275
1914 283.017 263.401 10.3328
1915 283.015 263.401 10.338
1916 283.011 263.401 10.3432
1917 283.01 263.401 10.3485
1918 283.007 263.401 10.3537
1919 283.005 263.401 10.359
1920 283.004 263.401 10.3643
1921 283.001 263.401 10.3695
1922 282.999 263.401 10.3748
1923 282.997 263.401 10.38
1924 282.994 263.401 10.3852
1925 282.992 263.401 10.3905
1926 282.99 263.401 10.3958
1927 282.988 263.401 10.401
1928 282.986 263.401 10.4063
1929 282.984 263.401 10.4115
1930 282.981 263.401 10.4168
1931 282.979 263.401 10.4221
1932 282.978 263.401 10.4273
1933 282.975 263.401 10.4325
1934 282.973 263.401 10.4378
1935 282.971 263.401 10.4431
1936 282.969 263.401 10.4483
1937 282.967 263.401 10.4535
1938 282.965 263.401 10.4588
1939 282.963 263.401 10.464
1940 282.96 263.401 10.4693
1941 282.958 263.401 10.4746
1942 282.956 263.401 10.4798
1943 282.954 263.401 10.4851
1944 282.953 263.401 10.4903
1945 282.95 263.401 10.4956
1946 282.948 263.401 10.5008
1947 282.946 263.401 10.5064
1948 282.944 263.401 10.5117
1949 282.942 263.401 10.517
1950 282.94 263.401 10.5223
1951 282.938 263.401 10.5276
1952 282.935 263.401 10.5331
1953 282.931 263.401 10.5384
1954 282.929 263.401 10.5436
1955 282.927 263.401 10.5491
1956 282.925 263.401 10.5543
1957 282.923 263.401 10.5596
1958 282.921 263.401 10.5649
1959 282.919 263.401 10.5701
1960 282.918 263.401 10.5754
1961 282.915 263.401 10.5806
1962 282.913 263.401 10.5858
1963 282.911 263.401 10.5911
1964 282.908 263.401 10.5964
1965 282.907 263.401 10.6016
1966 282.905 263.401 10.6069
1967 282.903 263.401 10.6122
1968 282.9 263.401 10.6174
1969 282.897 263.401 10.6227
1970 282.895 263.401 10.6279
1971 282.893 263.401 10.6332
1972 282.891 263.401 10.6384
1973 282.889 263.401 10.6437
1974 282.887 263.401 10.6489
1975 282.884 263.401 10.6544
1976 282.882 263.401 10.6596
1977 282.88 263.401 10.6648
1978 282.879 263.401 10.6701
1979 282.876 263.401 10.6753
1980 282.874 263.401 10.6806
1981 282.872 263.401 10.6859
1982 282.871 263.401 10.6911
1983 282.868 263.401 10.6964
1984 282.866 263.401 10.7016
1985 282.864 263.401 10.7071
1986 282.861 263.401 10.7123
1987 282.859 263.401 10.7176
1988 282.857 263.401 10.7229
1989 282.855 263.401 10.7281
1990 282.852 263.401 10.7334
1991 282.851 263.401 10.7386
1992 282.849 263.401 10.744
1993 282.847 263.401 10.7492
1994 282.845 263.401 10.7544
1995 282.843 263.401 10.7597
1996 282.841 263.401 10.7649
1997 282.838 263.401 10.7704
1998 282.836 263.401 10.7756
1999 282.834 263.401 10.7809
