iterat. internal-T external-T elapsed-time
0 300 263.401 0.0473419
1 299.93 263.401 0.0936907
2 299.865 263.401 0.139568
3 299.807 263.401 0.18708
4 299.739 263.401 0.233488
5 299.68 263.401 0.262366
6 299.613 263.401 0.291512
7 299.549 263.401 0.320346
8 299.492 263.401 0.353134
9 299.431 263.401 0.381987
10 299.371 263.401 0.411391
11 299.311 263.401 0.440227
12 299.256 263.401 0.469446
13 299.199 263.401 0.49852
14 299.14 263.401 0.527388
15 299.087 263.401 0.556218
16 299.033 263.401 0.587403
17 298.98 263.401 0.616265
18 298.921 263.401 0.645174
19 298.87 263.401 0.674031
20 298.817 263.401 0.702949
21 298.767 263.401 0.731823
22 298.714 263.401 0.760707
23 298.657 263.401 0.78956
24 298.607 263.401 0.818444
25 298.559 263.401 0.84731
26 298.507 263.401 0.876165
27 298.457 263.401 0.905044
28 298.413 263.401 0.935472
29 298.364 263.401 0.971237
30 298.315 263.401 1.00854
31 298.272 263.401 1.05727
32 298.225 263.401 1.09526
33 298.175 263.401 1.1419
34 298.132 263.401 1.18833
35 298.085 263.401 1.22228
36 298.038 263.401 1.25146
37 297.999 263.401 1.28045
38 297.954 263.401 1.31226
39 297.907 263.401 1.34178
40 297.866 263.401 1.37085
41 297.822 263.401 1.39978
42 297.78 263.401 1.42864
43 297.737 263.401 1.45808
44 297.695 263.401 1.48709
45 297.655 263.401 1.52307
46 297.613 263.401 1.55917
47 297.57 263.401 1.58809
48 297.53 263.401 1.61697
49 297.492 263.401 1.64587
50 297.452 263.401 1.67474
51 297.413 263.401 1.70397
52 297.371 263.401 1.73293
53 297.332 263.401 1.76183
54 297.295 263.401 1.79073
55 297.258 263.401 1.81972
56 297.219 263.401 1.84858
57 297.18 263.401 1.87743
58 297.143 263.401 1.90634
59 297.106 263.401 1.94701
60 297.071 263.401 1.99303
61 297.033 263.401 2.03842
62 296.998 263.401 2.08504
63 296.963 263.401 2.13434
64 296.927 263.401 2.18067
65 296.892 263.401 2.2269
66 296.854 263.401 2.27119
67 296.822 263.401 2.31754
68 296.786 263.401 2.36694
69 296.752 263.401 2.41324
70 296.716 263.401 2.46325
71 296.681 263.401 2.50339
72 296.647 263.401 2.54936
73 296.615 263.401 2.59567
74 296.579 263.401 2.64165
75 296.549 263.401 2.68891
76 296.517 263.401 2.72945
77 296.482 263.401 2.77547
78 296.452 263.401 2.82152
79 296.418 263.401 2.8628
80 296.386 263.401 2.89221
81 296.353 263.401 2.92111
82 296.326 263.401 2.95006
83 296.292 263.401 2.99042
84 296.259 263.401 3.02697
85 296.23 263.401 3.05585
86 296.196 263.401 3.08479
87 296.166 263.401 3.1308
88 296.135 263.401 3.17648
89 296.104 263.401 3.21384
90 296.075 263.401 3.26068
91 296.044 263.401 3.3054
92 296.015 263.401 3.35457
93 295.985 263.401 3.38804
94 295.955 263.401 3.41926
95 295.928 263.401 3.45597
96 295.896 263.401 3.4865
97 295.868 263.401 3.51562
98 295.84 263.401 3.54466
99 295.809 263.401 3.57537
100 295.783 263.401 3.60679
101 295.756 263.401 3.63818
102 295.726 263.401 3.66957
103 295.697 263.401 3.70349
104 295.671 263.401 3.73461
105 295.642 263.401 3.76356
106 295.613 263.401 3.79266
107 295.588 263.401 3.82155
108 295.563 263.401 3.85048
109 295.531 263.401 3.88187
110 295.508 263.401 3.91093
111 295.48 263.401 3.93984
112 295.449 263.401 3.96896
113 295.426 263.401 3.99964
114 295.398 263.401 4.02907
115 295.371 263.401 4.05803
116 295.347 263.401 4.0871
117 295.318 263.401 4.11613
118 295.293 263.401 4.14504
119 295.267 263.401 4.17393
120 295.24 263.401 4.20299
121 295.217 263.401 4.23195
122 295.191 263.401 4.26098
123 295.165 263.401 4.29013
124 295.139 263.401 4.31923
125 295.115 263.401 4.34812
126 295.089 263.401 4.37704
127 295.064 263.401 4.40594
128 295.041 263.401 4.43499
129 295.016 263.401 4.46389
130 294.991 263.401 4.49332
131 294.967 263.401 4.52239
132 294.943 263.401 4.55132
133 294.916 263.401 4.58023
134 294.895 263.401 4.60908
135 294.869 263.401 4.6381
136 294.844 263.401 4.66703
137 294.822 263.401 4.69595
138 294.798 263.401 4.72501
139 294.772 263.401 4.75395
140 294.749 263.401 4.78286
141 294.727 263.401 4.81178
142 294.704 263.401 4.84082
143 294.681 263.401 4.86972
144 294.655 263.401 4.89868
145 294.634 263.401 4.92766
146 294.613 263.401 4.95657
147 294.589 263.401 4.98554
148 294.563 263.401 5.01556
149 294.542 263.401 5.04466
150 294.521 263.401 5.07357
151 294.498 263.401 5.1025
152 294.474 263.401 5.13296
153 294.453 263.401 5.16204
154 294.431 263.401 5.19112
155 294.409 263.401 5.22019
156 294.385 263.401 5.24923
157 294.365 263.401 5.27813
158 294.344 263.401 5.30704
159 294.321 263.401 5.33595
160 294.299 263.401 5.36514
161 294.277 263.401 5.3948
162 294.258 263.401 5.42374
163 294.236 263.401 5.45277
164 294.214 263.401 5.48168
165 294.193 263.401 5.51085
166 294.172 263.401 5.53983
167 294.153 263.401 5.56882
168 294.128 263.401 5.59776
169 294.107 263.401 5.62668
170 294.085 263.401 5.65575
171 294.065 263.401 5.68522
172 294.046 263.401 5.71426
173 294.026 263.401 5.74326
174 294.004 263.401 5.77235
175 293.984 263.401 5.80126
176 293.963 263.401 5.83017
177 293.943 263.401 5.85909
178 293.923 263.401 5.88868
179 293.903 263.401 5.91763
180 293.882 263.401 5.94657
181 293.863 263.401 5.97564
182 293.842 263.401 6.00916
183 293.821 263.401 6.04088
184 293.802 263.401 6.08654
185 293.783 263.401 6.11704
186 293.763 263.401 6.14946
187 293.744 263.401 6.17842
188 293.724 263.401 6.20733
189 293.702 263.401 6.23631
190 293.685 263.401 6.26521
191 293.666 263.401 6.29439
192 293.647 263.401 6.32335
193 293.627 263.401 6.35379
194 293.608 263.401 6.38268
195 293.588 263.401 6.41156
196 293.568 263.401 6.44042
197 293.551 263.401 6.4705
198 293.533 263.401 6.49943
199 293.514 263.401 6.52836
200 293.495 263.401 6.55758
201 293.476 263.401 6.58837
202 293.456 263.401 6.61735
203 293.437 263.401 6.64712
204 293.42 263.401 6.67604
205 293.401 263.401 6.70503
206 293.383 263.401 6.73395
207 293.365 263.401 6.76281
208 293.346 263.401 6.79172
209 293.328 263.401 6.82056
210 293.309 263.401 6.84942
211 293.292 263.401 6.87836
212 293.273 263.401 6.90728
213 293.255 263.401 6.93618
214 293.237 263.401 6.96514
215 293.219 263.401 6.99405
216 293.201 263.401 7.02414
217 293.184 263.401 7.05302
218 293.165 263.401 7.0819
219 293.148 263.401 7.11087
220 293.13 263.401 7.13972
221 293.113 263.401 7.17348
222 293.095 263.401 7.20736
223 293.078 263.401 7.23622
224 293.06 263.401 7.26524
225 293.043 263.401 7.29438
226 293.025 263.401 7.32328
227 293.008 263.401 7.35215
228 292.991 263.401 7.38102
229 292.975 263.401 7.40999
230 292.958 263.401 7.43886
231 292.938 263.401 7.46771
232 292.922 263.401 7.49693
233 292.906 263.401 7.52586
234 292.889 263.401 7.55476
235 292.873 263.401 7.58366
236 292.856 263.401 7.61257
237 292.838 263.401 7.64141
238 292.821 263.401 7.67059
239 292.803 263.401 7.69978
240 292.788 263.401 7.72868
241 292.772 263.401 7.75754
242 292.755 263.401 7.78648
243 292.739 263.401 7.81538
244 292.723 263.401 7.84427
245 292.705 263.401 7.87313
246 292.69 263.401 7.90199
247 292.673 263.401 7.93092
248 292.655 263.401 7.95978
249 292.64 263.401 7.98863
250 292.625 263.401 8.01824
251 292.61 263.401 8.04712
252 292.593 263.401 8.07604
253 292.577 263.401 8.10507
254 292.561 263.401 8.13401
255 292.543 263.401 8.16286
256 292.527 263.401 8.19173
257 292.511 263.401 8.22062
258 292.495 263.401 8.24949
259 292.481 263.401 8.27848
260 292.465 263.401 8.30734
261 292.449 263.401 8.33634
262 292.435 263.401 8.36519
263 292.419 263.401 8.39404
264 292.402 263.401 8.42297
265 292.387 263.401 8.45182
266 292.371 263.401 8.48066
267 292.355 263.401 8.50951
268 292.34 263.401 8.53848
269 292.326 263.401 8.56734
270 292.309 263.401 8.59659
271 292.296 263.401 8.62555
272 292.281 263.401 8.65536
273 292.263 263.401 8.68424
274 292.249 263.401 8.71327
275 292.234 263.401 8.74218
276 292.219 263.401 8.77105
277 292.203 263.401 8.79992
278 292.189 263.401 8.82879
279 292.175 263.401 8.85773
280 292.159 263.401 8.8866
281 292.145 263.401 8.91566
282 292.128 263.401 8.94456
283 292.115 263.401 8.97343
284 292.101 263.401 9.00231
285 292.084 263.401 9.0322
286 292.069 263.401 9.06127
287 292.056 263.401 9.09036
288 292.04 263.401 9.11926
289 292.026 263.401 9.14812
290 292.011 263.401 9.17703
291 291.996 263.401 9.20588
292 291.982 263.401 9.23476
293 291.968 263.401 9.2638
294 291.954 263.401 9.29279
295 291.939 263.401 9.32166
296 291.925 263.401 9.35054
297 291.911 263.401 9.38007
298 291.897 263.401 9.40892
299 291.883 263.401 9.44081
300 291.868 263.401 9.47004
301 291.853 263.401 9.50147
302 291.839 263.401 9.53042
303 291.824 263.401 9.56082
304 291.81 263.401 9.58975
305 291.797 263.401 9.61864
306 291.783 263.401 9.6475
307 291.77 263.401 9.67647
308 291.755 263.401 9.71051
309 291.742 263.401 9.73941
310 291.728 263.401 9.76828
311 291.713 263.401 9.79722
312 291.7 263.401 9.82612
313 291.685 263.401 9.85498
314 291.67 263.401 9.88393
315 291.657 263.401 9.91296
316 291.644 263.401 9.94543
317 291.63 263.401 9.97481
318 291.617 263.401 10.0041
319 291.603 263.401 10.0353
320 291.591 263.401 10.0642
321 291.578 263.401 10.0934
322 291.563 263.401 10.1226
323 291.55 263.401 10.1516
324 291.535 263.401 10.1808
325 291.522 263.401 10.2097
326 291.51 263.401 10.2389
327 291.495 263.401 10.2678
328 291.483 263.401 10.2968
329 291.47 263.401 10.3257
330 291.456 263.401 10.3548
331 291.443 263.401 10.3836
332 291.43 263.401 10.4133
333 291.417 263.401 10.4489
334 291.403 263.401 10.4983
335 291.391 263.401 10.5353
336 291.378 263.401 10.5747
337 291.364 263.401 10.6065
338 291.351 263.401 10.6355
339 291.339 263.401 10.6645
340 291.326 263.401 10.6981
341 291.311 263.401 10.727
342 291.298 263.401 10.7561
343 291.287 263.401 10.7849
344 291.273 263.401 10.8138
345 291.26 263.401 10.8427
346 291.248 263.401 10.8732
347 291.235 263.401 10.9109
348 291.222 263.401 10.942
349 291.209 263.401 10.9711
350 291.197 263.401 11.0037
351 291.185 263.401 11.0373
352 291.171 263.401 11.083
353 291.159 263.401 11.1139
354 291.146 263.401 11.1429
355 291.135 263.401 11.1719
356 291.122 263.401 11.2008
357 291.109 263.401 11.2297
358 291.097 263.401 11.2586
359 291.084 263.401 11.2876
360 291.072 263.401 11.3166
361 291.059 263.401 11.3466
362 291.045 263.401 11.3756
363 291.033 263.401 11.4044
364 291.021 263.401 11.4333
365 291.009 263.401 11.4626
366 290.997 263.401 11.4915
367 290.985 263.401 11.5205
368 290.972 263.401 11.5494
369 290.96 263.401 11.5783
370 290.948 263.401 11.6072
371 290.936 263.401 11.636
372 290.925 263.401 11.6649
373 290.913 263.401 11.6941
374 290.9 263.401 11.7232
375 290.889 263.401 11.7522
376 290.876 263.401 11.781
377 290.864 263.401 11.8099
378 290.851 263.401 11.8388
379 290.839 263.401 11.8677
380 290.828 263.401 11.8969
381 290.816 263.401 11.9257
382 290.804 263.401 11.9546
383 290.792 263.401 11.9835
384 290.781 263.401 12.0135
385 290.769 263.401 12.0424
386 290.758 263.401 12.0713
387 290.746 263.401 12.1033
388 290.735 263.401 12.1338
389 290.722 263.401 12.1628
390 290.71 263.401 12.1917
391 290.699 263.401 12.2205
392 290.687 263.401 12.2494
393 290.675 263.401 12.2783
394 290.664 263.401 12.3076
395 290.652 263.401 12.3365
396 290.64 263.401 12.3654
397 290.628 263.401 12.3943
398 290.617 263.401 12.4231
399 290.604 263.401 12.452
400 290.593 263.401 12.4812
401 290.582 263.401 12.5136
402 290.572 263.401 12.5431
403 290.56 263.401 12.5722
404 290.549 263.401 12.6011
405 290.538 263.401 12.6299
406 290.527 263.401 12.6588
407 290.516 263.401 12.6877
408 290.505 263.401 12.7168
409 290.493 263.401 12.7457
410 290.481 263.401 12.7745
411 290.471 263.401 12.8034
412 290.46 263.401 12.8322
413 290.447 263.401 12.8611
414 290.436 263.401 12.89
415 290.425 263.401 12.9191
416 290.413 263.401 12.948
417 290.403 263.401 12.9768
418 290.392 263.401 13.0063
419 290.381 263.401 13.0353
420 290.37 263.401 13.0641
421 290.358 263.401 13.0932
422 290.348 263.401 13.1223
423 290.336 263.401 13.1511
424 290.326 263.401 13.18
425 290.315 263.401 13.209
426 290.305 263.401 13.2379
427 290.294 263.401 13.2668
428 290.282 263.401 13.2958
429 290.271 263.401 13.3247
430 290.26 263.401 13.3535
431 290.25 263.401 13.3866
432 290.239 263.401 13.4165
433 290.228 263.401 13.4454
434 290.217 263.401 13.4758
435 290.207 263.401 13.5049
436 290.195 263.401 13.5338
437 290.184 263.401 13.5627
438 290.174 263.401 13.5916
439 290.164 263.401 13.6204
440 290.154 263.401 13.6493
441 290.143 263.401 13.6782
442 290.132 263.401 13.7076
443 290.121 263.401 13.7366
444 290.111 263.401 13.7655
445 290.1 263.401 13.7943
446 290.09 263.401 13.8232
447 290.08 263.401 13.8543
448 290.068 263.401 13.8833
449 290.058 263.401 13.9267
450 290.049 263.401 13.9557
451 290.038 263.401 13.9845
452 290.028 263.401 14.014
453 290.018 263.401 14.043
454 290.006 263.401 14.0718
455 289.996 263.401 14.1007
456 289.986 263.401 14.1296
457 289.976 263.401 14.1585
458 289.966 263.401 14.1874
459 289.955 263.401 14.2162
460 289.945 263.401 14.2451
461 289.935 263.401 14.2739
462 289.925 263.401 14.3028
463 289.914 263.401 14.3317
464 289.903 263.401 14.3606
465 289.893 263.401 14.3895
466 289.884 263.401 14.4184
467 289.874 263.401 14.4472
468 289.863 263.401 14.4761
469 289.852 263.401 14.505
470 289.842 263.401 14.5339
471 289.833 263.401 14.5627
472 289.823 263.401 14.5916
473 289.814 263.401 14.6204
474 289.803 263.401 14.6493
475 289.792 263.401 14.6782
476 289.783 263.401 14.7071
477 289.773 263.401 14.736
478 289.763 263.401 14.7649
479 289.752 263.401 14.7937
480 289.743 263.401 14.8225
481 289.733 263.401 14.8514
482 289.723 263.401 14.8803
483 289.713 263.401 14.9092
484 289.703 263.401 14.9381
485 289.694 263.401 14.967
486 289.684 263.401 14.9959
487 289.674 263.401 15.0255
488 289.664 263.401 15.0545
489 289.654 263.401 15.0833
490 289.645 263.401 15.1122
491 289.635 263.401 15.141
492 289.625 263.401 15.1699
493 289.615 263.401 15.1988
494 289.605 263.401 15.2277
495 289.595 263.401 15.2566
496 289.587 263.401 15.2854
497 289.578 263.401 15.3143
498 289.567 263.401 15.3432
499 289.557 263.401 15.3721
500 289.548 263.401 15.4018
501 289.539 263.401 15.4316
502 289.53 263.401 15.4623
503 289.52 263.401 15.4917
504 289.51 263.401 15.5209
505 289.501 263.401 15.5499
506 289.492 263.401 15.5787
507 289.481 263.401 15.6076
508 289.472 263.401 15.6365
509 289.463 263.401 15.6653
510 289.454 263.401 15.6944
511 289.444 263.401 15.7233
512 289.435 263.401 15.7522
513 289.426 263.401 15.7811
514 289.416 263.401 15.8099
515 289.407 263.401 15.8388
516 289.398 263.401 15.8677
517 289.387 263.401 15.8968
518 289.379 263.401 15.9257
519 289.37 263.401 15.9546
520 289.36 263.401 15.9852
521 289.35 263.401 16.0179
522 289.341 263.401 16.0629
523 289.332 263.401 16.097
524 289.323 263.401 16.1262
525 289.314 263.401 16.1552
526 289.304 263.401 16.1843
527 289.295 263.401 16.2152
528 289.286 263.401 16.2484
529 289.277 263.401 16.2811
530 289.268 263.401 16.3128
531 289.258 263.401 16.343
532 289.25 263.401 16.3726
533 289.241 263.401 16.4042
534 289.232 263.401 16.435
535 289.223 263.401 16.4649
536 289.213 263.401 16.4939
537 289.204 263.401 16.5241
538 289.195 263.401 16.5555
539 289.187 263.401 16.5864
540 289.177 263.401 16.6153
541 289.168 263.401 16.6441
542 289.159 263.401 16.6766
543 289.15 263.401 16.7058
544 289.142 263.401 16.7347
545 289.133 263.401 16.7635
546 289.124 263.401 16.7925
547 289.114 263.401 16.8214
548 289.106 263.401 16.8503
549 289.096 263.401 16.8791
550 289.089 263.401 16.9099
551 289.08 263.401 16.9388
552 289.071 263.401 16.9678
553 289.062 263.401 16.9967
554 289.053 263.401 17.0265
555 289.044 263.401 17.0554
556 289.036 263.401 17.0861
557 289.027 263.401 17.1204
558 289.019 263.401 17.1493
559 289.009 263.401 17.1782
560 289.001 263.401 17.2084
561 288.992 263.401 17.2395
562 288.983 263.401 17.2709
563 288.974 263.401 17.3016
564 288.966 263.401 17.3332
565 288.957 263.401 17.3638
566 288.948 263.401 17.3934
567 288.94 263.401 17.4224
568 288.931 263.401 17.4513
569 288.921 263.401 17.4829
570 288.913 263.401 17.5122
571 288.905 263.401 17.541
572 288.897 263.401 17.57
573 288.889 263.401 17.5988
574 288.88 263.401 17.6277
575 288.871 263.401 17.6565
576 288.863 263.401 17.6854
577 288.855 263.401 17.715
578 288.847 263.401 17.744
579 288.838 263.401 17.7728
580 288.828 263.401 17.8017
581 288.819 263.401 17.8306
582 288.813 263.401 17.8609
583 288.804 263.401 17.8899
584 288.796 263.401 17.919
585 288.787 263.401 17.948
586 288.778 263.401 17.977
587 288.771 263.401 18.0058
588 288.763 263.401 18.0355
589 288.755 263.401 18.0644
590 288.745 263.401 18.0935
591 288.737 263.401 18.1226
592 288.728 263.401 18.1521
593 288.72 263.401 18.1809
594 288.712 263.401 18.2119
595 288.703 263.401 18.2408
596 288.694 263.401 18.2697
597 288.686 263.401 18.2986
598 288.68 263.401 18.3276
599 288.672 263.401 18.3565
600 288.663 263.401 18.3857
601 288.654 263.401 18.4167
602 288.645 263.401 18.4456
603 288.638 263.401 18.479
604 288.63 263.401 18.508
605 288.622 263.401 18.5368
606 288.613 263.401 18.5658
607 288.606 263.401 18.5947
608 288.597 263.401 18.6236
609 288.59 263.401 18.6528
610 288.581 263.401 18.6818
611 288.572 263.401 18.7108
612 288.564 263.401 18.7397
613 288.557 263.401 18.7686
614 288.549 263.401 18.7974
615 288.542 263.401 18.8264
616 288.533 263.401 18.8552
617 288.524 263.401 18.8841
618 288.517 263.401 18.913
619 288.509 263.401 18.9418
620 288.501 263.401 18.9709
621 288.492 263.401 18.9997
622 288.484 263.401 19.0296
623 288.477 263.401 19.0587
624 288.469 263.401 19.0875
625 288.461 263.401 19.1164
626 288.453 263.401 19.1453
627 288.445 263.401 19.1741
628 288.438 263.401 19.203
629 288.431 263.401 19.2399
630 288.422 263.401 19.2838
631 288.414 263.401 19.3245
632 288.406 263.401 19.3633
633 288.398 263.401 19.3926
634 288.391 263.401 19.4215
635 288.383 263.401 19.4537
636 288.374 263.401 19.4826
637 288.365 263.401 19.5116
638 288.358 263.401 19.5404
639 288.351 263.401 19.5693
640 288.344 263.401 19.5983
641 288.338 263.401 19.6272
642 288.329 263.401 19.6641
643 288.321 263.401 19.697
644 288.313 263.401 19.726
645 288.306 263.401 19.755
646 288.298 263.401 19.784
647 288.289 263.401 19.8128
648 288.282 263.401 19.848
649 288.274 263.401 19.8909
650 288.266 263.401 19.9215
651 288.259 263.401 19.951
652 288.251 263.401 19.9798
653 288.243 263.401 20.0097
654 288.237 263.401 20.0387
655 288.228 263.401 20.0675
656 288.222 263.401 20.0963
657 288.214 263.401 20.1252
658 288.206 263.401 20.1541
659 288.199 263.401 20.183
660 288.191 263.401 20.2119
661 288.184 263.401 20.2408
662 288.176 263.401 20.2697
663 288.168 263.401 20.2986
664 288.16 263.401 20.3275
665 288.153 263.401 20.3564
666 288.146 263.401 20.3852
667 288.139 263.401 20.4149
668 288.132 263.401 20.4438
669 288.123 263.401 20.4726
670 288.116 263.401 20.5015
671 288.108 263.401 20.5304
672 288.102 263.401 20.5593
673 288.094 263.401 20.5882
674 288.086 263.401 20.6171
675 288.079 263.401 20.6459
676 288.071 263.401 20.6748
677 288.065 263.401 20.7037
678 288.057 263.401 20.7325
679 288.049 263.401 20.7614
680 288.042 263.401 20.7903
681 288.036 263.401 20.8192
682 288.028 263.401 20.8481
683 288.021 263.401 20.877
684 288.012 263.401 20.9058
685 288.006 263.401 20.9347
686 287.998 263.401 20.9637
687 287.99 263.401 20.9972
688 287.983 263.401 21.0433
689 287.977 263.401 21.081
690 287.97 263.401 21.1099
691 287.963 263.401 21.1387
692 287.956 263.401 21.1677
693 287.949 263.401 21.1965
694 287.941 263.401 21.2254
695 287.933 263.401 21.2542
696 287.927 263.401 21.2832
697 287.919 263.401 21.3121
698 287.911 263.401 21.3422
699 287.903 263.401 21.3712
700 287.897 263.401 21.4004
701 287.89 263.401 21.431
702 287.883 263.401 21.4602
703 287.876 263.401 21.4903
704 287.869 263.401 21.5194
705 287.862 263.401 21.5482
706 287.854 263.401 21.5771
707 287.848 263.401 21.606
708 287.841 263.401 21.6348
709 287.834 263.401 21.6637
710 287.828 263.401 21.6926
711 287.819 263.401 21.7218
712 287.812 263.401 21.7507
713 287.804 263.401 21.7796
714 287.798 263.401 21.8085
715 287.791 263.401 21.8373
716 287.784 263.401 21.8662
717 287.777 263.401 21.895
718 287.77 263.401 21.9241
719 287.764 263.401 21.9532
720 287.756 263.401 21.9821
721 287.75 263.401 22.0121
722 287.743 263.401 22.0411
723 287.736 263.401 22.0716
724 287.728 263.401 22.1084
725 287.721 263.401 22.1373
726 287.716 263.401 22.1662
727 287.709 263.401 22.1951
728 287.702 263.401 22.2241
729 287.694 263.401 22.253
730 287.688 263.401 22.2819
731 287.68 263.401 22.311
732 287.674 263.401 22.34
733 287.667 263.401 22.3689
734 287.659 263.401 22.3978
735 287.653 263.401 22.4268
736 287.646 263.401 22.4556
737 287.64 263.401 22.4845
738 287.633 263.401 22.5135
739 287.627 263.401 22.5424
740 287.619 263.401 22.5713
741 287.612 263.401 22.6002
742 287.605 263.401 22.6292
743 287.598 263.401 22.6581
744 287.591 263.401 22.687
745 287.585 263.401 22.716
746 287.578 263.401 22.7449
747 287.571 263.401 22.7737
748 287.564 263.401 22.8027
749 287.558 263.401 22.8316
750 287.551 263.401 22.8605
751 287.546 263.401 22.8894
752 287.539 263.401 22.9184
753 287.532 263.401 22.9473
754 287.526 263.401 22.9764
755 287.518 263.401 23.0053
756 287.511 263.401 23.0351
757 287.505 263.401 23.064
758 287.498 263.401 23.093
759 287.491 263.401 23.1219
760 287.484 263.401 23.1509
761 287.478 263.401 23.1798
762 287.471 263.401 23.2086
763 287.465 263.401 23.2375
764 287.459 263.401 23.2663
765 287.452 263.401 23.2952
766 287.446 263.401 23.3241
767 287.44 263.401 23.3529
768 287.433 263.401 23.3818
769 287.426 263.401 23.4107
770 287.418 263.401 23.4399
771 287.411 263.401 23.4687
772 287.405 263.401 23.4983
773 287.4 263.401 23.5272
774 287.393 263.401 23.5561
775 287.387 263.401 23.5849
776 287.381 263.401 23.6138
777 287.374 263.401 23.6427
778 287.367 263.401 23.6715
779 287.362 263.401 23.7006
780 287.355 263.401 23.7295
781 287.349 263.401 23.7584
782 287.342 263.401 23.7873
783 287.335 263.401 23.8161
784 287.328 263.401 23.845
785 287.321 263.401 23.8738
786 287.315 263.401 23.9027
787 287.309 263.401 23.9316
788 287.303 263.401 23.9606
789 287.297 263.401 23.9895
790 287.29 263.401 24.0191
791 287.284 263.401 24.048
792 287.278 263.401 24.0769
793 287.272 263.401 24.1057
794 287.266 263.401 24.1347
795 287.259 263.401 24.1636
796 287.253 263.401 24.1925
797 287.247 263.401 24.2213
798 287.24 263.401 24.2502
799 287.233 263.401 24.279
800 287.227 263.401 24.3083
801 287.221 263.401 24.3405
802 287.215 263.401 24.3694
803 287.207 263.401 24.4002
804 287.201 263.401 24.4291
805 287.196 263.401 24.458
806 287.19 263.401 24.4869
807 287.185 263.401 24.5158
808 287.177 263.401 24.5447
809 287.171 263.401 24.5735
810 287.163 263.401 24.6024
811 287.157 263.401 24.6312
812 287.15 263.401 24.6601
813 287.145 263.401 24.689
814 287.138 263.401 24.7179
815 287.133 263.401 24.7467
816 287.126 263.401 24.7756
817 287.121 263.401 24.8045
818 287.115 263.401 24.8333
819 287.109 263.401 24.8621
820 287.103 263.401 24.891
821 287.097 263.401 24.9199
822 287.09 263.401 24.9489
823 287.083 263.401 24.9778
824 287.077 263.401 25.0066
825 287.071 263.401 25.0365
826 287.065 263.401 25.0654
827 287.059 263.401 25.0942
828 287.053 263.401 25.1231
829 287.047 263.401 25.152
830 287.041 263.401 25.1809
831 287.035 263.401 25.2097
832 287.029 263.401 25.2386
833 287.024 263.401 25.2674
834 287.017 263.401 25.2963
835 287.011 263.401 25.3251
836 287.005 263.401 25.354
837 286.999 263.401 25.3829
838 286.993 263.401 25.4135
839 286.987 263.401 25.4426
840 286.981 263.401 25.4714
841 286.975 263.401 25.5003
842 286.969 263.401 25.5292
843 286.962 263.401 25.558
844 286.957 263.401 25.5869
845 286.951 263.401 25.6157
846 286.945 263.401 25.6446
847 286.939 263.401 25.6736
848 286.934 263.401 25.7027
849 286.928 263.401 25.7316
850 286.921 263.401 25.7604
851 286.915 263.401 25.7893
852 286.909 263.401 25.8181
853 286.903 263.401 25.847
854 286.897 263.401 25.8758
855 286.892 263.401 25.9047
856 286.886 263.401 25.9335
857 286.879 263.401 25.9627
858 286.874 263.401 25.9973
859 286.868 263.401 26.0426
860 286.863 263.401 26.0813
861 286.856 263.401 26.1102
862 286.851 263.401 26.139
863 286.846 263.401 26.1679
864 286.839 263.401 26.1971
865 286.832 263.401 26.226
866 286.826 263.401 26.2551
867 286.82 263.401 26.2839
868 286.815 263.401 26.3128
869 286.809 263.401 26.344
870 286.804 263.401 26.3729
871 286.798 263.401 26.4017
872 286.792 263.401 26.4306
873 286.786 263.401 26.46
874 286.78 263.401 26.4889
875 286.775 263.401 26.5178
876 286.769 263.401 26.5467
877 286.763 263.401 26.5756
878 286.757 263.401 26.6045
879 286.751 263.401 26.6334
880 286.746 263.401 26.6623
881 286.741 263.401 26.6911
882 286.736 263.401 26.72
883 286.73 263.401 26.7489
884 286.723 263.401 26.7777
885 286.718 263.401 26.8066
886 286.712 263.401 26.8354
887 286.707 263.401 26.8649
888 286.7 263.401 26.8938
889 286.695 263.401 26.9253
890 286.689 263.401 26.9543
891 286.683 263.401 26.9832
892 286.677 263.401 27.0122
893 286.672 263.401 27.0426
894 286.667 263.401 27.0729
895 286.662 263.401 27.1093
896 286.655 263.401 27.1382
897 286.651 263.401 27.1673
898 286.645 263.401 27.1987
899 286.639 263.401 27.2276
900 286.634 263.401 27.2569
901 286.626 263.401 27.2881
902 286.621 263.401 27.317
903 286.615 263.401 27.3475
904 286.61 263.401 27.3766
905 286.604 263.401 27.4056
906 286.599 263.401 27.4346
907 286.594 263.401 27.4635
908 286.589 263.401 27.4925
909 286.583 263.401 27.5213
910 286.577 263.401 27.5503
911 286.571 263.401 27.5792
912 286.565 263.401 27.6082
913 286.56 263.401 27.6371
914 286.554 263.401 27.6661
915 286.549 263.401 27.6951
916 286.543 263.401 27.7245
917 286.538 263.401 27.7535
918 286.533 263.401 27.7825
919 286.527 263.401 27.8114
920 286.521 263.401 27.8406
921 286.516 263.401 27.8695
922 286.51 263.401 27.8985
923 286.505 263.401 27.9348
924 286.499 263.401 27.976
925 286.495 263.401 28.018
926 286.489 263.401 28.0614
927 286.484 263.401 28.0903
928 286.478 263.401 28.1195
929 286.472 263.401 28.1509
930 286.468 263.401 28.1803
931 286.463 263.401 28.2092
932 286.458 263.401 28.2381
933 286.451 263.401 28.2669
934 286.446 263.401 28.2958
935 286.44 263.401 28.3248
936 286.435 263.401 28.3551
937 286.429 263.401 28.3944
938 286.424 263.401 28.4235
939 286.419 263.401 28.4525
940 286.414 263.401 28.4814
941 286.408 263.401 28.5103
942 286.402 263.401 28.5392
943 286.397 263.401 28.5681
944 286.391 263.401 28.597
945 286.386 263.401 28.626
946 286.381 263.401 28.6551
947 286.376 263.401 28.684
948 286.37 263.401 28.713
949 286.365 263.401 28.7418
950 286.359 263.401 28.7708
951 286.354 263.401 28.7997
952 286.349 263.401 28.8286
953 286.344 263.401 28.8575
954 286.339 263.401 28.8864
955 286.335 263.401 28.9154
956 286.329 263.401 28.9443
957 286.323 263.401 28.9734
958 286.317 263.401 29.0023
959 286.311 263.401 29.0312
960 286.307 263.401 29.0611
961 286.302 263.401 29.09
962 286.298 263.401 29.1189
963 286.292 263.401 29.1478
964 286.287 263.401 29.1768
965 286.281 263.401 29.2057
966 286.275 263.401 29.2346
967 286.27 263.401 29.2636
968 286.265 263.401 29.2925
969 286.261 263.401 29.3214
970 286.256 263.401 29.3504
971 286.25 263.401 29.3793
972 286.245 263.401 29.4082
973 286.24 263.401 29.4371
974 286.234 263.401 29.466
975 286.23 263.401 29.495
976 286.225 263.401 29.5239
977 286.22 263.401 29.5528
978 286.215 263.401 29.5818
979 286.209 263.401 29.6108
980 286.203 263.401 29.6397
981 286.198 263.401 29.6686
982 286.192 263.401 29.6975
983 286.188 263.401 29.7269
984 286.183 263.401 29.7559
985 286.178 263.401 29.7848
986 286.173 263.401 29.8137
987 286.168 263.401 29.8427
988 286.163 263.401 29.8717
989 286.158 263.401 29.9006
990 286.152 263.401 29.9333
991 286.147 263.401 29.9624
992 286.142 263.401 29.9913
993 286.137 263.401 30.0201
994 286.132 263.401 30.0527
995 286.127 263.401 30.0823
996 286.123 263.401 30.1113
997 286.117 263.401 30.1402
998 286.111 263.401 30.1691
999 286.106 263.401 30.1981
1000 286.101 263.401 30.2273
1001 286.095 263.401 30.2587
1002 286.091 263.401 30.2876
1003 286.086 263.401 30.3183
1004 286.082 263.401 30.3472
1005 286.077 263.401 30.3761
1006 286.072 263.401 30.406
1007 286.067 263.401 30.4349
1008 286.062 263.401 30.4638
1009 286.057 263.401 30.4927
1010 286.052 263.401 30.5217
1011 286.046 263.401 30.5507
1012 286.041 263.401 30.5796
1013 286.036 263.401 30.6085
1014 286.031 263.401 30.6374
1015 286.026 263.401 30.6663
1016 286.021 263.401 30.6952
1017 286.017 263.401 30.7249
1018 286.012 263.401 30.7539
1019 286.007 263.401 30.7828
1020 286.003 263.401 30.8116
1021 285.997 263.401 30.8406
1022 285.992 263.401 30.8694
1023 285.987 263.401 30.8983
1024 285.982 263.401 30.9272
1025 285.977 263.401 30.9562
1026 285.972 263.401 30.9866
1027 285.967 263.401 31.0349
1028 285.962 263.401 31.0675
1029 285.958 263.401 31.1001
1030 285.952 263.401 31.1292
1031 285.948 263.401 31.158
1032 285.943 263.401 31.187
1033 285.939 263.401 31.216
1034 285.934 263.401 31.2449
1035 285.928 263.401 31.2737
1036 285.924 263.401 31.3027
1037 285.919 263.401 31.3316
1038 285.914 263.401 31.3619
1039 285.909 263.401 31.3908
1040 285.904 263.401 31.4198
1041 285.9 263.401 31.4487
1042 285.895 263.401 31.4781
1043 285.89 263.401 31.5071
1044 285.885 263.401 31.5361
1045 285.879 263.401 31.565
1046 285.875 263.401 31.5938
1047 285.871 263.401 31.6228
1048 285.867 263.401 31.6518
1049 285.863 263.401 31.6808
1050 285.857 263.401 31.7097
1051 285.852 263.401 31.7388
1052 285.848 263.401 31.7677
1053 285.842 263.401 31.7966
1054 285.837 263.401 31.8256
1055 285.832 263.401 31.8545
1056 285.829 263.401 31.8834
1057 285.824 263.401 31.9123
1058 285.82 263.401 31.9413
1059 285.814 263.401 31.9703
1060 285.808 263.401 31.9992
1061 285.803 263.401 32.0284
1062 285.799 263.401 32.059
1063 285.794 263.401 32.0879
1064 285.79 263.401 32.121
1065 285.786 263.401 32.1528
1066 285.782 263.401 32.1818
1067 285.776 263.401 32.2107
1068 285.771 263.401 32.2396
1069 285.766 263.401 32.2685
1070 285.761 263.401 32.2974
1071 285.757 263.401 32.3266
1072 285.753 263.401 32.3557
1073 285.748 263.401 32.3847
1074 285.743 263.401 32.4137
1075 285.739 263.401 32.4426
1076 285.733 263.401 32.4715
1077 285.729 263.401 32.5004
1078 285.724 263.401 32.5294
1079 285.72 263.401 32.5584
1080 285.716 263.401 32.5873
1081 285.711 263.401 32.6161
1082 285.707 263.401 32.6451
1083 285.702 263.401 32.674
1084 285.698 263.401 32.7029
1085 285.694 263.401 32.7319
1086 285.688 263.401 32.7609
1087 285.683 263.401 32.7898
1088 285.679 263.401 32.8187
1089 285.674 263.401 32.8477
1090 285.67 263.401 32.8766
1091 285.664 263.401 32.9054
1092 285.66 263.401 32.9344
1093 285.655 263.401 32.9634
1094 285.651 263.401 32.9923
1095 285.646 263.401 33.0212
1096 285.642 263.401 33.0509
1097 285.637 263.401 33.0799
1098 285.632 263.401 33.1088
1099 285.629 263.401 33.1377
1100 285.623 263.401 33.1671
1101 285.619 263.401 33.1987
1102 285.615 263.401 33.2278
1103 285.61 263.401 33.258
1104 285.605 263.401 33.287
1105 285.602 263.401 33.3159
1106 285.597 263.401 33.3448
1107 285.592 263.401 33.3737
1108 285.588 263.401 33.4027
1109 285.583 263.401 33.4316
1110 285.578 263.401 33.4605
1111 285.574 263.401 33.4894
1112 285.569 263.401 33.5184
1113 285.565 263.401 33.5473
1114 285.561 263.401 33.5763
1115 285.557 263.401 33.6052
1116 285.553 263.401 33.6341
1117 285.548 263.401 33.663
1118 285.544 263.401 33.692
1119 285.539 263.401 33.7209
1120 285.536 263.401 33.7499
1121 285.53 263.401 33.7788
1122 285.524 263.401 33.8077
1123 285.521 263.401 33.8366
1124 285.517 263.401 33.8655
1125 285.511 263.401 33.8944
1126 285.507 263.401 33.9233
1127 285.503 263.401 33.9523
1128 285.498 263.401 33.9814
1129 285.495 263.401 34.0103
1130 285.49 263.401 34.0398
1131 285.485 263.401 34.0688
1132 285.481 263.401 34.0977
1133 285.477 263.401 34.1266
1134 285.473 263.401 34.1555
1135 285.468 263.401 34.1844
1136 285.464 263.401 34.2133
1137 285.46 263.401 34.2423
1138 285.456 263.401 34.2712
1139 285.451 263.401 34.3001
1140 285.446 263.401 34.329
1141 285.441 263.401 34.358
1142 285.437 263.401 34.3869
1143 285.433 263.401 34.4158
1144 285.428 263.401 34.4448
1145 285.424 263.401 34.4736
1146 285.42 263.401 34.5026
1147 285.416 263.401 34.5314
1148 285.412 263.401 34.5604
1149 285.408 263.401 34.5894
1150 285.403 263.401 34.6183
1151 285.399 263.401 34.6472
1152 285.394 263.401 34.6761
1153 285.389 263.401 34.7051
1154 285.386 263.401 34.734
1155 285.382 263.401 34.7629
1156 285.377 263.401 34.7918
1157 285.372 263.401 34.8207
1158 285.368 263.401 34.8496
1159 285.364 263.401 34.8785
1160 285.358 263.401 34.9075
1161 285.354 263.401 34.9364
1162 285.35 263.401 34.9653
1163 285.346 263.401 34.9943
1164 285.343 263.401 35.0232
1165 285.339 263.401 35.0527
1166 285.335 263.401 35.0816
1167 285.33 263.401 35.1106
1168 285.325 263.401 35.1395
1169 285.321 263.401 35.1684
1170 285.317 263.401 35.1979
1171 285.313 263.401 35.2269
1172 285.308 263.401 35.2564
1173 285.304 263.401 35.2853
1174 285.3 263.401 35.3143
1175 285.296 263.401 35.3437
1176 285.291 263.401 35.3727
1177 285.287 263.401 35.4021
1178 285.283 263.401 35.4336
1179 285.278 263.401 35.4625
1180 285.274 263.401 35.4915
1181 285.27 263.401 35.5204
1182 285.266 263.401 35.5493
1183 285.262 263.401 35.5782
1184 285.258 263.401 35.6073
1185 285.254 263.401 35.6362
1186 285.25 263.401 35.6651
1187 285.247 263.401 35.6973
1188 285.242 263.401 35.7263
1189 285.237 263.401 35.7553
1190 285.233 263.401 35.7842
1191 285.228 263.401 35.8131
1192 285.225 263.401 35.842
1193 285.22 263.401 35.871
1194 285.216 263.401 35.8999
1195 285.213 263.401 35.9288
1196 285.208 263.401 35.9577
1197 285.205 263.401 35.9891
1198 285.2 263.401 36.0353
1199 285.196 263.401 36.0676
1200 285.192 263.401 36.0999
1201 285.188 263.401 36.1345
1202 285.184 263.401 36.1635
1203 285.181 263.401 36.194
1204 285.175 263.401 36.223
1205 285.171 263.401 36.2519
1206 285.167 263.401 36.2808
1207 285.163 263.401 36.3097
1208 285.159 263.401 36.3394
1209 285.154 263.401 36.3684
1210 285.151 263.401 36.3972
1211 285.146 263.401 36.4261
1212 285.142 263.401 36.4646
1213 285.138 263.401 36.5015
1214 285.134 263.401 36.5427
1215 285.13 263.401 36.5858
1216 285.126 263.401 36.6169
1217 285.122 263.401 36.6459
1218 285.118 263.401 36.6762
1219 285.114 263.401 36.7079
1220 285.111 263.401 36.7369
1221 285.106 263.401 36.7658
1222 285.103 263.401 36.7947
1223 285.098 263.401 36.8235
1224 285.095 263.401 36.8524
1225 285.091 263.401 36.8824
1226 285.087 263.401 36.9215
1227 285.083 263.401 36.9514
1228 285.078 263.401 36.9805
1229 285.074 263.401 37.0099
1230 285.069 263.401 37.0391
1231 285.066 263.401 37.0709
1232 285.062 263.401 37.1005
1233 285.057 263.401 37.138
1234 285.054 263.401 37.167
1235 285.049 263.401 37.196
1236 285.046 263.401 37.2263
1237 285.042 263.401 37.2553
1238 285.037 263.401 37.2844
1239 285.034 263.401 37.3213
1240 285.03 263.401 37.3602
1241 285.027 263.401 37.395
1242 285.022 263.401 37.424
1243 285.019 263.401 37.4584
1244 285.015 263.401 37.4873
1245 285.011 263.401 37.5162
1246 285.007 263.401 37.5452
1247 285.003 263.401 37.574
1248 284.998 263.401 37.6029
1249 284.994 263.401 37.6318
1250 284.99 263.401 37.6607
1251 284.987 263.401 37.6896
1252 284.983 263.401 37.7189
1253 284.98 263.401 37.748
1254 284.976 263.401 37.7769
1255 284.971 263.401 37.8058
1256 284.968 263.401 37.8347
1257 284.963 263.401 37.8635
1258 284.959 263.401 37.8924
1259 284.954 263.401 37.9213
1260 284.951 263.401 37.9504
1261 284.946 263.401 37.9793
1262 284.943 263.401 38.0081
1263 284.939 263.401 38.037
1264 284.936 263.401 38.067
1265 284.932 263.401 38.0959
1266 284.929 263.401 38.1247
1267 284.926 263.401 38.1538
1268 284.922 263.401 38.1827
1269 284.918 263.401 38.2116
1270 284.914 263.401 38.2405
1271 284.91 263.401 38.2693
1272 284.906 263.401 38.2983
1273 284.901 263.401 38.3271
1274 284.898 263.401 38.3561
1275 284.894 263.401 38.3849
1276 284.891 263.401 38.4138
1277 284.887 263.401 38.4427
1278 284.882 263.401 38.4715
1279 284.879 263.401 38.5004
1280 284.875 263.401 38.5293
1281 284.871 263.401 38.5584
1282 284.867 263.401 38.5873
1283 284.864 263.401 38.6161
1284 284.859 263.401 38.645
1285 284.855 263.401 38.6738
1286 284.852 263.401 38.7028
1287 284.849 263.401 38.7316
1288 284.844 263.401 38.7606
1289 284.841 263.401 38.7895
1290 284.836 263.401 38.8184
1291 284.833 263.401 38.8473
1292 284.83 263.401 38.8761
1293 284.825 263.401 38.905
1294 284.822 263.401 38.9339
1295 284.819 263.401 38.963
1296 284.815 263.401 38.9919
1297 284.81 263.401 39.0208
1298 284.807 263.401 39.0507
1299 284.802 263.401 39.0796
1300 284.799 263.401 39.1092
1301 284.794 263.401 39.1405
1302 284.79 263.401 39.1694
1303 284.787 263.401 39.1995
1304 284.783 263.401 39.2284
1305 284.778 263.401 39.2584
1306 284.775 263.401 39.2873
1307 284.772 263.401 39.3162
1308 284.769 263.401 39.3452
1309 284.766 263.401 39.3741
1310 284.763 263.401 39.403
1311 284.759 263.401 39.4319
1312 284.755 263.401 39.4608
1313 284.751 263.401 39.4896
1314 284.747 263.401 39.5185
1315 284.742 263.401 39.5476
1316 284.739 263.401 39.5765
1317 284.735 263.401 39.6395
1318 284.732 263.401 39.6685
1319 284.729 263.401 39.6973
1320 284.725 263.401 39.7264
1321 284.721 263.401 39.7553
1322 284.717 263.401 39.7842
1323 284.714 263.401 39.8131
1324 284.709 263.401 39.842
1325 284.706 263.401 39.8709
1326 284.702 263.401 39.8998
1327 284.698 263.401 39.9322
1328 284.695 263.401 39.9613
1329 284.692 263.401 39.9904
1330 284.688 263.401 40.0192
1331 284.684 263.401 40.0488
1332 284.68 263.401 40.0777
1333 284.676 263.401 40.1066
1334 284.673 263.401 40.1355
1335 284.67 263.401 40.1644
1336 284.666 263.401 40.1933
1337 284.662 263.401 40.2222
1338 284.659 263.401 40.2511
1339 284.655 263.401 40.2799
1340 284.651 263.401 40.3088
1341 284.648 263.401 40.3376
1342 284.645 263.401 40.3665
1343 284.642 263.401 40.3959
1344 284.639 263.401 40.4249
1345 284.635 263.401 40.4537
1346 284.631 263.401 40.4826
1347 284.627 263.401 40.5114
1348 284.623 263.401 40.5403
1349 284.62 263.401 40.5692
1350 284.616 263.401 40.5981
1351 284.612 263.401 40.627
1352 284.608 263.401 40.6559
1353 284.604 263.401 40.6847
1354 284.601 263.401 40.7136
1355 284.599 263.401 40.7425
1356 284.595 263.401 40.7714
1357 284.591 263.401 40.8003
1358 284.587 263.401 40.8291
1359 284.584 263.401 40.8579
1360 284.581 263.401 40.8869
1361 284.577 263.401 40.9158
1362 284.572 263.401 40.9446
1363 284.57 263.401 40.9735
1364 284.566 263.401 41.0081
1365 284.562 263.401 41.0396
1366 284.559 263.401 41.0828
1367 284.555 263.401 41.1151
1368 284.551 263.401 41.1441
1369 284.548 263.401 41.173
1370 284.545 263.401 41.2024
1371 284.541 263.401 41.2314
1372 284.538 263.401 41.2616
1373 284.534 263.401 41.2905
1374 284.531 263.401 41.3194
1375 284.527 263.401 41.3492
1376 284.524 263.401 41.3782
1377 284.521 263.401 41.4071
1378 284.516 263.401 41.436
1379 284.513 263.401 41.4655
1380 284.509 263.401 41.4944
1381 284.507 263.401 41.5233
1382 284.503 263.401 41.5522
1383 284.5 263.401 41.5811
1384 284.497 263.401 41.6101
1385 284.493 263.401 41.639
1386 284.489 263.401 41.6679
1387 284.485 263.401 41.6968
1388 284.482 263.401 41.7259
1389 284.478 263.401 41.7548
1390 284.475 263.401 41.7838
1391 284.471 263.401 41.8126
1392 284.468 263.401 41.8415
1393 284.465 263.401 41.8705
1394 284.462 263.401 41.8994
1395 284.458 263.401 41.9283
1396 284.455 263.401 41.9574
1397 284.452 263.401 41.9875
1398 284.448 263.401 42.0166
1399 284.445 263.401 42.0466
1400 284.441 263.401 42.0762
1401 284.438 263.401 42.1083
1402 284.434 263.401 42.1431
1403 284.431 263.401 42.1721
1404 284.428 263.401 42.201
1405 284.425 263.401 42.2299
1406 284.42 263.401 42.2588
1407 284.418 263.401 42.2879
1408 284.414 263.401 42.3167
1409 284.41 263.401 42.3459
1410 284.407 263.401 42.3749
1411 284.404 263.401 42.4038
1412 284.4 263.401 42.4327
1413 284.397 263.401 42.4615
1414 284.394 263.401 42.4904
1415 284.392 263.401 42.5194
1416 284.388 263.401 42.5484
1417 284.384 263.401 42.5773
1418 284.381 263.401 42.6062
1419 284.378 263.401 42.635
1420 284.375 263.401 42.664
1421 284.371 263.401 42.6928
1422 284.367 263.401 42.7217
1423 284.364 263.401 42.7508
1424 284.36 263.401 42.7797
1425 284.357 263.401 42.8085
1426 284.353 263.401 42.8374
1427 284.349 263.401 42.8663
1428 284.346 263.401 42.8952
1429 284.342 263.401 42.9241
1430 284.339 263.401 42.9532
1431 284.335 263.401 42.9821
1432 284.332 263.401 43.011
1433 284.329 263.401 43.0399
1434 284.326 263.401 43.0697
1435 284.322 263.401 43.0986
1436 284.32 263.401 43.1275
1437 284.317 263.401 43.1565
1438 284.313 263.401 43.1855
1439 284.31 263.401 43.2143
1440 284.307 263.401 43.2435
1441 284.303 263.401 43.2742
1442 284.3 263.401 43.3031
1443 284.297 263.401 43.332
1444 284.294 263.401 43.3613
1445 284.291 263.401 43.3903
1446 284.287 263.401 43.4192
1447 284.283 263.401 43.4481
1448 284.281 263.401 43.477
1449 284.277 263.401 43.506
1450 284.273 263.401 43.5348
1451 284.27 263.401 43.564
1452 284.267 263.401 43.5929
1453 284.263 263.401 43.6218
1454 284.259 263.401 43.6507
1455 284.256 263.401 43.6797
1456 284.253 263.401 43.7085
1457 284.25 263.401 43.7379
1458 284.247 263.401 43.7671
1459 284.244 263.401 43.796
1460 284.241 263.401 43.8255
1461 284.238 263.401 43.8543
1462 284.234 263.401 43.886
1463 284.231 263.401 43.915
1464 284.228 263.401 43.944
1465 284.224 263.401 43.9733
1466 284.221 263.401 44.0022
1467 284.218 263.401 44.0311
1468 284.215 263.401 44.061
1469 284.212 263.401 44.0899
1470 284.208 263.401 44.119
1471 284.205 263.401 44.1518
1472 284.201 263.401 44.1811
1473 284.197 263.401 44.2101
1474 284.194 263.401 44.2389
1475 284.192 263.401 44.2679
1476 284.189 263.401 44.2968
1477 284.185 263.401 44.3257
1478 284.183 263.401 44.3548
1479 284.179 263.401 44.3837
1480 284.177 263.401 44.4126
1481 284.174 263.401 44.4414
1482 284.171 263.401 44.4703
1483 284.168 263.401 44.4992
1484 284.166 263.401 44.5281
1485 284.161 263.401 44.5572
1486 284.158 263.401 44.5861
1487 284.155 263.401 44.615
1488 284.152 263.401 44.6439
1489 284.149 263.401 44.6728
1490 284.144 263.401 44.7017
1491 284.141 263.401 44.7306
1492 284.139 263.401 44.7597
1493 284.135 263.401 44.7885
1494 284.132 263.401 44.8174
1495 284.129 263.401 44.8465
1496 284.126 263.401 44.8754
1497 284.123 263.401 44.9126
1498 284.12 263.401 44.9588
1499 284.117 263.401 45.0093
1500 284.114 263.401 45.0417
1501 284.11 263.401 45.0728
1502 284.107 263.401 45.1038
1503 284.103 263.401 45.1353
1504 284.101 263.401 45.1642
1505 284.097 263.401 45.1931
1506 284.095 263.401 45.222
1507 284.092 263.401 45.2509
1508 284.088 263.401 45.2807
1509 284.086 263.401 45.3111
1510 284.083 263.401 45.3509
1511 284.079 263.401 45.3799
1512 284.076 263.401 45.4094
1513 284.073 263.401 45.4383
1514 284.07 263.401 45.4672
1515 284.067 263.401 45.496
1516 284.063 263.401 45.5267
1517 284.06 263.401 45.5556
1518 284.057 263.401 45.5846
1519 284.054 263.401 45.6135
1520 284.051 263.401 45.6424
1521 284.048 263.401 45.6713
1522 284.045 263.401 45.7003
1523 284.043 263.401 45.7292
1524 284.04 263.401 45.7585
1525 284.037 263.401 45.7874
1526 284.034 263.401 45.8163
1527 284.03 263.401 45.8452
1528 284.027 263.401 45.8741
1529 284.025 263.401 45.9031
1530 284.022 263.401 45.932
1531 284.018 263.401 45.9612
1532 284.016 263.401 45.9947
1533 284.012 263.401 46.026
1534 284.01 263.401 46.0712
1535 284.007 263.401 46.104
1536 284.003 263.401 46.133
1537 283.999 263.401 46.162
1538 283.996 263.401 46.1909
1539 283.993 263.401 46.2201
1540 283.989 263.401 46.249
1541 283.986 263.401 46.2778
1542 283.984 263.401 46.3067
1543 283.981 263.401 46.336
1544 283.978 263.401 46.3654
1545 283.976 263.401 46.3943
1546 283.973 263.401 46.4232
1547 283.97 263.401 46.452
1548 283.966 263.401 46.4814
1549 283.963 263.401 46.5103
1550 283.959 263.401 46.5392
1551 283.957 263.401 46.5683
1552 283.954 263.401 46.5972
1553 283.95 263.401 46.6261
1554 283.947 263.401 46.655
1555 283.944 263.401 46.6839
1556 283.941 263.401 46.7129
1557 283.938 263.401 46.7421
1558 283.936 263.401 46.7711
1559 283.933 263.401 46.7999
1560 283.929 263.401 46.8288
1561 283.927 263.401 46.8577
1562 283.925 263.401 46.8867
1563 283.921 263.401 46.9156
1564 283.918 263.401 46.9445
1565 283.915 263.401 46.9733
1566 283.912 263.401 47.0023
1567 283.909 263.401 47.0314
1568 283.907 263.401 47.0619
1569 283.904 263.401 47.0908
1570 283.9 263.401 47.1254
1571 283.897 263.401 47.1546
1572 283.894 263.401 47.1835
1573 283.89 263.401 47.2124
1574 283.887 263.401 47.2413
1575 283.885 263.401 47.2701
1576 283.882 263.401 47.299
1577 283.879 263.401 47.3279
1578 283.877 263.401 47.3571
1579 283.873 263.401 47.3861
1580 283.87 263.401 47.415
1581 283.868 263.401 47.4438
1582 283.866 263.401 47.4727
1583 283.862 263.401 47.5016
1584 283.858 263.401 47.5305
1585 283.856 263.401 47.5594
1586 283.853 263.401 47.5882
1587 283.85 263.401 47.6171
1588 283.847 263.401 47.646
1589 283.845 263.401 47.6749
1590 283.842 263.401 47.7038
1591 283.839 263.401 47.7331
1592 283.836 263.401 47.762
1593 283.833 263.401 47.7909
1594 283.83 263.401 47.8198
1595 283.827 263.401 47.8487
1596 283.825 263.401 47.8776
1597 283.823 263.401 47.9066
1598 283.82 263.401 47.9354
1599 283.817 263.401 47.9643
1600 283.814 263.401 47.9936
1601 283.81 263.401 48.0251
1602 283.808 263.401 48.0546
1603 283.804 263.401 48.0846
1604 283.801 263.401 48.1135
1605 283.798 263.401 48.1424
1606 283.795 263.401 48.1714
1607 283.792 263.401 48.2003
1608 283.79 263.401 48.2292
1609 283.787 263.401 48.258
1610 283.784 263.401 48.287
1611 283.781 263.401 48.3158
1612 283.778 263.401 48.3448
1613 283.775 263.401 48.3737
1614 283.773 263.401 48.4027
1615 283.769 263.401 48.4316
1616 283.766 263.401 48.4604
1617 283.764 263.401 48.4893
1618 283.761 263.401 48.5182
1619 283.759 263.401 48.5471
1620 283.756 263.401 48.576
1621 283.753 263.401 48.6049
1622 283.751 263.401 48.6337
1623 283.748 263.401 48.6627
1624 283.745 263.401 48.6916
1625 283.742 263.401 48.7204
1626 283.739 263.401 48.7493
1627 283.736 263.401 48.7782
1628 283.734 263.401 48.8071
1629 283.731 263.401 48.836
1630 283.728 263.401 48.8648
1631 283.726 263.401 48.8937
1632 283.723 263.401 48.9227
1633 283.719 263.401 48.9516
1634 283.717 263.401 48.9806
1635 283.714 263.401 49.0094
1636 283.711 263.401 49.0383
1637 283.707 263.401 49.068
1638 283.705 263.401 49.0969
1639 283.702 263.401 49.1257
1640 283.699 263.401 49.1548
1641 283.697 263.401 49.1837
1642 283.694 263.401 49.2126
1643 283.691 263.401 49.2414
1644 283.688 263.401 49.2703
1645 283.686 263.401 49.2992
1646 283.684 263.401 49.3281
1647 283.681 263.401 49.3573
1648 283.677 263.401 49.3862
1649 283.675 263.401 49.415
1650 283.673 263.401 49.444
1651 283.669 263.401 49.4728
1652 283.666 263.401 49.5017
1653 283.664 263.401 49.5305
1654 283.661 263.401 49.5598
1655 283.658 263.401 49.5887
1656 283.656 263.401 49.6175
1657 283.653 263.401 49.6464
1658 283.65 263.401 49.6753
1659 283.648 263.401 49.7043
1660 283.645 263.401 49.7332
1661 283.642 263.401 49.7625
1662 283.64 263.401 49.7914
1663 283.637 263.401 49.8203
1664 283.635 263.401 49.8491
1665 283.632 263.401 49.878
1666 283.628 263.401 49.9069
1667 283.625 263.401 49.9395
1668 283.624 263.401 49.9688
1669 283.62 263.401 49.9978
1670 283.617 263.401 50.0277
1671 283.615 263.401 50.0572
1672 283.612 263.401 50.0866
1673 283.61 263.401 50.1154
1674 283.608 263.401 50.1443
1675 283.605 263.401 50.1735
1676 283.602 263.401 50.2024
1677 283.599 263.401 50.2313
1678 283.597 263.401 50.2602
1679 283.594 263.401 50.2891
1680 283.591 263.401 50.318
1681 283.589 263.401 50.3471
1682 283.585 263.401 50.3761
1683 283.582 263.401 50.4055
1684 283.58 263.401 50.4345
1685 283.577 263.401 50.4634
1686 283.574 263.401 50.4922
1687 283.571 263.401 50.5211
1688 283.568 263.401 50.5503
1689 283.566 263.401 50.5792
1690 283.563 263.401 50.6081
1691 283.56 263.401 50.6369
1692 283.558 263.401 50.6658
1693 283.555 263.401 50.6947
1694 283.552 263.401 50.7236
1695 283.549 263.401 50.7527
1696 283.546 263.401 50.7817
1697 283.545 263.401 50.8105
1698 283.543 263.401 50.8394
1699 283.54 263.401 50.8683
1700 283.537 263.401 50.8976
1701 283.534 263.401 50.9281
1702 283.532 263.401 50.9572
1703 283.53 263.401 50.9881
1704 283.527 263.401 51.0199
1705 283.524 263.401 51.0661
1706 283.521 263.401 51.0997
1707 283.518 263.401 51.1334
1708 283.515 263.401 51.1624
1709 283.513 263.401 51.1913
1710 283.51 263.401 51.2204
1711 283.508 263.401 51.2493
1712 283.505 263.401 51.2783
1713 283.502 263.401 51.3072
1714 283.5 263.401 51.3365
1715 283.498 263.401 51.3657
1716 283.495 263.401 51.3947
1717 283.492 263.401 51.4236
1718 283.49 263.401 51.5014
1719 283.487 263.401 51.5545
1720 283.484 263.401 51.6364
1721 283.481 263.401 51.7253
1722 283.479 263.401 51.788
1723 283.476 263.401 51.8373
1724 283.474 263.401 51.8789
1725 283.47 263.401 51.9081
1726 283.468 263.401 51.937
1727 283.465 263.401 51.9662
1728 283.463 263.401 51.9951
1729 283.461 263.401 52.0246
1730 283.459 263.401 52.0553
1731 283.457 263.401 52.0841
1732 283.454 263.401 52.1131
1733 283.451 263.401 52.142
1734 283.448 263.401 52.176
1735 283.446 263.401 52.2051
1736 283.443 263.401 52.234
1737 283.44 263.401 52.2629
1738 283.438 263.401 52.2919
1739 283.435 263.401 52.3208
1740 283.432 263.401 52.3497
1741 283.43 263.401 52.3787
1742 283.428 263.401 52.4075
1743 283.425 263.401 52.4365
1744 283.423 263.401 52.4653
1745 283.42 263.401 52.4948
1746 283.418 263.401 52.5237
1747 283.414 263.401 52.5563
1748 283.412 263.401 52.5854
1749 283.409 263.401 52.6144
1750 283.407 263.401 52.6432
1751 283.404 263.401 52.6723
1752 283.401 263.401 52.7012
1753 283.399 263.401 52.7302
1754 283.396 263.401 52.7591
1755 283.394 263.401 52.7881
1756 283.392 263.401 52.8212
1757 283.389 263.401 52.8501
1758 283.387 263.401 52.8792
1759 283.384 263.401 52.9081
1760 283.382 263.401 52.952
1761 283.379 263.401 53.037
1762 283.376 263.401 53.0665
1763 283.374 263.401 53.0955
1764 283.371 263.401 53.1243
1765 283.369 263.401 53.1534
1766 283.366 263.401 53.1823
1767 283.364 263.401 53.2113
1768 283.362 263.401 53.2401
1769 283.359 263.401 53.2691
1770 283.356 263.401 53.2981
1771 283.354 263.401 53.327
1772 283.351 263.401 53.3562
1773 283.349 263.401 53.3851
1774 283.347 263.401 53.4141
1775 283.344 263.401 53.443
1776 283.341 263.401 53.4718
1777 283.339 263.401 53.5008
1778 283.337 263.401 53.5298
1779 283.334 263.401 53.566
1780 283.331 263.401 53.6038
1781 283.329 263.401 53.651
1782 283.327 263.401 53.697
1783 283.324 263.401 53.7261
1784 283.322 263.401 53.7551
1785 283.319 263.401 53.787
1786 283.316 263.401 53.816
1787 283.314 263.401 53.8449
1788 283.312 263.401 53.8739
1789 283.31 263.401 53.9028
1790 283.307 263.401 53.9317
1791 283.305 263.401 53.9606
1792 283.303 263.401 53.9967
1793 283.299 263.401 54.0381
1794 283.297 263.401 54.0679
1795 283.295 263.401 54.0968
1796 283.292 263.401 54.1257
1797 283.29 263.401 54.1547
1798 283.288 263.401 54.1837
1799 283.285 263.401 54.2126
1800 283.282 263.401 54.2419
1801 283.28 263.401 54.2738
1802 283.278 263.401 54.3028
1803 283.276 263.401 54.3332
1804 283.273 263.401 54.3622
1805 283.271 263.401 54.3911
1806 283.269 263.401 54.4201
1807 283.266 263.401 54.449
1808 283.262 263.401 54.4779
1809 283.26 263.401 54.5068
1810 283.258 263.401 54.5358
1811 283.255 263.401 54.5647
1812 283.253 263.401 54.5937
1813 283.251 263.401 54.6226
1814 283.249 263.401 54.6516
1815 283.247 263.401 54.6805
1816 283.244 263.401 54.7094
1817 283.241 263.401 54.7384
1818 283.239 263.401 54.7673
1819 283.236 263.401 54.7961
1820 283.233 263.401 54.825
1821 283.232 263.401 54.8539
1822 283.229 263.401 54.8829
1823 283.227 263.401 54.9118
1824 283.225 263.401 54.9408
1825 283.223 263.401 54.9697
1826 283.22 263.401 54.9987
1827 283.218 263.401 55.0276
1828 283.216 263.401 55.0574
1829 283.213 263.401 55.0864
1830 283.211 263.401 55.1153
1831 283.208 263.401 55.1443
1832 283.206 263.401 55.1732
1833 283.204 263.401 55.2021
1834 283.201 263.401 55.231
1835 283.198 263.401 55.26
1836 283.196 263.401 55.2891
1837 283.194 263.401 55.318
1838 283.191 263.401 55.3469
1839 283.189 263.401 55.3758
1840 283.186 263.401 55.4057
1841 283.184 263.401 55.4347
1842 283.182 263.401 55.4636
1843 283.18 263.401 55.4925
1844 283.177 263.401 55.5214
1845 283.175 263.401 55.5503
1846 283.173 263.401 55.5793
1847 283.17 263.401 55.6082
1848 283.168 263.401 55.6371
1849 283.165 263.401 55.6661
1850 283.163 263.401 55.6951
1851 283.161 263.401 55.7243
1852 283.159 263.401 55.7533
1853 283.156 263.401 55.7822
1854 283.153 263.401 55.8111
1855 283.151 263.401 55.84
1856 283.149 263.401 55.8689
1857 283.147 263.401 55.8978
1858 283.145 263.401 55.9268
1859 283.142 263.401 55.9558
1860 283.14 263.401 55.9866
1861 283.137 263.401 56.0331
1862 283.135 263.401 56.0674
1863 283.132 263.401 56.0978
1864 283.13 263.401 56.1268
1865 283.128 263.401 56.1557
1866 283.125 263.401 56.1849
1867 283.123 263.401 56.2138
1868 283.121 263.401 56.243
1869 283.118 263.401 56.2725
1870 283.116 263.401 56.3014
1871 283.114 263.401 56.3311
1872 283.112 263.401 56.3614
1873 283.109 263.401 56.3903
1874 283.108 263.401 56.4191
1875 283.105 263.401 56.448
1876 283.103 263.401 56.4775
1877 283.101 263.401 56.5064
1878 283.098 263.401 56.5353
1879 283.096 263.401 56.5641
1880 283.094 263.401 56.593
1881 283.091 263.401 56.622
1882 283.089 263.401 56.6509
1883 283.087 263.401 56.6798
1884 283.085 263.401 56.7086
1885 283.082 263.401 56.7375
1886 283.081 263.401 56.7735
1887 283.078 263.401 56.8056
1888 283.076 263.401 56.8424
1889 283.073 263.401 56.8728
1890 283.07 263.401 56.9052
1891 283.069 263.401 56.9342
1892 283.066 263.401 56.9654
1893 283.064 263.401 56.996
1894 283.062 263.401 57.0302
1895 283.06 263.401 57.0643
1896 283.058 263.401 57.0979
1897 283.055 263.401 57.1369
1898 283.053 263.401 57.1677
1899 283.051 263.401 57.1965
1900 283.049 263.401 57.2258
1901 283.047 263.401 57.257
1902 283.044 263.401 57.2859
1903 283.043 263.401 57.3165
1904 283.041 263.401 57.3456
1905 283.038 263.401 57.3746
1906 283.035 263.401 57.4035
1907 283.034 263.401 57.4324
1908 283.032 263.401 57.4665
1909 283.03 263.401 57.4954
1910 283.027 263.401 57.5244
1911 283.024 263.401 57.5533
1912 283.021 263.401 57.5823
1913 283.019 263.401 57.6112
1914 283.017 263.401 57.64
1915 283.015 263.401 57.6706
1916 283.011 263.401 57.6995
1917 283.01 263.401 57.73
1918 283.007 263.401 57.7595
1919 283.005 263.401 57.7889
1920 283.004 263.401 57.8194
1921 283.001 263.401 57.8483
1922 282.999 263.401 57.8773
1923 282.997 263.401 57.9077
1924 282.994 263.401 57.9366
1925 282.992 263.401 57.9657
1926 282.99 263.401 58.0625
1927 282.988 263.401 58.1372
1928 282.986 263.401 58.2023
1929 282.984 263.401 58.2479
1930 282.981 263.401 58.3075
1931 282.979 263.401 58.3386
1932 282.978 263.401 58.3712
1933 282.975 263.401 58.4001
1934 282.973 263.401 58.429
1935 282.971 263.401 58.4579
1936 282.969 263.401 58.4882
1937 282.967 263.401 58.5172
1938 282.965 263.401 58.5472
1939 282.963 263.401 58.5765
1940 282.96 263.401 58.6065
1941 282.958 263.401 58.6354
1942 282.956 263.401 58.6656
1943 282.954 263.401 58.6945
1944 282.953 263.401 58.7234
1945 282.95 263.401 58.7523
1946 282.948 263.401 58.7816
1947 282.946 263.401 58.811
1948 282.944 263.401 58.8408
1949 282.942 263.401 58.8715
1950 282.94 263.401 58.9004
1951 282.938 263.401 58.9296
1952 282.935 263.401 58.9586
1953 282.931 263.401 58.9876
1954 282.929 263.401 59.0165
1955 282.927 263.401 59.0557
1956 282.925 263.401 59.0936
1957 282.923 263.401 59.1227
1958 282.921 263.401 59.1516
1959 282.919 263.401 59.1804
1960 282.918 263.401 59.2093
1961 282.915 263.401 59.2383
1962 282.913 263.401 59.2672
1963 282.911 263.401 59.2961
1964 282.908 263.401 59.3252
1965 282.907 263.401 59.3541
1966 282.905 263.401 59.383
1967 282.903 263.401 59.4118
1968 282.9 263.401 59.4408
1969 282.897 263.401 59.4697
1970 282.895 263.401 59.4987
1971 282.893 263.401 59.5276
1972 282.891 263.401 59.5566
1973 282.889 263.401 59.5855
1974 282.887 263.401 59.6144
1975 282.884 263.401 59.6434
1976 282.882 263.401 59.6722
1977 282.88 263.401 59.7011
1978 282.879 263.401 59.7301
1979 282.876 263.401 59.7592
1980 282.874 263.401 59.7884
1981 282.872 263.401 59.8172
1982 282.871 263.401 59.8463
1983 282.868 263.401 59.8752
1984 282.866 263.401 59.904
1985 282.864 263.401 59.9366
1986 282.861 263.401 59.9659
1987 282.859 263.401 59.9948
1988 282.857 263.401 60.0237
1989 282.855 263.401 60.0534
1990 282.852 263.401 60.0823
1991 282.851 263.401 60.1113
1992 282.849 263.401 60.1402
1993 282.847 263.401 60.1692
1994 282.845 263.401 60.1981
1995 282.843 263.401 60.227
1996 282.841 263.401 60.2558
1997 282.838 263.401 60.2848
1998 282.836 263.401 60.3137
1999 282.834 263.401 60.3425
