iteration internal-T external-T loop-time(ms) calcT-time(ms) wall-time(ms)
0 300 280 18.375833511352539 2.9744789600372314 21
1 299.19999999999999 280.00000883531476 18.363332748413086 2.9644789695739746 43
2 298.52813741741738 280.0000162554615 18.341875076293945 2.9682290554046631 64
3 297.94710600452674 280.00002267245571 18.317083358764648 2.9715631008148193 86
4 297.43349718286197 280.00002834482524 18.312761306762695 2.9703130722045898 107
5 296.97180041472416 280.00003344387056 18.303386688232422 2.963386058807373 128
6 296.55130638030687 280.00003808786704 18.298749923706055 2.9429690837860107 150
7 296.16435677203572 280.00004236139398 18.276405334472656 2.9351561069488525 171
8 295.80530500684142 280.00004632681322 18.273645401000977 2.9573431015014648 193
9 295.46987441645172 280.00005003135669 18.261978149414062 2.9321870803833008 214
10 295.15474864618375 280.00005351165095 18.258281707763672 2.9392709732055664 235
11 294.85730236363128 280.00005679669039 18.267448425292969 2.9623959064483643 257
12 294.57541936238107 280.00005990984664 18.261407852172852 2.9688539505004883 278
13 294.30736659798424 280.0000628702598 18.265417098999023 2.9480729103088379 299
14 294.05170493986634 280.00006569382384 18.252603530883789 2.9639589786529541 321
15 293.80722459684324 280.00006839389982 18.255521774291992 2.9593229293823242 342
16 293.57289749130234 280.00007098184204 18.247447967529297 2.9741671085357666 363
17 293.34784151461503 280.0000734673925 18.240261077880859 2.9850530624389648 385
18 293.1312932699164 280.00007585898231 18.248437881469727 2.9633340835571289 406
19 292.92258698416197 280.00007816396453 18.248592376708984 2.9643220901489258 428
20 292.72113797695755 280.00008038879622 18.250572204589844 2.9415109157562256 449
21 292.52642954511953 280.00008253918406 18.248281478881836 2.942863941192627 470
22 292.33800244261971 280.00008462020008 18.247760772705078 2.9589579105377197 492
23 292.15544635734591 280.00008663637567 18.246978759765625 2.9697909355163574 513
24 291.97839294191681 280.00008859177899 18.245990753173828 2.993541955947876 534
25 291.80651006684599 280.00009049007815 18.248750686645508 2.9572920799255371 556
26 291.63949704460504 280.00009233459394 18.236875534057617 2.959583044052124 577
27 291.47708063188128 280.00009412834402 18.246614456176758 2.9165630340576172 598
28 291.31901166082787 280.00009587408044 18.242290496826172 2.9391140937805176 620
29 291.16506218269768 280.00009757432053 18.245677947998047 2.9643230438232422 641
30 291.01502303191194 280.00009923137452 18.240676879882812 2.963386058807373 663
31 290.86870173745945 280.00010084736783 18.241666793823242 2.9277079105377197 684
32 290.72592072306355 280.0001024242618 18.241926193237305 2.9706768989562988 705
33 290.58651574885124 280.00010396387034 18.24005126953125 2.9605729579925537 727
34 290.45033455612861 280.00010546787496 18.24708366394043 2.9823439121246338 748
35 290.31723568386673 280.00010693783804 18.236146926879883 2.9286460876464844 769
36 290.18708743107362 280.00010837521393 18.236459732055664 2.9902598857879639 791
37 290.05976694368979 280.0001097813597 18.239114761352539 2.9538021087646484 812
38 289.93515940824278 280.00011115754319 18.235990524291992 2.9592189788818359 833
39 289.81315733741167 280.00011250495157 18.237447738647461 2.9160940647125244 855
40 289.6936599350297 280.00011382469802 18.232187271118164 2.9782290458679199 876
41 289.57657253000582 280.00011511782816 18.256614685058594 3.0689060688018799 898
42 289.46180607024894 280.00011638532533 18.258594512939453 2.9688019752502441 919
43 289.34927666901166 280.00011762811619 18.258386611938477 3.0060420036315918 940
44 289.23890519717514 280.00011884707453 18.244688034057617 2.934791088104248 962
45 289.1306169159231 280.0001200430259 18.236770629882812 2.9621350765228271 983
46 289.02434114502586 280.00012121675076 18.240938186645508 3.0221869945526123 1005
47 288.92001096261174 280.00012236898823 18.265520095825195 3.2027609348297119 1026
48 288.81756293285309 280.00012350043897 18.267551422119141 3.038593053817749 1048
49 288.71693685846407 280.00012461176777 18.249687194824219 2.9736459255218506 1069
50 288.61807555530766 280.00012570360616 18.236042022705078 2.9865620136260986 1091
51 288.52092464674763 280.00012677655479 18.228593826293945 2.9649479389190674 1112
52 288.42543237567719 280.00012783118513 18.220312118530273 2.9929690361022949 1134
53 288.33154943240402 280.00012886804177 18.225990295410156 2.926875114440918 1155
54 288.23922879679174 280.00012988764411 18.231145858764648 2.9873960018157959 1176
55 288.14842559324154 280.00013089048775 18.221197128295898 2.9493749141693115 1198
56 288.05909695726479 280.00013187704599 18.230312347412109 2.9572389125823975 1219
57 287.97120191253401 280.00013284777145 18.218332290649414 2.9648959636688232 1240
58 287.88470125742828 280.00013380309719 18.221145629882812 2.9630730152130127 1262
59 287.79955746019078 280.00013474343746 18.224113464355469 2.9370310306549072 1283
60 287.71573456191783 280.00013566918955 18.225000381469727 2.9486451148986816 1304
61 287.63319808667342 280.00013658073425 18.218698501586914 2.9519789218902588 1326
62 287.55191495810391 280.00013747843678 18.230520248413086 3.004270076751709 1347
63 287.47185342198782 280.00013836264782 18.226978302001953 2.965364933013916 1369
64 287.39298297421027 280.00013923370443 18.244167327880859 2.9648959636688232 1390
65 287.31527429371033 280.00014009193018 18.230573654174805 2.9567708969116211 1411
66 287.23869917998297 280.00014093763673 18.217708587646484 2.9880199432373047 1433
67 287.16323049476711 280.00014177112371 18.229375839233398 2.9479169845581055 1454
68 287.08884210758015 280.00014259267977 18.216875076293945 2.9568750858306885 1475
69 287.01550884479389 280.00014340258281 18.220468521118164 2.9601559638977051 1497
70 286.94320644197416 280.00014420110091 18.222030639648438 2.9701559543609619 1518
71 286.87191149923098 280.00014498849248 18.226093292236328 2.9590630531311035 1539
72 286.80160143935132 280.00014576500689 18.220052719116211 2.9463019371032715 1561
73 286.73225446850324 280.00014653088476 18.219322204589844 2.9609379768371582 1582
74 286.66384953932084 280.00014728635864 18.224636077880859 2.9646360874176025 1603
75 286.59636631619645 280.00014803165305 18.218801498413086 2.9395830631256104 1625
76 286.52978514261821 280.00014876698503 18.224218368530273 2.9708859920501709 1646
77 286.46408701040968 280.00014949256462 18.220521926879883 2.9397389888763428 1667
78 286.39925353073409 280.00015020859485 18.215208053588867 2.9671869277954102 1689
79 286.33526690674267 280.00015091527229 18.224843978881836 2.9407289028167725 1710
80 286.27210990775279 280.00015161278731 18.214061737060547 2.9697909355163574 1731
81 286.20976584485186 280.00015230132408 18.224687576293945 2.9633328914642334 1753
82 286.14821854783156 280.00015298106121 18.21484375 2.9511981010437012 1774
83 286.08745234336385 280.00015365217189 18.215520858764648 2.9703640937805176 1795
84 286.02745203433705 280.00015431482393 18.212291717529297 2.9148950576782227 1817
85 285.96820288027772 280.00015496918007 18.211458206176758 2.9615108966827393 1838
86 285.90969057878766 280.00015561539828 18.21546745300293 2.9332809448242188 1859
87 285.85190124793263 280.00015625363199 18.213384628295898 2.9495830535888672 1881
88 285.79482140952234 280.00015688402993 18.221197128295898 2.9433860778808594 1902
89 285.73843797322797 280.00015750673663 18.212656021118164 2.9465630054473877 1923
90 285.68273822148444 280.0001581218927 18.217657089233398 2.9765629768371582 1944
91 285.62770979513112 280.00015872963451 18.213907241821289 2.9774479866027832 1966
92 285.57334067974665 280.00015933009479 18.221614837646484 2.9733340740203857 1987
93 285.51961919263601 280.00015992340263 18.226875305175781 2.9334371089935303 2009
94 285.46653397043366 280.00016050968344 18.219009399414062 2.9683339595794678 2030
95 285.41407395728464 280.0001610890593 18.226146697998047 2.9401040077209473 2051
96 285.36222839357293 280.00016166164926 18.214895248413086 2.9649999141693115 2073
97 285.31098680516493 280.00016222756864 18.213541030883789 2.9827079772949219 2094
98 285.26033899313961 280.00016278693033 18.210676193237305 2.9615108966827393 2115
99 285.21027502397806 280.00016333984399 18.223020553588867 2.9752609729766846 2137
100 285.16078522018836 280.00016388641649 18.230312347412109 2.9436979293823242 2158
101 285.1118601513416 280.00016442675195 18.217655181884766 2.9387500286102295 2179
102 285.06349062549612 280.00016496095196 18.217292785644531 2.9895310401916504 2201
103 285.01566768099224 280.00016548911549 18.237031936645508 2.9610419273376465 2222
104 284.96838257859446 280.00016601133888 18.218542098999023 3.0005209445953369 2243
105 284.92162679396631 280.00016652771654 18.220989227294922 2.9639580249786377 2265
106 284.87539201045945 280.00016703834012 18.213802337646484 2.9680728912353516 2286
107 284.82967011220012 280.00016754329931 18.220884323120117 2.9291150569915771 2307
108 284.78445317746105 280.00016804268171 18.215469360351562 2.9396359920501709 2329
109 284.73973347230083 280.00016853657246 18.217187881469727 2.9564580917358398 2350
110 284.69550344446094 280.0001690250553 18.215261459350586 2.9671869277954102 2371
111 284.65175571750598 280.00016950821146 18.218177795410156 2.9618229866027832 2393
112 284.60848308519616 280.00016998612051 18.217500686645508 2.9773440361022949 2414
113 284.56567850608059 280.0001704588604 18.215000152587891 2.9235939979553223 2435
114 284.52333509830163 280.00017092650722 18.220989227294922 2.949739933013916 2457
115 284.48144613459971 280.00017138913495 18.221406936645508 2.9357290267944336 2478
116 284.44000503750959 280.00017184681639 18.216718673706055 2.9521870613098145 2499
117 284.39900537474 280.00017229962253 18.215728759765625 2.9528648853302002 2521
118 284.35844085472672 280.00017274762291 18.216667175292969 2.9647910594940186 2542
119 284.31830532235364 280.0001731908855 18.221458435058594 2.9485940933227539 2563
120 284.27859275483144 280.00017362947682 18.216770172119141 2.9645309448242188 2585
121 284.23929725773007 280.00017406346188 18.218906402587891 2.9483330249786377 2606
122 284.2004130611561 280.00017449290442 18.213125228881836 2.9794270992279053 2627
123 284.16193451606847 280.00017491786701 18.222396850585938 2.9680209159851074 2649
124 284.12385609072953 280.00017533841066 18.324686050415039 2.956718921661377 2670
125 284.08617236728134 280.00017575459509 18.322656631469727 2.9647390842437744 2691
126 284.04887803844645 280.00017616647904 18.325729370117188 2.9746870994567871 2713
127 284.01196790434375 280.00017657411985 18.327655792236328 2.9473960399627686 2734
128 283.97543686941822 280.0001769775738 18.330469131469727 2.9746880531311035 2756
129 283.93927993947699 280.00017737689609 18.327604293823242 2.9629170894622803 2777
130 283.90349221882985 280.00017777214077 18.320520401000977 2.9954690933227539 2799
131 283.86806890752746 280.000178163361 18.323333740234375 2.9520831108093262 2820
132 283.83300529869581 280.00017855060855 18.321197509765625 2.9379160404205322 2842
133 283.79829677596121 280.00017893393442 18.323802947998047 2.9636979103088379 2863
134 283.76393881096317 280.00017931338874 18.317968368530273 2.9694271087646484 2884
135 283.72992696095122 280.0001796890204 18.320363998413086 2.9711461067199707 2906
136 283.69625686646322 280.00018006087777 18.312292098999023 2.9592709541320801 2927
137 283.66292424908039 280.00018042900797 18.32697868347168 2.9810929298400879 2949
138 283.62992490925831 280.00018079345745 18.316301345825195 2.9638550281524658 2970
139 283.59725472422866 280.00018115427167 18.309061050415039 2.9152610301971436 2991
140 283.56490964597089 280.00018151149527 18.324947357177734 2.9791140556335449 3013
141 283.53288569925002 280.00018186517235 18.320053100585938 2.9567708969116211 3034
142 283.5011789797187 280.00018221534589 18.324947357177734 2.9514589309692383 3056
143 283.46978565208059 280.00018256205828 18.320625305175781 2.9683849811553955 3077
144 283.43870194831317 280.00018290535115 18.322032928466797 3.0138020515441895 3099
145 283.40792416594809 280.00018324526553 18.316614151000977 2.9625530242919922 3120
146 283.37744866640594 280.00018358184133 18.315937042236328 2.9564061164855957 3142
147 283.34727187338461 280.00018391511816 18.314947128295898 2.9536979198455811 3163
148 283.31739027129777 280.00018424513485 18.317031860351562 2.9539580345153809 3184
149 283.28780040376449 280.00018457192959 18.320676803588867 2.9790101051330566 3206
150 283.25849887214395 280.00018489553992 18.314947128295898 2.9634900093078613 3227
151 283.22948233411779 280.00018521600265 18.316198348999023 2.9685940742492676 3249
152 283.20074750231572 280.00018553335428 18.315156936645508 2.9822919368743896 3270
153 283.17229114298402 280.00018584763041 18.319374084472656 2.9677600860595703 3292
154 283.14411007469459 280.00018615886614 18.322395324707031 2.9727089405059814 3313
155 283.11620116709463 280.00018646709606 18.318750381469727 2.9762499332427979 3334
156 283.08856133969368 280.00018677235425 18.323957443237305 2.9914588928222656 3356
157 283.0611875606877 280.00018707467422 18.319114685058594 2.9334900379180908 3377
158 283.03407684581913 280.00018737408891 18.315208435058594 2.9749479293823242 3399
159 283.00722625727127 280.00018767063074 18.32635498046875 2.9584379196166992 3420
160 282.98063290259518 280.00018796433153 18.322811126708984 2.9875519275665283 3442
161 282.95429393367004 280.00018825522284 18.328384399414062 2.9765629768371582 3463
162 282.92820654569294 280.00018854333581 18.324792861938477 3.0006248950958252 3485
163 282.9023679761998 280.00018882870063 18.318021774291992 2.9896869659423828 3506
164 282.87677550411451 280.00018911134754 18.323957443237305 2.9819788932800293 3527
165 282.85142644882626 280.00018939130604 18.324636459350586 2.9645309448242188 3549
166 282.82631816929387 280.00018966860557 18.31718635559082 2.990833044052124 3570
167 282.80144806317611 280.00018994327468 18.319896697998047 2.9702079296112061 3592
168 282.77681356598737 280.00019021534149 18.323230743408203 2.9761459827423096 3613
169 282.75241215027751 280.00019048483426 18.321979522705078 3.0493230819702148 3635
170 282.72824132483561 280.00019075178028 18.341978073120117 3.0006771087646484 3656
171 282.70429863391621 280.00019101620677 18.34375 3.0697910785675049 3678
172 282.68058165648739 280.00019127814045 18.34588623046875 3.0133860111236572 3700
173 282.65708800550118 280.00019153760769 18.328542709350586 2.974113941192627 3721
174 282.63381532718336 280.00019179463442 18.322238922119141 2.9545838832855225 3742
175 282.61076130034365 280.00019204924666 18.331771850585938 3.0139579772949219 3764
176 282.58792363570569 280.00019230146899 18.333332061767578 2.9861979484558105 3785
177 282.56530007525487 280.00019255132685 18.323905944824219 2.9744799137115479 3807
178 282.54288839160489 280.00019279884469 18.318540573120117 2.9772388935089111 3828
179 282.52068638738149 280.00019304404674 18.325832366943359 3.0040099620819092 3850
180 282.49869189462322 280.00019328695709 18.316459655761719 2.9479680061340332 3871
181 282.47690277419827 280.00019352759938 18.315938949584961 2.9873960018157959 3893
182 282.4553169152378 280.00019376599658 18.328540802001953 2.9661979675292969 3914
183 282.43393223458412 280.00019400217212 18.315885543823242 2.9382290840148926 3936
184 282.41274667625351 280.00019423614839 18.325157165527344 2.9323439598083496 3957
185 282.39175821091425 280.00019446794806 18.324375152587891 2.974323034286499 3978
186 282.37096483537812 280.00019469759309 18.32093620300293 2.9164071083068848 4000
187 282.35036457210487 280.00019492510546 18.32130241394043 2.9491150379180908 4021
188 282.32995546872104 280.0001951505065 18.312604904174805 2.9230730533599854 4043
189 282.30973559755012 280.00019537381758 18.327396392822266 2.9602599143981934 4064
190 282.28970305515583 280.00019559505984 18.322656631469727 2.9901559352874756 4085
191 282.26985596189695 280.00019581425397 18.316457748413086 3.0004689693450928 4107
192 282.2501924614939 280.0001960314205 18.316562652587891 2.9702079296112061 4128
193 282.23071072060611 280.00019624657972 18.320728302001953 3.0085411071777344 4150
194 282.21140892842055 280.00019645975146 18.318750381469727 2.9761450290679932 4171
195 282.19228529625059 280.00019667095557 18.314582824707031 2.9684898853302002 4193
196 282.17333805714509 280.0001968802116 18.332500457763672 2.9491150379180908 4214
197 282.15456546550729 280.00019708753882 18.325832366943359 2.9857289791107178 4236
198 282.13596579672338 280.00019729295616 18.312292098999023 2.9809379577636719 4257
199 282.11753734679996 280.0001974964826 18.324375152587891 2.9708330631256104 4279
200 282.09927843201109 280.00019769813662 18.328229904174805 2.9822919368743896 4300
201 282.08118738855336 280.00019789793674 18.324113845825195 2.9580729007720947 4322
202 282.06326257220991 280.00019809590111 18.312709808349609 2.9653639793395996 4343
203 282.04550235802265 280.0001982920474 18.320104598999023 2.9485940933227539 4364
204 282.02790513997195 280.00019848639357 18.318645477294922 2.9618749618530273 4386
205 282.01046933066436 280.00019867895708 18.313177108764648 2.9709370136260986 4407
206 281.9931933610282 280.00019886975542 18.310728073120117 2.9352080821990967 4429
207 281.97607568001541 280.00019905880566 18.314374923706055 2.9247920513153076 4450
208 281.95911475431149 280.00019924612451 18.316875457763672 2.988853931427002 4471
209 281.94230906805137 280.00019943172884 18.312082290649414 2.9511458873748779 4493
210 281.92565712254299 280.00019961563527 18.313802719116211 2.9914579391479492 4514
211 281.90915743599589 280.0001997978602 18.319583892822266 2.9530210494995117 4536
212 281.89280854325739 280.00019997841974 18.312395095825195 2.9698441028594971 4557
213 281.87660899555425 280.00020015733003 18.309114456176758 2.9666669368743896 4579
214 281.8605573602398 280.00020033460652 18.314790725708008 2.973750114440918 4600
215 281.8446522205478 280.00020051026513 18.322761535644531 2.9883339405059814 4621
216 281.82889217535069 280.00020068432127 18.314687728881836 2.9532289505004883 4643
217 281.8132758389246 280.0002008567904 18.315469741821289 2.9719789028167725 4664
218 281.79780184071791 280.0002010276873 18.309999465942383 2.9777600765228271 4686
219 281.78246882512667 280.00020119702742 18.314947128295898 2.9920840263366699 4707
220 281.76727545127346 280.00020136482527 18.320520401000977 2.9646871089935303 4729
221 281.75222039279214 280.0002015310954 18.319063186645508 2.9481780529022217 4750
222 281.73730233761643 280.00020169585252 18.323125839233398 2.9629690647125244 4772
223 281.72251998777375 280.00020185911097 18.304061889648438 2.9597399234771729 4793
224 281.70787205918299 280.00020202088484 18.307395935058594 2.9773960113525391 4814
225 281.69335728145671 280.00020218118811 18.310573577880859 2.9902610778808594 4836
226 281.67897439770741 280.00020234003483 18.308385848999023 2.9734890460968018 4857
227 281.66472216435835 280.00020249743841 18.314634323120117 2.9743750095367432 4879
228 281.65059935095718 280.00020265341283 18.314115524291992 2.9760410785675049 4900
229 281.63660473999488 280.00020280797139 18.318384170532227 2.9478650093078613 4922
230 281.6227371267272 280.00020296112723 18.307239532470703 2.9535939693450928 4943
231 281.60899531899997 280.00020311289364 18.315103530883789 2.959583044052124 4964
232 281.59537813707902 280.00020326328382 18.308229446411133 2.9368751049041748 4986
233 281.58188441348142 280.00020341231044 18.308073043823242 2.9744269847869873 5007
234 281.56851299281232 280.00020355998635 18.30921745300293 2.9540109634399414 5029
235 281.55526273160359 280.0002037063241 18.314687728881836 2.9649479389190674 5050
236 281.54213249815581 280.00020385133621 18.316562652587891 2.9532809257507324 5071
237 281.52912117238367 280.00020399503529 18.312395095825195 2.9810929298400879 5093
238 281.51622764566451 280.00020413743323 18.308332443237305 2.9744799137115479 5114
239 281.50345082068918 280.0002042785423 18.321771621704102 2.9572389125823975 5136
240 281.49078961131607 280.00020441837444 18.308698654174805 2.9628639221191406 5157
241 281.47824294242776 280.00020455694175 18.317136764526367 2.9752600193023682 5179
242 281.46580974979094 280.00020469425567 18.306926727294922 3.0069789886474609 5200
243 281.45348897991789 280.00020483032796 18.319271087646484 2.9794790744781494 5221
244 281.44127958993136 280.00020496517044 18.310989379882812 2.9788539409637451 5243
245 281.42918054743188 280.00020509879386 18.320520401000977 3.0036981105804443 5264
246 281.41719083036668 280.00020523120997 18.315780639648438 2.9782290458679199 5286
247 281.40530942690225 280.00020536242988 18.316667556762695 2.9707810878753662 5307
248 281.39353533529805 280.00020549246477 18.317031860351562 2.9710938930511475 5329
249 281.38186756378298 280.00020562132522 18.308750152587891 2.9721879959106445 5350
250 281.3703051304343 280.00020574902243 18.312030792236328 2.9538540840148926 5372
251 281.35884706305791 280.00020587556696 18.309061050415039 2.9555730819702148 5393
252 281.34749239907137 280.00020600096951 18.310468673706055 2.9761979579925537 5414
253 281.33624018538882 280.00020612524054 18.308385848999023 2.9492180347442627 5436
254 281.32508947830769 280.00020624839061 18.314062118530273 2.9484899044036865 5457
255 281.31403934339721 280.00020637042985 18.320833206176758 2.9598441123962402 5479
256 281.30308885538926 280.0002064913686 18.317344665527344 2.9472920894622803 5500
257 281.29223709807115 280.00020661121698 18.324895858764648 2.9667189121246338 5521
258 281.28148316417889 280.000206729985 18.315988540649414 2.9797921180725098 5543
259 281.270826155294 280.00020684768236 18.31525993347168 2.962291955947876 5564
260 281.26026518174126 280.00020696431949 18.312448501586914 2.9818229675292969 5586
261 281.24979936248712 280.00020707990535 18.31968879699707 2.9823429584503174 5607
262 281.23942782504162 280.00020719445013 18.323280334472656 2.9713020324707031 5629
263 281.22914970536078 280.00020730796319 18.317707061767578 2.9604690074920654 5650
264 281.21896414775006 280.00020742045393 18.31739616394043 2.9980731010437012 5672
265 281.20887030477093 280.00020753193178 18.317291259765625 2.9692189693450928 5693
266 281.19886733714736 280.000207642406 18.328229904174805 2.9622399806976318 5715
267 281.18895441367425 280.00020775188574 18.324010848999023 2.966249942779541 5736
268 281.1791307111281 280.00020786038004 18.32109260559082 2.9670319557189941 5757
269 281.16939541417759 280.00020796789818 18.328802108764648 2.96567702293396 5779
270 281.15974771529676 280.00020807444878 18.323593139648438 2.9703121185302734 5800
271 281.1501868146787 280.00020818004072 18.32697868347168 2.9812500476837158 5822
272 281.14071192015115 280.0002082846828 18.316875457763672 2.9814059734344482 5843
273 281.13132224709273 280.00020838838367 18.319583892822266 2.960676908493042 5865
274 281.12201701835124 280.00020849115197 18.318073272705078 2.9865100383758545 5886
275 281.11279546416199 280.0002085929961 18.322969436645508 2.9802091121673584 5908
276 281.10365682206856 280.00020869392466 18.31916618347168 2.9627079963684082 5929
277 281.09460033684394 280.00020879394566 18.324583053588867 2.9298961162567139 5950
278 281.08562526041283 280.00020889306779 18.317342758178711 2.9625000953674316 5972
279 281.07673085177544 280.0002089912989 18.316249847412109 2.9616138935089111 5993
280 281.06791637693226 280.00020908864707 18.316822052001953 2.9511981010437012 6015
281 281.0591811088093 280.00020918512075 18.320520401000977 2.9733328819274902 6036
282 281.05052432718543 280.0002092807274 18.313957214355469 2.9673440456390381 6057
283 281.04194531861975 280.00020937547538 18.360103607177734 2.9913020133972168 6079
284 281.03344337638083 280.0002094693719 18.361249923706055 3.2186980247497559 6101
285 281.02501780037562 280.0002095624252 18.341197967529297 3.0060930252075195 6122
286 281.01666789708122 280.00020965464273 18.327812194824219 2.9735410213470459 6144
287 281.00839297947556 280.00020974603217 18.316301345825195 2.9546360969543457 6165
288 281.00019236697085 280.00020983660079 18.312707901000977 2.941615104675293 6187
289 280.99206538534634 280.00020992635643 18.311040878295898 3.0013539791107178 6208
290 280.98401136668298 280.00021001530615 18.315677642822266 2.9956250190734863 6230
291 280.97602964929871 280.00021010345739 18.321771621704102 3.0103650093078613 6251
292 280.96811957768426 280.00021019081737 18.308437347412109 2.941093921661377 6273
293 280.96028050244047 280.00021027739325 18.316459655761719 2.9932301044464111 6294
294 280.95251178021545 280.00021036319202 18.305000305175781 2.9539060592651367 6316
295 280.94481277364366 280.00021044822108 18.315469741821289 2.977708101272583 6337
296 280.93718285128472 280.00021053248696 18.302915573120117 2.990833044052124 6359
297 280.92962138756405 280.00021061599688 18.337396621704102 2.9978649616241455 6380
298 280.92212776271299 280.00021069875754 18.312292098999023 2.961198091506958 6401
299 280.91470136271113 280.00021078077577 18.313230514526367 2.9954690933227539 6423
300 280.90734157922793 280.00021086205822 18.331354141235352 2.9615108966827393 6445
301 280.90004780956627 280.00021094261166 18.314062118530273 2.9449479579925537 6466
302 280.89281945660588 280.00021102244278 18.316926956176758 2.9461460113525391 6487
303 280.88565592874784 280.00021110155768 18.311822891235352 3 6509
304 280.87855663985988 280.00021117996329 18.315572738647461 2.91880202293396 6530
305 280.87152100922174 280.00021125766574 18.305208206176758 2.9682290554046631 6552
306 280.86454846147188 280.00021133467158 18.302135467529297 2.9443750381469727 6573
307 280.85763842655439 280.00021141098699 18.300260543823242 2.96875 6594
308 280.8507903396669 280.00021148661824 18.299219131469727 2.9792699813842773 6616
309 280.84400364120859 280.00021156157163 18.308332443237305 2.9571869373321533 6637
310 280.83727777672959 280.00021163585296 18.306928634643555 2.9773440361022949 6659
311 280.83061219688 280.0002117094686 18.303333282470703 2.964634895324707 6680
312 280.82400635736013 280.00021178242451 18.30567741394043 2.958906888961792 6702
313 280.81745971887153 280.00021185472644 18.310676574707031 3.0144269466400146 6723
314 280.81097174706792 280.00021192638059 18.300104141235352 2.9214580059051514 6744
315 280.80454191250715 280.00021199739246 18.305572509765625 2.9546349048614502 6766
316 280.79816969060363 280.00021206776819 18.302968978881836 2.955625057220459 6787
317 280.7918545615812 280.00021213751353 18.303333282470703 2.9601039886474609 6809
318 280.78559601042667 280.00021220663371 18.301666259765625 2.9668231010437012 6830
319 280.77939352684376 280.00021227513486 18.292030334472656 2.9513540267944336 6851
320 280.77324660520759 280.00021234302244 18.294687271118164 2.9398961067199707 6873
321 280.76715474451981 280.00021241030169 18.295156478881836 2.9856770038604736 6894
322 280.76111744836396 280.0002124769785 18.301042556762695 2.9698441028594971 6916
323 280.75513422486188 280.00021254305818 18.298334121704102 2.9657289981842041 6937
324 280.74920458662967 280.00021260854601 18.289270401000977 2.9728119373321533 6958
325 280.74332805073522 280.00021267344715 18.29119873046875 2.9850521087646484 6980
326 280.73750413865537 280.00021273776724 18.295209884643555 2.95619797706604 7001
327 280.73173237623371 280.00021280151145 18.293281555175781 2.9747390747070312 7023
328 280.72601229363954 280.00021286468507 18.296092987060547 2.9827079772949219 7044
329 280.72034342532595 280.00021292729275 18.301458358764648 2.9480209350585938 7066
330 280.71472530998983 280.00021298934001 18.304323196411133 2.9635939598083496 7087
331 280.70915749053114 280.0002130508318 18.298542022705078 2.9781770706176758 7108
332 280.70363951401339 280.00021311177312 18.29197883605957 2.961561918258667 7130
333 280.69817093162374 280.00021317216891 18.293750762939453 2.9619269371032715 7151
334 280.69275129863462 280.00021323202407 18.292865753173828 2.9703640937805176 7173
335 280.68738017436476 280.00021329134353 18.28807258605957 2.9667179584503174 7194
336 280.68205712214109 280.00021335013219 18.283906936645508 2.9608850479125977 7215
337 280.67678170926104 280.00021340839459 18.294687271118164 2.984375 7237
338 280.67155350695521 280.00021346613551 18.291040420532227 2.993696928024292 7258
339 280.66637209035025 280.00021352335995 18.289218902587891 2.9688539505004883 7280
340 280.66123703843255 280.00021358007211 18.289375305175781 2.9658339023590088 7301
341 280.65614793401159 280.00021363627695 18.293333053588867 2.9669270515441895 7322
342 280.65110436368457 280.0002136919789 18.292812347412109 2.9781770706176758 7344
343 280.64610591780053 280.00021374718244 18.293176651000977 2.994636058807373 7365
344 280.64115219042571 280.00021380189196 18.295988082885742 2.9915099143981934 7387
345 280.63624277930853 280.00021385611234 18.294271469116211 2.980781078338623 7408
346 280.6313772858453 280.0002139098475 18.293645858764648 2.9684369564056396 7429
347 280.62655531504601 280.00021396310206 18.293853759765625 2.9628129005432129 7451
348 280.62177647550084 280.00021401588026 18.293853759765625 2.9628651142120361 7472
349 280.61704037934709 280.00021406818644 18.29786491394043 2.990833044052124 7494
350 280.61234664223576 280.00021412002468 18.291509628295898 2.9705209732055664 7515
351 280.60769488329885 280.00021417139948 18.311614990234375 2.9476571083068848 7537
352 280.60308472511736 280.00021422231464 18.299583435058594 2.9693748950958252 7558
353 280.59851579368927 280.00021427277466 18.306615829467773 2.9423959255218506 7579
354 280.59398771839756 280.00021432278328 18.296092987060547 2.9510419368743896 7601
355 280.58950013197915 280.00021437234489 18.290103912353516 2.9479689598083496 7622
356 280.58505267049372 280.00021442146317 18.303020477294922 2.9801039695739746 7644
357 280.58064497329275 280.0002144701424 18.303489685058594 2.9783859252929688 7665
358 280.57627668298966 280.00021451838643 18.301250457763672 2.9873960018157959 7686
359 280.57194744542903 280.00021456619913 18.302343368530273 2.9808330535888672 7708
360 280.56765690965739 280.00021461358443 18.304948806762695 2.9669790267944336 7729
361 280.56340472789304 280.00021466054608 18.298698425292969 2.9736459255218506 7751
362 280.55919055549737 280.00021470708811 18.292291641235352 2.9693748950958252 7772
363 280.55501405094549 280.0002147532141 18.299583435058594 2.9925520420074463 7794
364 280.55087487579777 280.00021479892774 18.292917251586914 2.9327609539031982 7815
365 280.54677269467152 280.0002148442328 18.284843444824219 2.9645309448242188 7836
366 280.54270717521268 280.00021488913296 18.290729522705078 2.9622910022735596 7858
367 280.53867798806795 280.00021493363181 18.292604446411133 2.9816150665283203 7879
368 280.53468480685768 280.00021497773321 18.293697357177734 2.9966139793395996 7901
369 280.53072730814785 280.00021502144034 18.294063568115234 2.9537498950958252 7922
370 280.52680517142352 280.00021506475701 18.297447204589844 2.9499480724334717 7943
371 280.52291807906221 280.00021510768642 18.292343139648438 2.9736459255218506 7965
372 280.51906571630678 280.00021515023258 18.286874771118164 2.9726040363311768 7986
373 280.51524777123967 280.00021519239846 18.289791107177734 2.9692709445953369 8008
374 280.51146393475693 280.00021523418764 18.28239631652832 2.9836978912353516 8029
375 280.50771390054194 280.00021527560375 18.284374237060547 2.9736459255218506 8050
376 280.50399736504056 280.00021531664964 18.292863845825195 2.9732820987701416 8072
377 280.50031402743559 280.00021535732901 18.298437118530273 2.9361460208892822 8093
378 280.49666358962145 280.00021539764481 18.286769866943359 2.9598960876464844 8114
379 280.49304575617992 280.00021543760067 18.284061431884766 2.9816670417785645 8136
380 280.48946023435531 280.00021547719967 18.281927108764648 2.962291955947876 8157
381 280.48590673403021 280.00021551644517 18.293333053588867 2.9814579486846924 8179
382 280.48238496770148 280.00021555534011 18.293645858764648 2.944166898727417 8200
383 280.4788946504562 280.00021559388756 18.295782089233398 2.9835929870605469 8222
384 280.47543549994833 280.00021563209089 18.296354293823242 2.985260009765625 8243
385 280.47200723637519 280.00021566995321 18.296926498413086 2.9808340072631836 8264
386 280.46860958245418 280.00021570747737 18.290573120117188 2.9966139793395996 8286
387 280.46524226340011 280.00021574466655 18.298542022705078 2.9803650379180908 8307
388 280.46190500690216 280.00021578152359 18.290521621704102 2.9769270420074463 8329
389 280.45859754310135 280.00021581805174 18.300207138061523 2.9715099334716797 8350
390 280.45531960456873 280.00021585425384 18.293750762939453 2.9369270801544189 8371
391 280.4520709262826 280.00021589013267 18.306198120117188 2.9807291030883789 8393
392 280.44885124560716 280.00021592569135 18.283906936645508 2.9609899520874023 8414
393 280.44566030227037 280.00021596093256 18.299478530883789 3.0060410499572754 8436
394 280.442497838343 280.00021599585915 18.296823501586914 2.9965100288391113 8457
395 280.43936359821691 280.00021603047418 18.292448043823242 2.9710938930511475 8479
396 280.43625732858408 280.00021606478032 18.293489456176758 3 8500
397 280.43317877841599 280.00021609878024 18.303853988647461 2.9758849143981934 8522
398 280.43012769894244 280.00021613247685 18.314218521118164 2.9739580154418945 8543
399 280.42710384363153 280.00021616587264 18.293542861938477 2.9360411167144775 8565
400 280.4241069681691 280.00021619897075 18.293697357177734 2.9771881103515625 8586
401 280.42113683043868 280.00021623177327 18.284896850585938 2.9453120231628418 8607
402 280.41819319050171 280.00021626428315 18.292030334472656 2.9776570796966553 8629
403 280.41527581057744 280.00021629650325 18.296875 2.951509952545166 8650
404 280.41238445502381 280.00021632843573 18.28630256652832 2.9683859348297119 8672
405 280.40951889031777 280.00021636008341 18.291563034057617 2.9950520992279053 8693
406 280.40667888503617 280.00021639144893 18.281457901000977 2.9390630722045898 8714
407 280.40386420983674 280.00021642253461 18.28125 2.9888019561767578 8736
408 280.40107463743954 280.00021645334306 18.28203010559082 2.9643230438232422 8757
409 280.39830994260768 280.00021648387673 18.288436889648438 3.0059370994567871 8779
410 280.39556990212941 280.000216514138 18.296197891235352 2.9854168891906738 8800
411 280.39285429479952 280.00021654412967 18.286457061767578 2.9632809162139893 8821
412 280.39016290140103 280.00021657385366 18.284791946411133 2.9986979961395264 8843
413 280.38749550468788 280.00021660331288 18.289323806762695 2.9736979007720947 8864
414 280.3848518893663 280.00021663250948 18.285467147827148 3.0032289028167725 8886
415 280.38223184207754 280.00021666144545 18.284999847412109 2.9783329963684082 8907
416 280.37963515138063 280.00021669012381 18.281562805175781 2.979686975479126 8929
417 280.37706160773439 280.00021671854631 18.297031402587891 2.967134952545166 8950
418 280.37451100348096 280.00021674671564 18.287342071533203 2.9559900760650635 8971
419 280.3719831328284 280.00021677463377 18.291667938232422 2.9670839309692383 8993
420 280.36947779183367 280.0002168023031 18.285053253173828 2.9470829963684082 9014
421 280.36699477838681 280.00021682972584 18.279531478881836 2.9652600288391113 9036
422 280.36453389219298 280.00021685690427 18.273073196411133 2.9504170417785645 9057
423 280.36209493475752 280.00021688384032 18.281509399414062 2.9953649044036865 9078
424 280.3596777093685 280.00021691053655 18.279062271118164 2.984375 9100
425 280.35728202108163 280.00021693699495 18.278749465942383 2.9634380340576172 9121
426 280.35490767670353 280.00021696321755 18.274219512939453 2.9886980056762695 9143
427 280.35255448477648 280.00021698920654 18.286249160766602 2.9421870708465576 9164
428 280.35022225556241 280.00021701496399 18.276771545410156 2.9439070224761963 9185
429 280.34791080102741 280.00021704049198 18.286041259765625 2.9819788932800293 9207
430 280.34561993482686 280.00021706579258 18.277187347412109 2.955312967300415 9228
431 280.34334947228939 280.00021709086798 18.287187576293945 2.967134952545166 9249
432 280.34109923040234 280.00021711571992 18.287343978881836 2.9991140365600586 9271
433 280.3388690277967 280.00021714035068 18.288019180297852 2.9802079200744629 9292
434 280.33665868473236 280.00021716476203 18.283594131469727 2.9576559066772461 9314
435 280.33446802308322 280.00021718895613 18.2734375 2.9359378814697266 9335
436 280.33229686632285 280.00021721293456 18.283802032470703 2.9983329772949219 9356
437 280.33014503950983 280.0002172366996 18.284061431884766 2.9811460971832275 9378
438 280.32801236927384 280.00021726025312 18.28515625 2.9842700958251953 9399
439 280.3258986838012 280.00021728359695 18.282344818115234 2.9745829105377197 9421
440 280.32380381282093 280.00021730673308 18.284999847412109 2.9692189693450928 9442
441 280.32172758759094 280.00021732966314 18.286457061767578 2.9756250381469727 9464
442 280.31966984088405 280.00021735238931 18.278854370117188 2.9551041126251221 9485
443 280.31763040697467 280.00021737491312 18.281667709350586 2.9827079772949219 9506
444 280.31560912162507 280.00021739723644 18.277448654174805 2.979896068572998 9528
445 280.31360582207185 280.00021741936115 18.287551879882812 2.9294788837432861 9549
446 280.31162034701299 280.00021744128907 18.286823272705078 2.9520831108093262 9571
447 280.30965253659457 280.0002174630219 18.281354904174805 3.003385066986084 9592
448 280.3077022323975 280.00021748456129 18.286197662353516 2.9657299518585205 9613
449 280.30576927742504 280.00021750590906 18.279115676879883 2.9532289505004883 9635
450 280.30385351608959 280.00021752706704 18.28614616394043 2.9822909832000732 9656
451 280.3019547942003 280.00021754803674 18.277187347412109 2.9679169654846191 9678
452 280.30007295895035 280.00021756882001 18.288801193237305 2.9725520610809326 9699
453 280.29820785890462 280.00021758941841 18.281614303588867 2.9751560688018799 9720
454 280.29635934398709 280.00021760983367 18.279531478881836 2.9982290267944336 9742
455 280.29452726546896 280.00021763006743 18.288646697998047 2.9520840644836426 9763
456 280.29271147595625 280.00021765012133 18.278749465942383 2.9671359062194824 9785
457 280.29091182937799 280.00021766999691 18.285209655761719 2.9610939025878906 9806
458 280.28912818097416 280.00021768969572 18.275051116943359 2.9919800758361816 9827
459 280.28736038728408 280.00021770921956 18.284219741821289 2.9755198955535889 9849
460 280.28560830613458 280.00021772856968 18.270885467529297 2.951509952545166 9870
461 280.28387179662832 280.00021774774791 18.278125762939453 2.9869790077209473 9892
462 280.28215071913274 280.00021776675584 18.278020858764648 2.9544789791107178 9913
463 280.28044493526818 280.00021778559483 18.274271011352539 2.9774999618530273 9934
464 280.27875430789697 280.0002178042663 18.280677795410156 2.9547390937805176 9956
465 280.27707870111203 280.0002178227719 18.278646469116211 2.9851560592651367 9977
466 280.27541798022617 280.00021784111311 18.268436431884766 2.9678120613098145 9999
467 280.27377201176051 280.00021785929141 18.271770477294922 2.9529678821563721 10020
468 280.27214066343424 280.00021787730833 18.273593902587891 2.9752600193023682 10041
469 280.27052380415347 280.00021789516518 18.277656555175781 2.9803650379180908 10063
470 280.26892130400091 280.00021791286332 18.272239685058594 2.9683330059051514 10084
471 280.26733303422469 280.00021793040435 18.283281326293945 2.9493229389190674 10105
472 280.26575886722861 280.00021794778974 18.274322509765625 2.9715099334716797 10127
473 280.26419867656131 280.00021796502074 18.272708892822266 2.9642179012298584 10148
474 280.26265233690594 280.00021798209877 18.275468826293945 2.9529159069061279 10170
475 280.26111972407028 280.0002179990251 18.272968292236328 2.978801965713501 10191
476 280.2596007149765 280.00021801580129 18.27406120300293 2.9493229389190674 10212
477 280.25809518765107 280.00021803242856 18.268438339233398 2.9598441123962402 10234
478 280.25660302121457 280.00021804890832 18.274894714355469 2.9776039123535156 10255
479 280.25512409587276 280.00021806524171 18.273176193237305 2.9769790172576904 10276
480 280.25365829290575 280.00021808143032 18.280416488647461 2.9856770038604736 10298
481 280.25220549465917 280.00021809747511 18.285207748413086 2.963749885559082 10319
482 280.25076558453401 280.0002181133778 18.268594741821289 2.9794790744781494 10341
483 280.24933844697767 280.00021812913923 18.27849006652832 2.9797399044036865 10362
484 280.24792396747392 280.00021814476105 18.279844284057617 2.9501559734344482 10383
485 280.24652203253447 280.00021816024412 18.295312881469727 2.9666669368743896 10405
486 280.24513252968882 280.00021817558991 18.281042098999023 2.9459381103515625 10426
487 280.24375534747566 280.0002181907999 18.284635543823242 2.9731249809265137 10448
488 280.24239037543373 280.00021820587466 18.283176422119141 2.9627079963684082 10469
489 280.24103750409267 280.00021822081601 18.279478073120117 2.9830210208892822 10491
490 280.23969662496449 280.00021823562491 18.275728225708008 2.9859380722045898 10512
491 280.23836763053413 280.00021825030245 18.287551879882812 3.0098960399627686 10533
492 280.23705041425131 280.0002182648501 18.302656173706055 3.001615047454834 10555
493 280.23574487052178 280.00021827926867 18.281978607177734 2.9684379100799561 10576
494 280.23445089469828 280.00021829355961 18.282499313354492 2.9635930061340332 10598
495 280.23316838307255 280.00021830772374 18.300676345825195 2.9673960208892822 10619
496 280.23189723286663 280.00021832176253 18.28125 2.9545829296112061 10641
497 280.23063734222478 280.00021833567695 18.289218902587891 2.9859380722045898 10662
498 280.22938861020475 280.00021834946813 18.282344818115234 2.9698441028594971 10683
499 280.22815093676996 280.00021836313715 18.295156478881836 3.0042710304260254 10705
500 280.22692422278112 280.00021837668521 18.285676956176758 2.9368228912353516 10726
501 280.22570836998858 280.00021839011316 18.287187576293945 2.9526560306549072 10748
502 280.22450328102383 280.00021840342237 18.286144256591797 2.9568750858306885 10769
503 280.22330885939186 280.00021841661368 18.282707214355469 2.9616150856018066 10790
504 280.22212500946318 280.00021842968829 18.283021926879883 2.9604170322418213 10812
505 280.2209516364664 280.00021844264722 18.287448883056641 2.9798440933227539 10833
506 280.21978864648008 280.00021845549145 18.281980514526367 2.9676558971405029 10855
507 280.21863594642531 280.0002184682221 18.283437728881836 2.9773440361022949 10876
508 280.21749344405828 280.00021848083992 18.275833129882812 2.9628129005432129 10897
509 280.21636104796249 280.00021849334632 18.280364990234375 2.9782290458679199 10919
510 280.21523866754154 280.00021850574205 18.277969360351562 2.9689059257507324 10940
511 280.21412621301158 280.00021851802813 18.288385391235352 2.9573960304260254 10962
512 280.21302359539436 280.00021853020559 18.283437728881836 2.9411458969116211 10983
513 280.21193072650948 280.00021854227538 18.286197662353516 2.9592189788818359 11004
514 280.21084751896797 280.0002185542387 18.277030944824219 2.9728639125823975 11026
515 280.20977388616438 280.00021856609595 18.288177490234375 2.9625000953674316 11047
516 280.20870974227006 280.0002185778485 18.280521392822266 2.9794790744781494 11069
517 280.20765500222655 280.00021858949714 18.282863616943359 2.9582300186157227 11090
518 280.20660958173812 280.00021860104289 18.288230895996094 2.9752600193023682 11111
519 280.2055733972652 280.00021861248661 18.30645751953125 3.0314059257507324 11133
520 280.20454636601778 280.00021862382948 18.332292556762695 3.3053131103515625 11155
521 280.20352840594808 280.00021863507192 18.302030563354492 3.0237500667572021 11176
522 280.20251943574465 280.00021864621505 18.287031173706055 2.9814589023590088 11198
523 280.20151937482507 280.00021865726001 18.274948120117188 2.9426040649414062 11219
524 280.20052814332985 280.0002186682072 18.280052185058594 2.9838020801544189 11241
525 280.1995456621159 280.00021867905787 18.286561965942383 2.9926040172576904 11262
526 280.19857185274986 280.00021868981287 18.284427642822266 2.9856770038604736 11284
527 280.19760663750196 280.00021870047283 18.277917861938477 2.9676039218902588 11305
528 280.19664993933964 280.0002187110386 18.270000457763672 2.966249942779541 11326
529 280.19570168192132 280.00021872151143 18.276823043823242 2.9906249046325684 11348
530 280.19476178958996 280.00021873189161 18.27442741394043 2.9530730247497559 11369
531 280.19383018736744 280.00021874218044 18.278072357177734 2.9557809829711914 11391
532 280.19290680094792 280.00021875237843 18.284740447998047 2.9643230438232422 11412
533 280.19199155669207 280.00021876248655 18.284948348999023 2.9629170894622803 11433
534 280.19108438162124 280.00021877250549 18.280363082885742 2.9575519561767578 11455
535 280.19018520341103 280.00021878243615 18.283073425292969 2.970365047454834 11476
536 280.189293950386 280.00021879227927 18.289583206176758 2.9814579486846924 11498
537 280.18841055151353 280.00021880203576 18.286771774291992 2.9794790744781494 11519
538 280.18753493639809 280.00021881170596 18.280729293823242 2.9731249809265137 11541
539 280.18666703527543 280.00021882129124 18.276823043823242 2.973228931427002 11562
540 280.18580677900724 280.00021883079211 18.271511077880859 2.9535419940948486 11583
541 280.18495409907524 280.00021884020919 18.273645401000977 2.9472389221191406 11605
542 280.18410892757561 280.00021884954344 18.272760391235352 2.9605200290679932 11626
543 280.18327119721368 280.00021885879545 18.272552490234375 2.9458849430084229 11647
544 280.18244084129833 280.00021886796594 18.272083282470703 2.9767711162567139 11669
545 280.18161779373651 280.00021887705577 18.27734375 2.9636459350585938 11690
546 280.18080198902811 280.00021888606574 18.287448883056641 2.9583330154418945 11712
547 280.1799933622604 280.00021889499635 18.28046989440918 2.9726569652557373 11733
548 280.17919184910284 280.00021890384835 18.279426574707031 2.9613020420074463 11754
549 280.17839738580193 280.00021891262242 18.27229118347168 2.950624942779541 11776
550 280.17760990917606 280.00021892131952 18.270156860351562 2.9793229103088379 11797
551 280.17682935661003 280.00021892994005 18.272188186645508 2.9462499618530273 11818
552 280.17605566605039 280.00021893848475 18.266561508178711 2.993333101272583 11840
553 280.17528877600029 280.00021894695442 18.269739151000977 2.9706249237060547 11861
554 280.17452862551443 280.00021895534957 18.268854141235352 2.9757809638977051 11883
555 280.17377515419389 280.00021896367116 18.278436660766602 2.9396350383758545 11904
556 280.17302830218182 280.00021897191942 18.271614074707031 2.9814059734344482 11925
557 280.1722880101579 280.00021898009538 18.277448654174805 2.9581770896911621 11947
558 280.17155421933415 280.00021898819938 18.274530410766602 2.9673960208892822 11968
559 280.17082687144949 280.00021899623232 18.266250610351562 2.9513020515441895 11990
560 280.17010590876578 280.00021900419483 18.274375915527344 2.9480209350585938 12011
561 280.16939127406232 280.0002190120872 18.274896621704102 2.9555730819702148 12032
562 280.1686829106319 280.0002190199105 18.27067756652832 2.9544789791107178 12054
563 280.16798076227565 280.0002190276652 18.273540496826172 2.9700520038604736 12075
564 280.16728477329906 280.0002190353519 18.271509170532227 2.9809379577636719 12096
565 280.16659488850672 280.00021904297091 18.293228149414062 2.9652600288391113 12118
566 280.16591105319873 280.0002190505233 18.288177490234375 2.9673430919647217 12139
567 280.16523321316532 280.00021905800946 18.267135620117188 2.9994280338287354 12161
568 280.16456131468317 280.00021906543009 18.270416259765625 2.9594800472259521 12182
569 280.16389530451073 280.00021907278557 18.268644332885742 2.958698034286499 12204
570 280.16323512988384 280.00021908007653 18.264947891235352 2.9881250858306885 12225
571 280.16258073851185 280.00021908730383 18.274114608764648 2.9992179870605469 12246
572 280.16193207857282 280.0002190944677 18.268436431884766 2.9553639888763428 12268
573 280.16128909870957 280.00021910156892 18.269739151000977 2.9755210876464844 12289
574 280.16065174802571 280.00021910860795 18.276042938232422 2.9459381103515625 12311
575 280.16001997608123 280.00021911558531 18.277812957763672 2.9489059448242188 12332
576 280.15939373288842 280.00021912250156 18.266145706176758 2.9685420989990234 12353
577 280.1587729689079 280.00021912935739 18.273490905761719 2.973750114440918 12375
578 280.15815763504463 280.00021913615319 18.262344360351562 2.9778130054473877 12396
579 280.15754768264406 280.00021914288959 18.265781402587891 2.9659380912780762 12417
580 280.15694306348763 280.00021914956722 18.265884399414062 2.9351561069488525 12439
581 280.15634372978951 280.00021915618618 18.277759552001953 2.9622910022735596 12460
582 280.15574963419232 280.0002191627475 18.272968292236328 2.9925000667572021 12482
583 280.15516072976334 280.00021916925141 18.275468826293945 2.9514069557189941 12503
584 280.15457696999096 280.00021917569865 18.282655715942383 2.9920310974121094 12524
585 280.15399830878061 280.00021918208938 18.276771545410156 2.9756770133972168 12546
586 280.15342470045101 280.0002191884243 18.273645401000977 2.9739580154418945 12567
587 280.15285609973057 280.00021919470413 18.279323577880859 2.9699480533599854 12589
588 280.15229246175403 280.00021920092911 18.28400993347168 2.9617710113525391 12610
589 280.15173374205818 280.00021920709958 18.281770706176758 2.9630210399627686 12632
590 280.15117989657858 280.00021921321627 18.271614074707031 2.9689059257507324 12653
591 280.15063088164607 280.00021921927976 18.272396087646484 2.9784379005432129 12674
592 280.15008665398318 280.00021922529021 18.27130126953125 3.0113019943237305 12696
593 280.14954717070049 280.00021923124842 18.286771774291992 2.9474480152130127 12717
594 280.14901238929326 280.00021923715462 18.27458381652832 2.9276049137115479 12739
595 280.14848226763792 280.00021924300933 18.269374847412109 2.9794270992279053 12760
596 280.1479567639887 280.0002192488131 18.271406173706055 2.9746360778808594 12781
597 280.14743583697401 280.00021925456628 18.272396087646484 2.963749885559082 12803
598 280.14691944559382 280.00021926026932 18.267604827880859 2.9789059162139893 12824
599 280.14640754921527 280.00021926592291 18.262968063354492 2.9809889793395996 12845
600 280.14590010757007 280.0002192715271 18.268125534057617 2.9226560592651367 12867
601 280.14539708075114 280.00021927708258 18.268020629882812 2.9666149616241455 12888
602 280.14489842920938 280.00021928258985 18.269062042236328 2.9713540077209473 12910
603 280.14440411375011 280.0002192880491 18.264688491821289 2.964061975479126 12931
604 280.14391409553036 280.00021929346076 18.264896392822266 2.928541898727417 12952
605 280.14342833605536 280.0002192988257 18.275676727294922 2.986562967300415 12974
606 280.14294679717585 280.00021930414391 18.276666641235352 2.9595839977264404 12995
607 280.1424694410843 280.00021930941591 18.279582977294922 2.9396359920501709 13016
608 280.1419962303126 280.00021931464204 18.271146774291992 2.9780728816986084 13038
609 280.14152712772858 280.00021931982286 18.274843215942383 2.9656250476837158 13059
610 280.14106209653278 280.00021932495883 18.27229118347168 2.9484379291534424 13081
611 280.14060110025622 280.00021933005019 18.267448425292969 2.9494268894195557 13102
612 280.14014410275655 280.00021933509714 18.261249542236328 2.9846870899200439 13123
613 280.13969106821611 280.00021934010061 18.274114608764648 2.9520831108093262 13145
614 280.13924196113771 280.0002193450606 18.267030715942383 2.9514060020446777 13166
615 280.13879674634325 280.00021934997767 18.269271850585938 2.9697399139404297 13187
616 280.13835538896956 280.00021935485205 18.269063949584961 2.9330730438232422 13209
617 280.13791785446631 280.00021935968431 18.269374847412109 2.9791660308837891 13230
618 280.13748410859313 280.00021936447456 18.261510848999023 2.9431769847869873 13252
619 280.1370541174166 280.00021936922354 18.267187118530273 2.9438021183013916 13273
620 280.13662784730769 280.00021937393126 18.268333435058594 2.9839589595794678 13294
621 280.13620526493895 280.00021937859833 18.272916793823242 2.9772400856018066 13316
622 280.13578633728167 280.0002193832251 18.271511077880859 2.9097390174865723 13337
623 280.1353710316036 280.00021938781168 18.274896621704102 2.9476039409637451 13358
624 280.13495931546572 280.00021939235882 18.266874313354492 2.9689059257507324 13380
625 280.13455115672025 280.00021939686656 18.260677337646484 2.9683859348297119 13401
626 280.13414652350747 280.00021940133536 18.265520095825195 2.979896068572998 13422
627 280.13374538425359 280.00021940576556 18.273698806762695 2.925832986831665 13444
628 280.13334770766772 280.00021941015757 18.263280868530273 2.9905209541320801 13465
629 280.13295346273981 280.00021941451172 18.265937805175781 2.9624478816986084 13487
630 280.13256261873772 280.00021941882824 18.265781402587891 2.9603650569915771 13508
631 280.13217514520511 280.00021942310764 18.276041030883789 2.9617710113525391 13529
632 280.13179101195874 280.00021942734986 18.271198272705078 2.947551965713501 13551
633 280.13141018908584 280.00021943155576 18.271457672119141 2.9473960399627686 13572
634 280.13103264694217 280.00021943572546 18.273645401000977 2.9764070510864258 13593
635 280.13065835614901 280.00021943985911 18.272499084472656 2.9634380340576172 13615
636 280.13028728759167 280.00021944395735 18.270051956176758 2.9431250095367432 13636
637 280.12991941241586 280.00021944802006 18.272916793823242 2.9318230152130127 13658
638 280.12955470202667 280.00021945204816 18.262395858764648 2.9733340740203857 13679
639 280.12919312808515 280.00021945604135 18.270208358764648 2.9541149139404297 13700
640 280.12883466250685 280.00021946000038 18.27229118347168 2.9472920894622803 13722
641 280.12847927745889 280.0002194639253 18.262813568115234 2.9693229198455811 13743
642 280.1281269453583 280.00021946781646 18.263957977294922 2.9313020706176758 13764
643 280.12777763886913 280.00021947167426 18.27557373046875 2.9725000858306885 13786
644 280.12743133090095 280.00021947549891 18.271562576293945 2.9694271087646484 13807
645 280.1270879946058 280.00021947929082 18.264739990234375 2.9742710590362549 13829
646 280.126747603377 280.00021948305005 18.264999389648438 2.9951040744781494 13850
647 280.12641013084612 280.00021948677721 18.270624160766602 2.9896869659423828 13871
648 280.12607555088135 280.00021949047238 18.26739501953125 2.9542698860168457 13893
649 280.12574383758522 280.00021949413588 18.270780563354492 2.9652609825134277 13914
650 280.12541496529246 280.00021949776794 18.26463508605957 2.9052081108093262 13936
651 280.12508890856799 280.00021950136897 18.271354675292969 2.9482300281524658 13957
652 280.12476564220475 280.0002195049392 18.277500152587891 2.9689590930938721 13978
653 280.12444514122188 280.00021950847889 18.274114608764648 2.9556770324707031 14000
654 280.12412738086249 280.00021951198823 18.272136688232422 2.9492709636688232 14021
655 280.12381233659153 280.00021951546762 18.265886306762695 2.9697918891906738 14042
656 280.12349998409428 280.00021951891722 18.261093139648438 2.9639060497283936 14064
657 280.1231902992738 280.00021952233749 18.266979217529297 2.99692702293396 14085
658 280.12288325824954 280.00021952572843 18.270053863525391 2.9257290363311768 14106
659 280.12257883735475 280.00021952909049 18.273958206176758 2.974323034286499 14128
660 280.12227701313515 280.0002195324239 18.274271011352539 2.9839580059051514 14149
661 280.12197776234672 280.00021953572883 18.264530181884766 2.9505729675292969 14171
662 280.12168106195406 280.0002195390058 18.264011383056641 2.9604690074920654 14192
663 280.12138688912796 280.00021954225468 18.269010543823242 2.9221870899200439 14213
664 280.12109522124427 280.00021954547589 18.266563415527344 2.9630210399627686 14235
665 280.12080603588169 280.00021954866952 18.274114608764648 2.9396359920501709 14256
666 280.12051931081982 280.00021955183627 18.265415191650391 2.9862499237060547 14277
667 280.12023502403758 280.0002195549759 18.26953125 2.9572920799255371 14299
668 280.11995315371161 280.00021955808899 18.265417098999023 2.9482290744781494 14320
669 280.11967367821399 280.00021956117553 18.267135620117188 2.9339070320129395 14342
670 280.11939657611072 280.00021956423598 18.262603759765625 2.9613540172576904 14363
671 280.11912182616021 280.00021956727034 18.260885238647461 2.9281249046325684 14384
672 280.11884940731125 280.00021957027894 18.268177032470703 2.9784379005432129 14406
673 280.11857929870143 280.00021957326203 18.262344360351562 2.9776558876037598 14427
674 280.11831147965546 280.00021957621993 18.259895324707031 2.9784369468688965 14448
675 280.11804592968338 280.00021957915254 18.263959884643555 2.9365620613098145 14470
676 280.11778262847895 280.00021958206048 18.258594512939453 2.944688081741333 14491
677 280.11752155591813 280.00021958494386 18.24921989440918 2.9823958873748779 14513
678 280.11726269205747 280.00021958780275 18.251667022705078 2.9721360206604004 14534
679 280.11700601713204 280.00021959063758 18.247447967529297 2.9781250953674316 14555
680 280.11675151155436 280.00021959344838 18.260833740234375 2.95489501953125 14577
681 280.11649915591266 280.00021959623541 18.258646011352539 2.968019962310791 14598
682 280.11624893096899 280.00021959899897 18.252811431884766 2.9564061164855957 14619
683 280.11600081765823 280.0002196017391 18.256406784057617 3.0228118896484375 14641
684 280.11575479708597 280.00021960445628 18.277448654174805 2.9593749046325684 14662
685 280.1155108505273 280.00021960715043 18.264686584472656 2.9717710018157959 14684
686 280.11526895942546 280.00021960982184 18.259166717529297 2.9785408973693848 14705
687 280.11502910538979 280.00021961247091 18.264217376708984 2.9648439884185791 14727
688 280.1147912701947 280.00021961509748 18.264114379882812 2.9393229484558105 14748
689 280.11455543577802 280.00021961770216 18.260103225708008 2.961198091506958 14769
690 280.11432158423935 280.00021962028495 18.252395629882812 2.961198091506958 14791
691 280.11408969783923 280.00021962284586 18.258073806762695 2.9593749046325684 14812
692 280.11385975899697 280.00021962538523 18.259063720703125 2.9856250286102295 14833
693 280.11363175028964 280.00021962790339 18.259635925292969 2.9744789600372314 14855
694 280.1134056544505 280.00021963040041 18.265104293823242 2.9731249809265137 14876
695 280.11318145436769 280.00021963287656 18.25843620300293 2.9656250476837158 14897
696 280.11295913308277 280.00021963533197 18.25505256652832 2.9602088928222656 14919
697 280.11273867378935 280.00021963776669 18.256511688232422 2.9997920989990234 14940
698 280.11252005983187 280.00021964018117 18.249063491821289 2.9751040935516357 14962
699 280.11230327470389 280.0002196425753 18.256563186645508 2.9423439502716064 14983
700 280.11208830204737 280.00021964494954 18.263540267944336 2.9676558971405029 15004
701 280.11187512565056 280.00021964730382 18.26286506652832 2.9457290172576904 15026
702 280.11166372944734 280.00021964963855 18.257707595825195 2.9598441123962402 15047
703 280.11145409751549 280.00021965195373 18.263282775878906 2.9801559448242188 15068
704 280.11124621407583 280.00021965424969 18.255884170532227 2.9855198860168457 15090
705 280.11104006349035 280.00021965652644 18.253854751586914 2.9333860874176025 15111
706 280.11083563026148 280.00021965878415 18.256563186645508 2.9508850574493408 15132
707 280.11063289903058 280.00021966102327 18.260000228881836 2.9370310306549072 15154
708 280.11043185457675 280.00021966324363 18.254688262939453 2.949739933013916 15175
709 280.1102324818155 280.0002196654454 18.252187728881836 2.9445319175720215 15196
710 280.11003476579776 280.00021966762904 18.261459350585938 2.9769790172576904 15218
711 280.10983869170832 280.00021966979449 18.260677337646484 2.9778640270233154 15239
712 280.10964424486497 280.00021967194203 18.262290954589844 2.9539060592651367 15261
713 280.10945141071716 280.00021967407173 18.258905410766602 2.9626560211181641 15282
714 280.10926017484468 280.0002196761838 18.251197814941406 2.9755730628967285 15303
715 280.10907052295676 280.00021967827826 18.252864837646484 2.96875 15325
716 280.1088824408908 280.00021968035549 18.248384475708008 2.9786980152130127 15346
717 280.10869591461102 280.00021968241566 18.257865905761719 2.9618229866027832 15367
718 280.10851093020767 280.00021968445844 18.254636764526367 2.9418749809265137 15389
719 280.10832747389571 280.00021968648457 18.254270553588867 2.9439589977264404 15410
720 280.10814553201368 280.0002196884941 18.246145248413086 2.9725520610809326 15431
721 280.10796509102261 280.00021969048692 18.252187728881836 2.9715631008148193 15453
722 280.10778613750495 280.00021969246336 18.249061584472656 2.9564580917358398 15474
723 280.10760865816349 280.00021969442332 18.248750686645508 2.9294788837432861 15496
724 280.10743263982027 280.00021969636742 18.25489616394043 2.9816150665283203 15517
725 280.10725806941537 280.00021969829544 18.248697280883789 2.9621360301971436 15538
726 280.1070849340062 280.00021970020748 18.247760772705078 2.9451038837432861 15560
727 280.10691322076599 280.00021970210389 18.249322891235352 2.9664580821990967 15581
728 280.10674291698319 280.00021970398478 18.252969741821289 2.9856250286102295 15602
729 280.10657401006017 280.00021970585021 18.255155563354492 2.9833860397338867 15624
730 280.10640648751217 280.0002197077003 18.252290725708008 2.9766139984130859 15645
731 280.10624033696655 280.0002197095352 18.257448196411133 2.9869270324707031 15666
732 280.10607554616138 280.00021971135516 18.258541107177734 2.9591660499572754 15688
733 280.1059121029449 280.00021971316045 18.266563415527344 2.9559900760650635 15709
734 280.10574999527438 280.00021971495073 18.254791259765625 2.9640629291534424 15731
735 280.10558921121475 280.00021971672635 18.25880241394043 2.9451570510864258 15752
736 280.1054297389382 280.0002197184877 18.254531860351562 2.9630730152130127 15773
737 280.10527156672299 280.0002197202345 18.258125305175781 2.9315099716186523 15795
738 280.10511468295238 280.00021972196731 18.256250381469727 2.9896869659423828 15816
739 280.10495907611374 280.00021972368569 18.259271621704102 2.9685940742492676 15837
740 280.10480473479805 280.00021972539037 18.256250381469727 2.961198091506958 15859
741 280.10465164769806 280.000219727081 18.264009475708008 2.9797921180725098 15880
742 280.10449980360835 280.00021972875794 18.257604598999023 2.9667708873748779 15902
743 280.10434919142369 280.00021973042141 18.255155563354492 2.9848949909210205 15923
744 280.10419980013853 280.00021973207123 18.249738693237305 2.9726569652557373 15944
745 280.10405161884614 280.00021973370787 18.25390625 2.9758849143981934 15966
746 280.10390463673735 280.00021973533114 18.24885368347168 2.9877090454101562 15987
747 280.10375884310008 280.00021973694129 18.250312805175781 2.9599480628967285 16008
748 280.1036142273183 280.00021973853836 18.251405715942383 2.9660420417785645 16030
749 280.10347077887099 280.00021974012265 18.25567626953125 2.9795830249786377 16051
750 280.10332848733174 280.00021974169414 18.253593444824219 2.9773430824279785 16073
751 280.10318734236745 280.0002197432529 18.261302947998047 2.9839580059051514 16094
752 280.10304733373766 280.00021974479927 18.249061584472656 2.983489990234375 16115
753 280.1029084512939 280.00021974633302 18.252708435058594 2.9699480533599854 16137
754 280.10277068497845 280.0002197478546 18.245729446411133 2.9947910308837891 16158
755 280.10263402482411 280.00021974936396 18.254009246826172 3.0417709350585938 16180
756 280.10249846095269 280.00021975086111 18.292343139648438 3.1412498950958252 16201
757 280.10236398357483 280.00021975234637 18.293228149414062 3.0349481105804443 16223
758 280.10223058298885 280.00021975381952 18.278385162353516 3.0017189979553223 16244
759 280.10209824958014 280.00021975528108 18.26057243347168 2.9878129959106445 16266
760 280.10196697382014 280.00021975673093 18.253280639648438 2.9756250381469727 16287
761 280.10183674626575 280.00021975816918 18.256561279296875 2.9306769371032715 16309
762 280.10170755755883 280.00021975959601 18.256458282470703 2.9820830821990967 16330
763 280.10157939842475 280.00021976101141 18.260105133056641 2.9862499237060547 16351
764 280.10145225967233 280.0002197624155 18.256717681884766 2.9316658973693848 16373
765 280.10132613219281 280.00021976380845 18.251979827880859 2.9683849811553955 16394
766 280.10120100695872 280.00021976519037 18.257448196411133 2.978801965713501 16416
767 280.10107687502403 280.0002197665612 18.259166717529297 2.9544270038604736 16437
768 280.10095372752261 280.00021976792141 18.248905181884766 2.9621870517730713 16458
769 280.10083155566798 280.00021976927064 18.252290725708008 2.9619269371032715 16480
770 280.10071035075237 280.00021977060925 18.250833511352539 2.973228931427002 16501
771 280.10059010414602 280.00021977193728 18.252811431884766 2.9884369373321533 16522
772 280.1004708072968 280.0002197732548 18.26057243347168 3.0778129100799561 16544
773 280.10035245172901 280.00021977456191 18.268489837646484 3.0035419464111328 16565
774 280.10023502904306 280.00021977585874 18.251979827880859 2.9835939407348633 16587
775 280.10011853091453 280.00021977714539 18.253749847412109 2.9838540554046631 16608
776 280.10000294909389 280.00021977842192 18.261146545410156 2.9882290363311768 16630
777 280.09988827540542 280.00021977968839 18.268959045410156 2.982759952545166 16651
778 280.09977450174671 280.00021978094497 18.248750686645508 2.9605200290679932 16672
779 280.09966162008806 280.00021978219161 18.255104064941406 3.0158329010009766 16694
780 280.09954962247167 280.00021978342841 18.263437271118164 2.9716150760650635 16715
781 280.09943850101109 280.00021978465577 18.244218826293945 2.9458849430084229 16737
782 280.09932824789081 280.00021978587341 18.245416641235352 2.9126040935516357 16758
783 280.09921885536517 280.00021978708162 18.252395629882812 2.9616670608520508 16779
784 280.09911031575791 280.00021978828016 18.246250152587891 2.9610939025878906 16801
785 280.09900262146175 280.00021978946967 18.247552871704102 2.9764590263366699 16822
786 280.09889576493771 280.00021979064979 18.24317741394043 2.9770309925079346 16843
787 280.09878973871412 280.00021979182088 18.247760772705078 2.9594790935516357 16865
788 280.09868453538638 280.00021979298265 18.249740600585938 2.95135498046875 16886
789 280.09858014761659 280.0002197941356 18.251354217529297 2.972135066986084 16908
790 280.09847656813218 280.00021979527952 18.253229141235352 3.0016140937805176 16929
791 280.09837378972611 280.00021979641463 18.247343063354492 2.9402599334716797 16950
792 280.09827180525576 280.00021979754098 18.2421875 2.9828128814697266 16972
793 280.09817060764283 280.00021979865852 18.248542785644531 2.9718749523162842 16993
794 280.09807018987215 280.00021979976748 18.246511459350586 2.9853129386901855 17014
795 280.09797054499165 280.00021980086808 18.249322891235352 2.9563539028167725 17036
796 280.09787166611153 280.00021980196016 18.245363235473633 2.974531888961792 17057
797 280.09777354640374 280.00021980304376 18.243438720703125 2.9041140079498291 17078
798 280.09767617910154 280.00021980411918 18.242082595825195 2.9669270515441895 17100
799 280.09757955749882 280.00021980518619 18.245000839233398 2.9578649997711182 17121
800 280.0974836749495 280.00021980624513 18.239063262939453 2.9777610301971436 17142
801 280.0973885248672 280.00021980729599 18.245468139648438 2.9813539981842041 17164
802 280.09729410072464 280.00021980833884 18.243646621704102 2.9585409164428711 17185
803 280.09720039605281 280.00021980937368 18.24119758605957 2.9675519466400146 17206
804 280.09710740444103 280.00021981040061 18.249895095825195 2.9461460113525391 17228
805 280.09701511953585 280.00021981141998 18.24510383605957 2.9686460494995117 17249
806 280.0969235350409 280.0002198124314 18.249895095825195 2.9725520610809326 17271
807 280.09683264471624 280.00021981343519 18.240781784057617 2.9906771183013916 17292
808 280.09674244237794 280.00021981443143 18.251457214355469 2.9740619659423828 17313
809 280.09665292189737 280.00021981542 18.24708366394043 2.9328639507293701 17335
810 280.09656407720087 280.00021981640134 18.23942756652832 2.9715108871459961 17356
811 280.09647590226939 280.00021981737513 18.240468978881836 2.9718749523162842 17377
812 280.09638839113757 280.00021981834158 18.238437652587891 2.9708850383758545 17399
813 280.09630153789391 280.00021981930075 18.238489151000977 2.9756770133972168 17420
814 280.09621533667956 280.00021982025288 18.228750228881836 2.9619789123535156 17441
815 280.09612978168832 280.00021982119773 18.230155944824219 2.9602088928222656 17463
816 280.0960448671662 280.00021982213553 18.234218597412109 2.9586451053619385 17484
817 280.09596058741056 280.00021982306635 18.242446899414062 2.9823439121246338 17505
818 280.09587693676997 280.00021982399011 18.239686965942383 2.965364933013916 17527
819 280.09579390964376 280.00021982490711 18.238229751586914 2.9638550281524658 17548
820 280.09571150048134 280.00021982581723 18.247396469116211 2.9511981010437012 17569
821 280.09562970378192 280.00021982672069 18.241146087646484 2.9600520133972168 17591
822 280.09554851409422 280.00021982761729 18.239999771118164 2.9796350002288818 17612
823 280.09546792601537 280.0002198285074 18.237707138061523 2.9194788932800293 17633
824 280.09538793419136 280.00021982939074 18.232030868530273 2.9823958873748779 17655
825 280.0953085333162 280.00021983026761 18.239843368530273 2.9542191028594971 17676
826 280.09522971813107 280.00021983113822 18.241874694824219 2.9870319366455078 17698
827 280.09515148342473 280.00021983200213 18.253019332885742 2.9966669082641602 17719
828 280.09507382403228 280.00021983285978 18.247812271118164 2.956718921661377 17740
829 280.09499673483549 280.00021983371124 18.23729133605957 2.9716670513153076 17762
830 280.09492021076176 280.00021983455633 18.229946136474609 2.9413540363311768 17783
831 280.09484424678413 280.00021983539546 18.236562728881836 2.9390099048614502 17804
832 280.09476883792047 280.00021983622815 18.228021621704102 2.9755730628967285 17826
833 280.09469397923357 280.00021983705494 18.234739303588867 2.9747400283813477 17847
834 280.09461966583041 280.00021983787559 18.232500076293945 2.9708330631256104 17868
835 280.09454589286167 280.00021983869038 18.239999771118164 2.963386058807373 17890
836 280.09447265552177 280.00021983949927 18.236770629882812 2.9600520133972168 17911
837 280.09439994904807 280.00021984030218 18.234636306762695 2.9534370899200439 17932
838 280.09432776872058 280.00021984109941 18.233489990234375 2.9490630626678467 17954
839 280.0942561098617 280.00021984189084 18.231563568115234 2.94057297706604 17975
840 280.09418496783582 280.00021984267647 18.230052947998047 2.959583044052124 17996
841 280.09411433804871 280.00021984345659 18.236042022705078 2.9580729007720947 18018
842 280.09404421594752 280.00021984423103 18.235208511352539 2.9508330821990967 18039
843 280.09397459702001 280.00021984499983 18.231927871704102 2.9894800186157227 18060
844 280.09390547679459 280.00021984576324 18.232967376708984 2.9916670322418213 18082
845 280.09383685083969 280.00021984652113 18.232030868530273 2.9420840740203857 18103
846 280.09376871476331 280.00021984727357 18.234218597412109 2.9880731105804443 18124
847 280.09370106421312 280.00021984802089 18.23046875 2.9146349430084229 18146
848 280.09363389487555 280.00021984876264 18.232917785644531 2.977186918258667 18167
849 280.09356720247587 280.00021984949922 18.233125686645508 2.9846360683441162 18188
850 280.09350098277753 280.00021985023051 18.22947883605957 2.9800529479980469 18210
851 280.09343523158208 280.00021985095663 18.23359489440918 2.972865104675293 18231
852 280.09336994472858 280.0002198516778 18.223333358764648 2.9669790267944336 18252
853 280.0933051180935 280.00021985239368 18.224687576293945 2.9765100479125977 18274
854 280.09324074759019 280.00021985310468 18.235990524291992 2.9527599811553955 18295
855 280.09317682916878 280.00021985381051 18.229948043823242 2.9534890651702881 18316
856 280.09311335881557 280.00021985451139 18.220468521118164 2.9674999713897705 18338
857 280.09305033255288 280.0002198552076 18.247135162353516 2.977186918258667 18359
858 280.09298774643861 280.00021985589882 18.228073120117188 2.9876561164855957 18380
859 280.09292559656609 280.00021985658515 18.234792709350586 2.9847919940948486 18402
860 280.09286387906371 280.00021985726676 18.239322662353516 2.9670839309692383 18423
861 280.09280259009444 280.00021985794365 18.23713493347168 2.9499480724334717 18445
862 280.09274172585572 280.00021985861582 18.231927871704102 2.9516150951385498 18466
863 280.09268128257906 280.00021985928339 18.22869873046875 2.9357810020446777 18487
864 280.09262125652981 280.00021985994647 18.241094589233398 3.0212500095367432 18509
865 280.09256164400676 280.00021986060477 18.238489151000977 2.9915618896484375 18530
866 280.09250244134171 280.00021986125864 18.231405258178711 2.9632289409637451 18551
867 280.09244364489956 280.00021986190791 18.229635238647461 2.9930720329284668 18573
868 280.09238525107781 280.00021986255297 18.232084274291992 2.9735939502716064 18594
869 280.09232725630613 280.00021986319342 18.22932243347168 2.9815618991851807 18615
870 280.09226965704607 280.00021986382939 18.222917556762695 2.9926559925079346 18637
871 280.0922124497913 280.00021986446131 18.233020782470703 2.9769790172576904 18658
872 280.09215563106653 280.00021986508875 18.232030868530273 2.9873440265655518 18680
873 280.09209919742779 280.0002198657121 18.233644485473633 3.0013020038604736 18701
874 280.09204314546196 280.00021986633107 18.231094360351562 2.9457290172576904 18722
875 280.09198747178652 280.000219866946 18.227447509765625 2.9853129386901855 18744
876 280.09193217304926 280.00021986755667 18.241823196411133 2.9668750762939453 18765
877 280.09187724592806 280.00021986816336 18.231197357177734 2.956718921661377 18787
878 280.09182268713045 280.0002198687659 18.218490600585938 2.9592709541320801 18808
879 280.0917684933936 280.00021986936434 18.221769332885742 2.9502079486846924 18829
880 280.09171466148388 280.00021986995893 18.222915649414062 2.9478650093078613 18850
881 280.09166118819661 280.00021987054947 18.226406097412109 2.9743750095367432 18872
882 280.09160807035607 280.0002198711361 18.229740142822266 2.9379689693450928 18893
883 280.09155530481451 280.00021987171885 18.224374771118164 2.9370839595794678 18914
884 280.09150288845285 280.00021987229781 18.23359489440918 2.9459900856018066 18936
885 280.09145081817968 280.00021987287289 18.233907699584961 2.9909899234771729 18957
886 280.09139909093159 280.00021987344411 18.216770172119141 2.9397919178009033 18978
887 280.0913477036724 280.00021987401163 18.235416412353516 2.9459381103515625 19000
888 280.09129665339321 280.00021987457558 18.233854293823242 2.9609889984130859 19021
889 280.09124593711198 280.0002198751356 18.234531402587891 2.928333044052124 19042
890 280.09119555187357 280.00021987569215 18.228282928466797 2.9491660594940186 19064
891 280.09114549474941 280.00021987624478 18.238071441650391 2.9547920227050781 19085
892 280.09109576283669 280.00021987679412 18.227500915527344 2.9689579010009766 19106
893 280.09104635325923 280.00021987733982 18.230365753173828 2.9706249237060547 19128
894 280.09099726316623 280.00021987788199 18.231040954589844 2.9493749141693115 19149
895 280.09094848973257 280.00021987842075 18.232656478881836 2.9679169654846191 19170
896 280.09090003015848 280.00021987895593 18.235000610351562 2.9782810211181641 19192
897 280.09085188166921 280.00021987948759 18.238489151000977 2.9440629482269287 19213
898 280.09080404151484 280.00021988001595 18.233125686645508 2.9738540649414062 19234
899 280.09075650697031 280.00021988054095 18.238334655761719 2.9920320510864258 19256
900 280.09070927533486 280.00021988106261 18.233438491821289 2.9535410404205322 19277
901 280.09066234393168 280.00021988158085 18.236719131469727 2.9657809734344482 19299
902 280.09061571010835 280.00021988209596 18.237031936645508 2.9645829200744629 19320
903 280.09056937123597 280.00021988260767 18.233280181884766 2.9444270133972168 19341
904 280.09052332470947 280.0002198831163 18.228488922119141 2.9526569843292236 19363
905 280.09047756794678 280.00021988362158 18.23260498046875 2.9592189788818359 19384
906 280.09043209838916 280.00021988412379 18.233280181884766 2.9639589786529541 19405
907 280.09038691350059 280.00021988462277 18.236770629882812 2.9776558876037598 19427
908 280.09034201076838 280.00021988511878 18.23713493347168 3.0044269561767578 19448
909 280.09029738770164 280.0002198856115 18.238542556762695 2.9622910022735596 19469
910 280.09025304183211 280.00021988610132 18.235157012939453 2.974113941192627 19491
911 280.09020897071377 280.00021988658801 18.237031936645508 2.9721879959106445 19512
912 280.09016517192237 280.00021988707175 18.236301422119141 2.973228931427002 19533
913 280.09012164305528 280.00021988755248 18.239530563354492 2.969480037689209 19555
914 280.09007838173164 280.00021988803013 18.235677719116211 2.9619789123535156 19576
915 280.09003538559182 280.00021988850506 18.236093521118164 2.9390630722045898 19597
916 280.08999265229727 280.00021988897703 18.228021621704102 2.96697998046875 19619
917 280.08995017953038 280.0002198894461 18.227083206176758 2.9444270133972168 19640
918 280.08990796499461 280.00021988991227 18.229166030883789 2.9766149520874023 19661
919 280.08986600641362 280.00021989037572 18.238384246826172 2.9485421180725098 19683
920 280.08982430153168 280.00021989083626 18.236822128295898 2.9697389602661133 19704
921 280.08978284811315 280.00021989129419 18.239009857177734 2.9533329010009766 19725
922 280.08974164394255 280.00021989174928 18.237031936645508 2.9769270420074463 19747
923 280.08970068682407 280.00021989220147 18.242708206176758 2.9717190265655518 19768
924 280.08965997458199 280.00021989265116 18.236249923706055 2.9727599620819092 19789
925 280.08961950505949 280.00021989309818 18.234844207763672 2.9588019847869873 19811
926 280.08957927611959 280.00021989354246 18.23651123046875 2.9592189788818359 19832
927 280.08953928564421 280.00021989398414 18.232603073120117 2.9485421180725098 19853
928 280.0894995315341 280.0002198944232 18.229375839233398 2.9580209255218506 19875
929 280.08946001170921 280.00021989485953 18.23729133605957 2.9550518989562988 19896
930 280.08942072410787 280.00021989529347 18.239686965942383 2.9519789218902588 19917
931 280.08938166668702 280.00021989572491 18.236667633056641 2.9649999141693115 19939
932 280.08934283742173 280.00021989615379 18.238906860351562 2.976093053817749 19960
933 280.08930423430542 280.00021989658006 18.23729133605957 2.959791898727417 19981
934 280.0892658553492 280.00021989700389 18.231563568115234 3.0014579296112061 20003
935 280.08922769858242 280.00021989742538 18.233697891235352 2.9649999141693115 20024
936 280.08918976205155 280.00021989784437 18.22479248046875 2.9814579486846924 20046
937 280.08915204382117 280.00021989826087 18.231510162353516 2.9671359062194824 20067
938 280.08911454197278 280.00021989867508 18.221355438232422 2.9532809257507324 20088
939 280.08907725460517 280.00021989908686 18.224843978881836 2.9353649616241455 20110
940 280.08904017983417 280.0002198994963 18.215311050415039 2.9608340263366699 20131
941 280.08900331579252 280.00021989990336 18.232187271118164 2.9705729484558105 20152
942 280.08896666062969 280.0002199003082 18.228801727294922 2.9703130722045898 20174
943 280.08893021251157 280.00021990071082 18.232030868530273 2.9923439025878906 20195
944 280.08889396962093 280.00021990111094 18.222291946411133 2.9794270992279053 20216
945 280.08885793015622 280.00021990150913 18.229948043823242 2.9794270992279053 20238
946 280.08882209233241 280.00021990190493 18.219427108764648 2.9959371089935303 20259
947 280.08878645438051 280.00021990229851 18.226146697998047 2.9725000858306885 20280
948 280.08875101454709 280.00021990268988 18.220155715942383 2.9598960876464844 20302
949 280.0887157710946 280.00021990307914 18.216354370117188 2.9253120422363281 20323
950 280.08868072230115 280.00021990346625 18.227603912353516 3.0070319175720215 20344
951 280.08864586646007 280.00021990385119 18.222499847412109 2.9453649520874023 20366
952 280.08861120188016 280.00021990423403 18.225990295410156 2.9659380912780762 20387
953 280.08857672688509 280.00021990461477 18.22150993347168 2.9364058971405029 20408
954 280.08854243981415 280.00021990499346 18.224166870117188 2.973750114440918 20430
955 280.08850833902068 280.00021990536999 18.23322868347168 2.9482810497283936 20451
956 280.08847442287333 280.00021990574459 18.230781555175781 2.9895310401916504 20472
957 280.08844068975537 280.0002199061172 18.229219436645508 2.9349470138549805 20494
958 280.08840713806433 280.0002199064877 18.23161506652832 2.9670829772949219 20515
959 280.08837376621216 280.00021990685633 18.227916717529297 2.9686980247497559 20536
960 280.08834057262499 280.0002199072228 18.216041564941406 2.977031946182251 20558
961 280.08830755574326 280.00021990758751 18.235469818115234 2.9821360111236572 20579
962 280.08827471402111 280.00021990795022 18.215156555175781 2.9435939788818359 20600
963 280.08824204592679 280.00021990831101 18.218645095825195 2.9555211067199707 20622
964 280.08820954994201 280.00021990866986 18.21369743347168 2.9577078819274902 20643
965 280.08817722456223 280.0002199090269 18.217082977294922 2.9760940074920654 20664
966 280.0881450682964 280.000219909382 18.22203254699707 2.9530210494995117 20686
967 280.08811307966675 280.00021990973534 18.220937728881836 2.9785420894622803 20707
968 280.08808125720884 280.00021991008686 18.231197357177734 2.9634900093078613 20728
969 280.08804959947122 280.0002199104365 18.228334426879883 2.9819269180297852 20750
970 280.08801810501552 280.00021991078427 18.224323272705078 2.9480729103088379 20771
971 280.08798677241634 280.00021991113022 18.229894638061523 2.9952080249786377 20793
972 280.08795560026084 280.0002199114744 18.24317741394043 2.9749479293823242 20814
973 280.08792458714908 280.00021991181711 18.227655410766602 2.9592709541320801 20835
974 280.08789373169327 280.00021991215783 18.234426498413086 2.960676908493042 20857
975 280.08786303251861 280.00021991249696 18.228958129882812 2.9451038837432861 20878
976 280.08783248826217 280.00021991283427 18.216823577880859 2.9511969089508057 20899
977 280.08780209757333 280.00021991316987 18.220417022705078 2.9582810401916504 20921
978 280.08777185911373 280.00021991350377 18.215364456176758 2.9790630340576172 20942
979 280.08774177155681 280.00021991383608 18.219427108764648 2.9542191028594971 20963
980 280.08771183358783 280.00021991416679 18.223592758178711 2.9539580345153809 20985
981 280.08768204390412 280.00021991449574 18.21760368347168 2.9732298851013184 21006
982 280.08765240121448 280.00021991482316 18.222707748413086 2.9540619850158691 21027
983 280.08762290423925 280.00021991514905 18.232500076293945 2.9848430156707764 21049
984 280.08759355171031 280.00021991547317 18.219532012939453 2.971250057220459 21070
985 280.08756434237085 280.00021991579564 18.225728988647461 2.9354169368743896 21091
986 280.08753527497532 280.00021991611669 18.218801498413086 2.9676558971405029 21113
987 280.08750634828931 280.00021991643615 18.213802337646484 2.9608330726623535 21134
988 280.0874775610896 280.00021991675408 18.217447280883789 2.9495320320129395 21155
989 280.08744891216367 280.00021991707052 18.224843978881836 2.9859371185302734 21177
990 280.08742040031012 280.00021991738538 18.214532852172852 2.9634900093078613 21198
991 280.08739202433821 280.00021991769876 18.226406097412109 2.9777600765228271 21219
992 280.08736378306776 280.0002199180106 18.251197814941406 2.9270839691162109 21241
993 280.08733567532914 280.00021991832108 18.263750076293945 3.0699470043182373 21262
994 280.0873076999635 280.00021991863002 18.246406555175781 3.0041670799255371 21284
995 280.08727985582215 280.00021991893749 18.241510391235352 2.9923439025878906 21305
996 280.08725214176661 280.0002199192437 18.223176956176758 2.9511449337005615 21326
997 280.08722455666873 280.00021991954827 18.224895477294922 2.9779689311981201 21348
998 280.08719709941028 280.00021991985147 18.220104217529297 2.982187032699585 21369
999 280.08716976888337 280.00021992015337 18.22734260559082 2.9952089786529541 21391
1000 280.0871425639898 280.00021992045384 18.229791641235352 2.9156770706176758 21412
