iteration internal-T external-T loop-time(ms) calcT-time(ms) wall-time(ms)
0 300 280 72.226615905761719 11.236770629882812 83
1 299.5 280.00000550081506 72.191871643066406 11.224532127380371 167
2 299.07508588588587 280.00001017556309 72.13885498046875 11.28182315826416 251
3 298.70405130498671 280.0000142575484 72.11187744140625 11.289114952087402 334
4 298.37331041564084 280.00001789623735 72.084793090820312 11.289271354675293 418
5 298.07374953136372 280.00002119189543 72.077033996582031 11.364322662353516 501
6 297.79902419162011 280.00002421432214 72.055938720703125 11.319113731384277 585
7 297.54457178871121 280.00002701371346 72.009269714355469 11.274739265441895 668
8 297.30701484600343 280.00002962722715 71.967605590820312 11.26406192779541 752
9 297.08378797489075 280.00003208308652 71.962081909179688 11.13729190826416 835
10 296.87289764805666 280.00003440322388 71.954475402832031 11.168176651000977 919
11 296.6727632144794 280.00003660502909 71.955207824707031 11.886406898498535 1003
12 296.48210897604258 280.00003870253653 71.948440551757812 11.154375076293945 1086
13 296.29988917064935 280.00004070725129 71.93609619140625 11.148332595825195 1169
14 296.12523467004092 280.00004262873568 71.897659301757812 11.142083168029785 1253
15 295.95741432965059 280.00004447503301 71.890731811523438 11.673802375793457 1337
16 295.79580643465493 280.0000462529834 71.894111633300781 11.221563339233398 1420
17 295.63987724089276 280.0000479684586 71.865676879882812 11.184479713439941 1503
18 295.4891645936936 280.0000496265435 71.856979370117188 11.143124580383301 1586
19 295.34326524333426 280.00005123167421 71.843437194824219 11.206719398498535 1670
20 295.20182489423667 280.00005278774864 71.856201171875 11.189791679382324 1753
21 295.0645303054003 280.000054298213 71.840103149414062 11.43260383605957 1836
22 294.93110295070977 280.00005576613148 71.869583129882812 11.312604904174805 1920
23 294.80129388019952 280.00005719424286 71.847816467285156 11.279895782470703 2003
24 294.67487951653277 280.00005858500691 71.848800659179688 11.124271392822266 2086
25 294.55165818745678 280.00005994064242 71.848434448242188 11.261094093322754 2169
26 294.43144724310014 280.00006126315867 71.84979248046875 11.140936851501465 2253
27 294.31408064221881 280.00006255438268 71.84906005859375 11.088281631469727 2336
28 294.19940691762088 280.00006381598052 71.815101623535156 11.141875267028809 2419
29 294.08728745057226 280.00006504947737 72.194221496582031 11.226093292236328 2503
30 293.9775949988146 280.00006625627316 72.248649597167969 11.307656288146973 2586
31 293.87021243415734 280.00006743765658 72.260055541992188 11.337239265441895 2670
32 293.76503165435059 280.00006859481664 72.255416870117188 11.31135368347168 2754
33 293.66195264075134 280.00006972885376 72.253074645996094 11.299427032470703 2838
34 293.56088263863074 280.00007084078851 72.245002746582031 11.32770824432373 2921
35 293.46173544118608 280.00007193156932 72.2847900390625 11.226771354675293 3005
36 293.36443076168183 280.0000730020796 72.273956298828125 11.335624694824219 3089
37 293.26889368082783 280.00007405314301 72.262916564941406 11.318490028381348 3173
38 293.17505415867276 280.00007508553074 72.246978759765625 11.317604064941406 3256
39 293.08284660205243 280.00007609996442 72.230941772460938 11.310990333557129 3340
40 292.99220948005933 280.00007709712048 72.217033386230469 11.30546760559082 3424
41 292.9030849811827 280.00007807763535 72.235206604003906 11.283905982971191 3507
42 292.81541870673504 280.00007904210725 72.233024597167969 11.19807243347168 3591
43 292.72915939598147 280.00007999110016 72.229690551757812 11.32536506652832 3675
44 292.64425867905959 280.00008092514662 72.20953369140625 11.21604061126709 3758
45 292.56067085433489 280.00008184474888 72.229110717773438 11.29140567779541 3842
46 292.47835268730165 280.00008275038289 72.226669311523438 11.324530601501465 3926
47 292.39726322853846 280.00008364249936 72.236305236816406 11.320521354675293 4010
48 292.31736364855897 280.0000845215248 72.219741821289062 11.32869815826416 4093
49 292.23861708768015 280.00008538786534 72.229377746582031 11.309843063354492 4177
50 292.16098851927484 280.00008624190605 72.25213623046875 11.311667442321777 4261
51 292.084444624978 280.00008708401378 72.266563415527344 11.286510467529297 4345
52 292.00895368059707 280.00008791453718 72.263801574707031 11.331509590148926 4428
53 291.93448545162346 280.00008873380915 72.243278503417969 11.191198348999023 4512
54 291.86101109737797 280.00008954214678 72.226249694824219 11.331823348999023 4596
55 291.78850308293499 280.00009033985327 72.229011535644531 11.286562919616699 4679
56 291.71693509806607 280.00009112721784 72.243904113769531 11.167656898498535 4763
57 291.64628198253371 280.00009190451715 72.237083435058594 11.247500419616699 4847
58 291.57651965713677 280.00009267201654 72.22265625 11.335415840148926 4930
59 291.50762505997642 280.00009342996941 72.252288818359375 11.283228874206543 5014
60 291.43957608746734 280.00009417861907 72.235153198242188 11.268385887145996 5098
61 291.37235153966975 280.00009491819867 72.226669311523438 11.363385200500488 5182
62 291.30593106956314 280.00009564893202 72.227867126464844 11.297968864440918 5265
63 291.24029513591722 280.00009637103437 72.225730895996094 11.155468940734863 5349
64 291.17542495945696 280.00009708471197 72.231040954589844 11.19041633605957 5433
65 291.11130248204137 280.00009779016392 72.257865905761719 11.162031173706055 5516
66 291.0479103286097 280.000098487581 72.245834350585938 11.161093711853027 5600
67 290.98523177166675 280.00009917714709 72.237136840820312 11.14281177520752 5683
68 290.92325069810579 280.00009985904001 72.213485717773438 11.275729179382324 5767
69 290.86195157818094 280.00010053343016 72.234634399414062 11.302395820617676 5851
70 290.80131943646535 280.00010120048279 72.23297119140625 11.339688301086426 5934
71 290.74133982463769 280.00010186035604 72.221199035644531 11.304531097412109 6018
72 290.68199879596193 280.0001025132043 72.220413208007812 11.313958168029785 6102
73 290.62328288133091 280.00010315917518 72.225418090820312 11.197708129882812 6185
74 290.56517906675987 280.00010379841166 72.228492736816406 11.180782318115234 6269
75 290.50767477222416 280.00010443105282 72.221977233886719 11.164896011352539 6353
76 290.45075783174258 280.00010505723179 72.223594665527344 11.20546817779541 6436
77 290.39441647461985 280.00010567707869 72.221511840820312 11.270364761352539 6520
78 290.33863930776693 280.00010629071835 72.200309753417969 11.202967643737793 6604
79 290.28341529902207 280.00010689827252 72.224372863769531 11.19630241394043 6687
80 290.22873376140763 280.00010749985864 72.229270935058594 11.326250076293945 6771
81 290.17458433825715 280.00010809559041 72.254951477050781 11.301875114440918 6855
82 290.12095698915431 280.00010868557882 72.257080078125 11.276145935058594 6938
83 290.06784197663285 280.00010926993048 72.228073120117188 11.29468822479248 7022
84 290.01522985358417 280.00010984874967 72.221878051757812 11.232030868530273 7106
85 289.96311145133086 280.00011042213697 72.230049133300781 11.292136192321777 7189
86 289.91147786832016 280.00011099019071 72.205207824707031 11.31932258605957 7273
87 289.86032045940163 280.00011155300552 72.205780029296875 11.328177452087402 7357
88 289.80963082564995 280.00011211067431 72.213752746582031 11.21640682220459 7440
89 289.75940080470087 280.0001126632863 72.217292785644531 11.311875343322754 7524
90 289.70962246156876 280.0001132109291 72.217391967773438 11.314374923706055 7608
91 289.660288079917 280.00011375368791 72.220001220703125 11.288021087646484 7691
92 289.61139015375335 280.00011429164471 72.21270751953125 11.31031322479248 7775
93 289.56292137952602 280.00011482488026 72.204010009765625 11.294634819030762 7859
94 289.5148746485973 280.00011535347289 72.231040954589844 11.319635391235352 7943
95 289.46724304007245 280.00011587749799 72.253646850585938 11.317395210266113 8026
96 289.42001981396356 280.00011639703041 72.223388671875 11.323749542236328 8110
97 289.37319840466938 280.00011691214235 72.223228454589844 11.198333740234375 8194
98 289.32677241475506 280.00011742290383 72.225830078125 11.33104133605957 8277
99 289.28073560901203 280.00011792938386 72.201614379882812 11.295261383056641 8361
100 289.23508190878556 280.00011843164896 72.2347412109375 11.347395896911621 8445
101 289.18980538655461 280.00011892976426 72.237655639648438 11.321249961853027 8529
102 289.14490026074913 280.00011942379416 72.224273681640625 11.317030906677246 8613
103 289.10036089079449 280.00011991379972 72.207603454589844 11.257082939147949 8696
104 289.05618177236903 280.00012039984233 72.205726623535156 11.319791793823242 8780
105 289.01235753286454 280.00012088198025 72.209426879882812 11.245260238647461 8864
106 288.96888292703949 280.00012136027175 72.189582824707031 11.279843330383301 8947
107 288.92575283285385 280.00012183477293 72.195732116699219 11.321719169616699 9031
108 288.88296224747808 280.00012230553926 72.194892883300781 11.321719169616699 9115
109 288.84050628346574 280.00012277262414 72.194320678710938 11.32322883605957 9198
110 288.79838016508279 280.00012323608013 72.207138061523438 11.347865104675293 9282
111 288.7565792247857 280.00012369595851 72.208175659179688 11.293437004089355 9366
112 288.71509889983992 280.00012415230981 72.192550659179688 11.306614875793457 9449
113 288.67393472907395 280.00012460518286 72.255050659179688 11.224894523620605 9533
114 288.63308234976051 280.00012505462558 72.204322814941406 11.279218673706055 9617
115 288.59253749461971 280.0001255006851 72.209579467773438 11.274062156677246 9701
116 288.55229598893868 280.00012594340734 72.201461791992188 11.339947700500488 9784
117 288.51235374780157 280.00012638283704 72.218643188476562 11.348905563354492 9868
118 288.47270677342493 280.00012681901831 72.195259094238281 11.345000267028809 9952
119 288.43335115259407 280.00012725199434 72.202346801757812 11.311094284057617 10036
120 288.39428305419506 280.00012768180721 72.195419311523438 11.326823234558105 10119
121 288.3554987268389 280.00012810849807 72.204841613769531 11.145780563354492 10203
122 288.31699449657287 280.00012853210717 72.195732116699219 11.192187309265137 10286
123 288.27876676467577 280.00012895267463 72.2027587890625 11.266926765441895 10370
124 288.24081200553263 280.00012937023882 72.201614379882812 11.279532432556152 10454
125 288.20312676458678 280.00012978483801 72.194427490234375 11.250885009765625 10537
126 288.16570765636413 280.0001301965093 72.213226318359375 11.184062957763672 10621
127 288.12855136256815 280.00013060528886 72.173072814941406 11.166042327880859 10705
128 288.09165463024078 280.00013101121306 72.172393798828125 11.176041603088379 10788
129 288.05501426998899 280.00013141431685 72.171142578125 11.270780563354492 10872
130 288.01862715427126 280.00013181463436 72.16796875 11.309374809265137 10955
131 287.9824902157435 280.00013221219973 72.186614990234375 11.226563453674316 11039
132 287.94660044566177 280.00013260704554 72.173225402832031 11.182761192321777 11123
133 287.91095489233834 280.00013299920482 72.169425964355469 11.152500152587891 11206
134 287.87555065965 280.00013338870917 72.174690246582031 11.322813034057617 11290
135 287.8403849055959 280.00013377558969 72.159530639648438 11.264374732971191 11373
136 287.80545484090345 280.00013415987752 72.163803100585938 11.288176536560059 11457
137 287.77075772767961 280.00013454160211 72.17364501953125 11.226926803588867 11541
138 287.73629087810627 280.00013492079358 72.16937255859375 11.155729293823242 11624
139 287.70205165317844 280.00013529748094 72.149482727050781 11.178177833557129 11708
140 287.66803746148213 280.00013567169259 72.159950256347656 11.299478530883789 11791
141 287.63424575801184 280.00013604345628 72.155830383300781 11.304219245910645 11875
142 287.60067404302561 280.00013641280003 72.169685363769531 11.292032241821289 11959
143 287.56731986093575 280.00013677975051 72.158332824707031 11.276510238647461 12042
144 287.53418079923421 280.00013714433413 72.173126220703125 11.30859375 12126
145 287.50125448745234 280.00013750657735 72.184951782226562 11.222916603088379 12209
146 287.46853859615101 280.0001378665055 72.209793090820312 11.190572738647461 12293
147 287.43603083594337 280.0001382241436 72.205726623535156 11.192239761352539 12377
148 287.40372895654644 280.000138579517 72.185676574707031 11.206146240234375 12460
149 287.37163074586152 280.00013893264969 72.208694458007812 11.292448043823242 12544
150 287.33973402908208 280.00013928356572 72.182655334472656 11.320313453674316 12627
151 287.30803666782901 280.00013963228838 72.191513061523438 11.227760314941406 12711
152 287.27653655931039 280.00013997884076 72.200469970703125 11.185208320617676 12795
153 287.24523163550708 280.00014032324583 72.200469970703125 11.297186851501465 12878
154 287.2141198623811 280.00014066552626 72.178230285644531 11.332135200500488 12962
155 287.18319923910803 280.00014100570365 72.183128356933594 11.321562767028809 13046
156 287.1524677973311 280.00014134379944 72.171821594238281 11.289375305175781 13129
157 287.12192360043645 280.00014167983551 72.180831909179688 11.255728721618652 13213
158 287.09156474284964 280.00014201383226 72.192970275878906 11.300886154174805 13297
159 287.06138934935143 280.00014234581084 72.197242736816406 11.264165878295898 13380
160 287.03139557441364 280.00014267579121 72.172447204589844 11.166927337646484 13464
161 287.00158160155297 280.00014300379348 72.184684753417969 11.264166831970215 13547
162 286.97194564270285 280.00014332983721 72.174324035644531 11.192655563354492 13631
163 286.94248593760307 280.00014365394219 72.183334350585938 11.224947929382324 13715
164 286.91320075320579 280.00014397612694 72.182708740234375 11.278437614440918 13798
165 286.88408838309783 280.00014429641067 72.148902893066406 11.174635887145996 13882
166 286.85514714693898 280.00014461481146 72.156768798828125 11.168853759765625 13965
167 286.82637538991486 280.00014493134756 72.154533386230469 11.169166564941406 14049
168 286.79777148220546 280.00014524603705 72.194480895996094 11.326823234558105 14132
169 286.76933381846635 280.00014555889783 72.188591003417969 11.289061546325684 14216
170 286.74106081732492 280.000145869947 72.194534301757812 11.306094169616699 14300
171 286.71295092088963 280.00014617920169 72.194114685058594 11.32635498046875 14384
172 286.68500259427208 280.00014648667883 72.188072204589844 11.201562881469727 14467
173 286.65721432512061 280.00014679239513 72.213127136230469 11.293698310852051 14551
174 286.62958462316777 280.00014709636679 72.20098876953125 11.356562614440918 14635
175 286.60211201978774 280.00014739861018 72.195991516113281 11.196146011352539 14718
176 286.57479506756619 280.00014769914128 72.189842224121094 11.153593063354492 14802
177 286.54763233988069 280.0001479979756 72.171768188476562 11.159479141235352 14885
178 286.52062243049119 280.00014829512861 72.204429626464844 11.188020706176758 14969
179 286.49376395314232 280.00014859061554 72.20172119140625 11.323124885559082 15052
180 286.46705554117369 280.00014888445162 72.201301574707031 11.323020935058594 15136
181 286.44049584714145 280.00014917665163 72.193649291992188 11.219478607177734 15220
182 286.41408354244834 280.00014946723002 72.191612243652344 11.337552070617676 15303
183 286.38781731698361 280.00014975620127 72.186981201171875 11.29572868347168 15387
184 286.36169587877055 280.00015004357977 72.176925659179688 11.364375114440918 15471
185 286.33571795362371 280.00015032937927 72.184112548828125 11.322084426879883 15555
186 286.30988228481425 280.00015061361376 72.185211181640625 11.327031135559082 15638
187 286.28418763274226 280.00015089629665 72.192344665527344 11.30916690826416 15722
188 286.25863277461917 280.00015117744192 72.181564331054688 11.306822776794434 15806
189 286.23321650415471 280.0001514570622 72.170936584472656 11.322759628295898 15889
190 286.20793763125408 280.00015173517113 72.176872253417969 11.32770824432373 15973
191 286.18279498172041 280.00015201178138 72.166976928710938 11.32072925567627 16057
192 286.15778739696509 280.00015228690552 72.178024291992188 11.32380199432373 16140
193 286.13291373372465 280.00015256055633 72.173179626464844 11.190364837646484 16224
194 286.10817286378369 280.00015283274615 72.175155639648438 11.192083358764648 16307
195 286.08356367370538 280.00015310348749 72.174896240234375 11.189374923706055 16391
196 286.05908506456655 280.00015337279206 72.166091918945312 11.254219055175781 16475
197 286.03473595170044 280.00015364067201 72.184585571289062 11.291406631469727 16558
198 286.0105152644436 280.00015390713901 72.165679931640625 11.323281288146973 16642
199 285.9864219458907 280.00015417220487 72.173751831054688 11.292083740234375 16726
200 285.96245495265208 280.00015443588086 72.175003051757812 11.317188262939453 16809
201 285.93861325461904 280.00015469817839 72.172813415527344 11.322708129882812 16893
202 285.91489583473367 280.00015495910867 72.151718139648438 11.322343826293945 16977
203 285.89130168876272 280.00015521868266 72.168907165527344 11.255989074707031 17060
204 285.86782982507793 280.0001554769114 72.168022155761719 11.290364265441895 17144
205 285.84447926444051 280.00015573380563 72.163436889648438 11.331250190734863 17228
206 285.82124903979013 280.00015598937603 72.176406860351562 11.314532279968262 17311
207 285.79813819603856 280.000156243633 72.183746337890625 11.198854446411133 17395
208 285.7751457898683 280.00015649658701 72.197967529296875 11.295416831970215 17479
209 285.75227088953466 280.00015674824817 72.231719970703125 11.212863922119141 17563
210 285.72951257467253 280.00015699862672 72.179794311523438 11.353177070617676 17647
211 285.70686993610758 280.00015724773277 72.173851013183594 11.290468215942383 17730
212 285.68434207567077 280.00015749557593 72.172340393066406 11.320833206176758 17814
213 285.66192810601677 280.0001577421661 72.1878662109375 11.326927185058594 17898
214 285.63962715044727 280.00015798751292 72.182914733886719 11.32364559173584 17981
215 285.61743834273648 280.00015823162607 72.202552795410156 11.326770782470703 18065
216 285.59536082696098 280.00015847451465 72.177032470703125 11.333749771118164 18149
217 285.57339375733341 280.00015871618837 72.178955078125 11.34588623046875 18233
218 285.55153629803868 280.00015895665604 72.173698425292969 11.322863578796387 18316
219 285.52978762307458 280.00015919592681 72.167503356933594 11.325261116027832 18400
220 285.50814691609418 280.0001594340099 72.174842834472656 11.31682300567627 18484
221 285.48661337025339 280.00015967091394 72.155052185058594 11.321770668029785 18567
222 285.46518618805948 280.00015990664798 72.162399291992188 11.323177337646484 18651
223 285.44386458122443 280.00016014122025 72.161354064941406 11.327500343322754 18735
224 285.42264777051997 280.0001603746399 72.181304931640625 11.32927131652832 18818
225 285.40153498563569 280.00016060691485 72.17327880859375 11.163228988647461 18902
226 285.38052546504082 280.00016083805389 72.154060363769531 11.255311965942383 18985
227 285.35961845584779 280.00016106806504 72.139739990234375 11.306926727294922 19069
228 285.33881321367858 280.00016129695655 72.136039733886719 11.254687309265137 19153
229 285.31810900253424 280.0001615247366 72.174896240234375 11.324479103088379 19236
230 285.29750509466584 280.00016175141332 72.174110412597656 11.33359432220459 19320
231 285.27700077044977 280.00016197699432 72.161407470703125 11.313958168029785 19404
232 285.25659531826312 280.00016220148757 72.162811279296875 11.290781021118164 19487
233 285.23628803436299 280.00016242490074 72.172340393066406 11.317812919616699 19571
234 285.21607822276832 280.00016264724167 72.158279418945312 11.311614990234375 19655
235 285.19596519514221 280.00016286851775 72.163017272949219 11.331927299499512 19738
236 285.17594827067859 280.00016308873654 72.182601928710938 11.326719284057617 19822
237 285.15602677598929 280.0001633079055 72.168594360351562 11.332500457763672 19906
238 285.13620004499455 280.00016352603183 72.169586181640625 11.364739418029785 19989
239 285.11646741881452 280.00016374312293 72.177085876464844 11.298645973205566 20073
240 285.09682824566335 280.0001639591859 72.15911865234375 11.262187957763672 20157
241 285.07728188074515 280.00016417422762 72.186820983886719 11.357187271118164 20240
242 285.05782768615177 280.00016438825566 72.185417175292969 11.297657012939453 20324
243 285.03846503076232 280.00016460127637 72.163856506347656 11.217291831970215 20408
244 285.01919329014498 280.00016481329686 72.17364501953125 11.29906177520752 20491
245 285.00001184646032 280.00016502432396 72.176773071289062 11.286093711853027 20575
246 284.98092008836568 280.00016523436449 72.169113159179688 11.278332710266113 20659
247 284.96191741092287 280.00016544342481 72.167915344238281 11.290624618530273 20742
248 284.94300321550588 280.00016565151196 72.165885925292969 11.311407089233398 20826
249 284.92417690971126 280.00016585863193 72.155784606933594 11.33203125 20909
250 284.90543790726957 280.0001660647917 72.16937255859375 11.328228950500488 20993
251 284.88678562795894 280.00016626999684 72.177398681640625 11.206197738647461 21077
252 284.86821949751948 280.00016647425457 72.144218444824219 11.194999694824219 21160
253 284.84973894756928 280.00016667757092 72.170364379882812 11.171563148498535 21244
254 284.83134341552301 280.00016687995162 72.185157775878906 11.195572853088379 21327
255 284.81303234451013 280.00016708140345 72.156097412109375 11.23380184173584 21411
256 284.79480518329586 280.00016728193197 72.157608032226562 11.169896125793457 21494
257 284.77666138620305 280.00016748154331 72.153434753417969 11.19630241394043 21578
258 284.7586004130352 280.00016768024346 72.138336181640625 11.246719360351562 21661
259 284.74062172900142 280.00016787803821 72.147758483886719 11.302657127380371 21745
260 284.72272480464187 280.00016807493353 72.146194458007812 11.280625343322754 21829
261 284.70490911575541 280.00016827093526 72.155471801757812 11.29729175567627 21912
262 284.68717414332707 280.00016846604888 72.162445068359375 11.17359447479248 21996
263 284.66951937345874 280.00016866028005 72.169792175292969 11.286301612854004 22080
264 284.651944297299 280.00016885363436 72.167289733886719 11.303750038146973 22163
265 284.63444841097527 280.00016904611772 72.163177490234375 11.328072547912598 22247
266 284.61703121552716 280.00016923773546 72.160362243652344 11.324271202087402 22331
267 284.59969221684031 280.0001694284926 72.153488159179688 11.149635314941406 22414
268 284.58243092558143 280.00016961839498 72.155204772949219 11.260000228881836 22498
269 284.56524685713538 280.00016980744778 72.145050048828125 11.20036506652832 22581
270 284.54813953154161 280.00016999565622 72.124580383300781 11.16114616394043 22665
271 284.53110847343311 280.0001701830256 72.139114379882812 11.148124694824219 22748
272 284.51415321197572 280.00017036956103 72.147499084472656 11.308230400085449 22832
273 284.49727328080866 280.00017055526774 72.149063110351562 11.32421875 22915
274 284.48046821798511 280.00017074015096 72.152816772460938 11.321249961853027 22999
275 284.46373756591561 280.00017092421552 72.148384094238281 11.311249732971191 23083
276 284.4470808713105 280.0001711074662 72.162757873535156 11.331092834472656 23166
277 284.43049768512435 280.00017128990828 72.176513671875 11.324479103088379 23250
278 284.41398756250084 280.00017147154671 72.186248779296875 11.318124771118164 23334
279 284.39755006271906 280.00017165238597 72.187965393066406 11.314114570617676 23417
280 284.38118474913972 280.00017183243102 72.174949645996094 11.325884819030762 23501
281 284.36489118915313 280.00017201168663 72.176826477050781 11.287447929382324 23585
282 284.34866895412745 280.00017219015785 72.159271240234375 11.310000419616699 23668
283 284.33251761935816 280.00017236784862 72.170829772949219 11.292605400085449 23752
284 284.31643676401774 280.0001725447645 72.183280944824219 11.32755184173584 23836
285 284.30042597110702 280.00017272090929 72.170936584472656 11.309844017028809 23919
286 284.2844848274064 280.00017289628778 72.180519104003906 11.30411434173584 24003
287 284.26861292342807 280.00017307090457 72.186195373535156 11.314427375793457 24087
288 284.25280985336968 280.00017324476414 72.166511535644531 11.287551879882812 24170
289 284.23707521506742 280.00017341787077 72.169944763183594 11.225728988647461 24254
290 284.22140860995103 280.000173590229 72.151252746582031 11.319894790649414 24338
291 284.20580964299893 280.00017376184303 72.145988464355469 11.177291870117188 24421
292 284.19027792269401 280.00017393271747 72.155677795410156 11.202604293823242 24505
293 284.17481306098028 280.00017410285579 72.170524597167969 11.211250305175781 24588
294 284.15941467322011 280.00017427226339 72.168594360351562 11.298592567443848 24672
295 284.14408237815223 280.00017444094368 72.174530029296875 11.253125190734863 24756
296 284.12881579784988 280.00017460890098 72.152084350585938 11.208072662353516 24839
297 284.11361455768048 280.00017477613943 72.161872863769531 11.179582595825195 24923
298 284.09847828626494 280.00017494266291 72.177139282226562 11.188905715942383 25006
299 284.08340661543821 280.00017510847596 72.173698425292969 11.213125228881836 25090
300 284.06839918021041 280.00017527358222 72.17327880859375 11.198019981384277 25173
301 284.05345561872804 280.00017543798566 72.176300048828125 11.189114570617676 25257
302 284.03857557223648 280.00017560169044 72.192497253417969 11.318073272705078 25341
303 284.02375868504208 280.00017576470037 72.155258178710938 11.145936965942383 25424
304 284.00900460447593 280.00017592701948 72.163124084472656 11.276510238647461 25508
305 283.99431298085773 280.00017608865136 72.2308349609375 11.226822853088379 25592
306 283.97968346745932 280.00017624959969 72.175888061523438 11.43963623046875 25675
307 283.96511572047035 280.00017640986863 72.203231811523438 11.342395782470703 25759
308 283.95060939896308 280.00017656946187 72.163543701171875 11.307916641235352 25843
309 283.93616416485855 280.00017672838277 72.180778503417969 11.195884704589844 25927
310 283.92177968289275 280.00017688663576 72.159530639648438 11.227604866027832 26010
311 283.90745562058345 280.00017704422368 72.161201477050781 11.177083969116211 26094
312 283.89319164819767 280.00017720115062 72.150413513183594 11.182552337646484 26177
313 283.87898743871904 280.00017735742011 72.168960571289062 11.158073425292969 26261
314 283.86484266781673 280.00017751303545 72.157135009765625 11.163853645324707 26344
315 283.85075701381362 280.00017766800073 72.165519714355469 11.162186622619629 26428
316 283.83673015765561 280.00017782231907 72.156715393066406 11.165416717529297 26511
317 283.82276178288123 280.00017797599395 72.166770935058594 11.318332672119141 26595
318 283.80885157559152 280.00017812902911 72.169166564941406 11.332395553588867 26678
319 283.79499922442096 280.00017828142734 72.1448974609375 11.327656745910645 26762
320 283.78120442050778 280.00017843319267 72.150314331054688 11.327031135559082 26846
321 283.76746685746519 280.00017858432841 72.156929016113281 11.311302185058594 26929
322 283.75378623135401 280.0001787348375 72.136146545410156 11.329322814941406 27013
323 283.74016224065355 280.00017888472354 72.108642578125 11.334896087646484 27097
324 283.7265945862348 280.00017903398998 72.113594055175781 11.247967720031738 27180
325 283.71308297133305 280.00017918263973 72.126976013183594 11.172760963439941 27264
326 283.69962710152157 280.00017933067625 72.147293090820312 11.188697814941406 27347
327 283.68622668468464 280.00017947810267 72.138175964355469 11.236302375793457 27431
328 283.67288143099148 280.00017962492217 72.12750244140625 11.256405830383301 27514
329 283.65959105287163 280.00017977113799 72.124580383300781 11.194531440734863 27598
330 283.64635526498819 280.00017991675315 72.124114990234375 11.211823463439941 27682
331 283.63317378421402 280.00018006177112 72.133804321289062 11.206302642822266 27765
332 283.62004632960668 280.00018020619444 72.1175537109375 11.346145629882812 27849
333 283.60697262238426 280.00018035002671 72.124740600585938 11.325729370117188 27932
334 283.59395238590128 280.00018049327031 72.121772766113281 11.319063186645508 28016
335 283.58098534562532 280.00018063592904 72.120574951171875 11.189844131469727 28099
336 283.56807122911351 280.0001807780053 72.119583129882812 11.316041946411133 28183
337 283.55520976598996 280.00018091950221 72.164688110351562 11.30333423614502 28267
338 283.54240068792257 280.00018106042307 72.157135009765625 11.306822776794434 28350
339 283.52964372860129 280.00018120077067 72.149009704589844 11.340624809265137 28434
340 283.51693862371542 280.00018134054744 72.132606506347656 11.31307315826416 28518
341 283.50428511093247 280.00018147975658 72.149322509765625 11.317812919616699 28601
342 283.49168292987645 280.00018161840126 72.180778503417969 11.295208930969238 28685
343 283.47913182210652 280.0001817564837 72.135887145996094 11.313332557678223 28769
344 283.46663153109677 280.00018189400743 72.156143188476562 11.297187805175781 28852
345 283.45418180221458 280.00018203097466 72.142814636230469 11.299374580383301 28936
346 283.44178238270143 280.00018216738852 72.140678405761719 11.199687957763672 29019
347 283.42943302165202 280.00018230325162 72.138023376464844 11.189270973205566 29103
348 283.41713346999524 280.00018243856664 72.136611938476562 11.25291633605957 29186
349 283.40488348047364 280.00018257333659 72.143280029296875 11.248021125793457 29270
350 283.39268280762519 280.00018270756402 72.135673522949219 11.253072738647461 29354
351 283.38053120776368 280.00018284125139 72.139793395996094 11.324426651000977 29437
352 283.36842843896017 280.00018297440153 72.146461486816406 11.324895858764648 29521
353 283.3563742610246 280.00018310701716 72.150054931640625 11.20270824432373 29604
354 283.34436843548724 280.00018323910086 72.145523071289062 11.221040725708008 29688
355 283.33241072558098 280.00018337065501 72.137710571289062 11.296302795410156 29772
356 283.32050089622322 280.00018350168244 72.150054931640625 11.321666717529297 29855
357 283.30863871399868 280.00018363218589 72.137657165527344 11.276041030883789 29939
358 283.29682394714172 280.00018376216769 72.156356811523438 11.211613655090332 30022
359 283.28505636551984 280.00018389163012 72.134742736816406 11.19083309173584 30106
360 283.27333574061589 280.000184020576 72.130989074707031 11.19083309173584 30189
361 283.26166184551249 280.00018414900825 72.13848876953125 11.23708438873291 30273
362 283.25003445487442 280.00018427692828 72.127029418945312 11.325884819030762 30357
363 283.23845334493365 280.00018440433928 72.119842529296875 11.199426651000977 30440
364 283.22691829347224 280.00018453124369 72.128227233886719 11.282082557678223 30524
365 283.21542907980739 280.00018465764384 72.141769409179688 11.325311660766602 30607
366 283.20398548477522 280.0001847835419 72.128387451171875 11.320625305175781 30691
367 283.19258729071566 280.00018490894092 72.124168395996094 11.320781707763672 30775
368 283.18123428145714 280.0001850338424 72.126144409179688 11.209061622619629 30858
369 283.1699262423017 280.00018515824928 72.147865295410156 11.337968826293945 30942
370 283.15866296001013 280.00018528216373 72.156768798828125 11.328281402587891 31025
371 283.14744422278744 280.0001854055883 72.186668395996094 11.321093559265137 31109
372 283.1362698202679 280.00018552852464 72.188957214355469 11.340832710266113 31193
373 283.12513954350158 280.00018565097594 72.168853759765625 11.15349006652832 31276
374 283.11405318493979 280.00018577294384 72.156509399414062 11.233124732971191 31360
375 283.10301053842107 280.00018589443113 72.135574340820312 11.246770858764648 31444
376 283.09201139915791 280.00018601543962 72.130569458007812 11.236770629882812 31527
377 283.08105556372288 280.00018613597166 72.131149291992188 11.274478912353516 31611
378 283.07014283003537 280.00018625602939 72.131874084472656 11.190625190734863 31694
379 283.05927299734827 280.00018637561533 72.129058837890625 11.188593864440918 31778
380 283.04844586623494 280.00018649473145 72.143386840820312 11.32130241394043 31861
381 283.03766123857656 280.00018661337981 72.125572204589844 11.303385734558105 31945
382 283.02691891754904 280.00018673156302 72.135940551757812 11.300468444824219 32029
383 283.0162187076109 280.00018684928278 72.128227233886719 11.299270629882812 32112
384 283.0055604144905 280.00018696654138 72.130264282226562 11.318386077880859 32196
385 282.99494384517374 280.0001870833409 72.109062194824219 11.191926956176758 32279
386 282.98436880789234 280.00018719968364 72.116615295410156 11.194009780883789 32363
387 282.97383511211166 280.00018731557134 72.119064331054688 11.166770935058594 32446
388 282.96334256851884 280.00018743100634 72.136146545410156 11.247031211853027 32530
389 282.95289098901134 280.0001875459908 72.154060363769531 11.345417022705078 32614
390 282.94248018668526 280.00018766052671 72.13104248046875 11.33458423614502 32697
391 282.93210997582389 280.00018777461594 72.128128051757812 11.298697471618652 32781
392 282.92178017188689 280.0001878882606 72.125778198242188 11.156197547912598 32864
393 282.9114905914987 280.0001880014625 72.152862548828125 11.328229904174805 32948
394 282.90124105243791 280.00018811422427 72.133857727050781 11.28614616394043 33032
395 282.89103137362633 280.00018822654744 72.152496337890625 11.247344017028809 33115
396 282.88086137511823 280.0001883384341 72.156196594238281 11.271771430969238 33199
397 282.87073087808994 280.00018844988608 72.133750915527344 11.340728759765625 33283
398 282.8606397048294 280.00018856090537 72.135780334472656 11.181353569030762 33366
399 282.85058767872562 280.00018867149419 72.133277893066406 11.278228759765625 33450
400 282.84057462425869 280.00018878165389 72.124427795410156 11.347499847412109 33533
401 282.83060036698993 280.0001888913871 72.190521240234375 11.342499732971191 33617
402 282.82066473355127 280.00018900069523 72.148902893066406 11.356875419616699 33701
403 282.81076755163633 280.0001891095805 72.17437744140625 11.294792175292969 33785
404 282.80090864999005 280.00018921804434 72.154945373535156 11.273072242736816 33868
405 282.79108785839941 280.00018932608901 72.188957214355469 11.238540649414062 33952
406 282.7813050076839 280.0001894337164 72.152656555175781 11.246146202087402 34036
407 282.77155992968596 280.00018954092815 72.139846801757812 11.274894714355469 34119
408 282.76185245726225 280.00018964772613 72.117759704589844 11.272343635559082 34203
409 282.752182424274 280.00018975411217 72.117813110351562 11.251667022705078 34286
410 282.74254966557805 280.00018986008837 72.127449035644531 11.280468940734863 34370
411 282.73295401701841 280.00018996565592 72.123489379882812 11.261613845825195 34453
412 282.72339531541689 280.00019007081744 72.152183532714844 11.26781177520752 34537
413 282.7138733985646 280.00019017557401 72.136253356933594 11.318073272705078 34621
414 282.70438810521335 280.00019027992772 72.148231506347656 11.223593711853027 34704
415 282.69493927506738 280.00019038388029 72.121353149414062 11.237812042236328 34788
416 282.68552674877429 280.0001904874336 72.120414733886719 11.189167022705078 34871
417 282.67615036791761 280.00019059058894 72.129478454589844 11.34317684173584 34955
418 282.66680997500782 280.00019069334832 72.100105285644531 11.32713508605957 35038
419 282.65750541347495 280.00019079571382 72.128334045410156 11.325103759765625 35122
420 282.64823652765983 280.00019089768671 72.121772766113281 11.312603950500488 35206
421 282.6390031628066 280.00019099926868 72.097137451171875 11.223125457763672 35289
422 282.62980516505502 280.00019110046168 72.108177185058594 11.294166564941406 35373
423 282.62064238143239 280.00019120126723 72.113853454589844 11.31541633605957 35456
424 282.61151465984602 280.00019130168698 72.138381958007812 11.340519905090332 35540
425 282.6024218490756 280.00019140172282 72.096038818359375 11.306355476379395 35624
426 282.59336379876606 280.00019150137621 72.107185363769531 11.341771125793457 35707
427 282.58434035941957 280.00019160064858 72.114585876464844 11.154895782470703 35791
428 282.57535138238887 280.00019169954214 72.116195678710938 11.16796875 35874
429 282.56639671986972 280.00019179805793 72.132240295410156 11.171613693237305 35958
430 282.55747622489383 280.00019189619798 72.128280639648438 11.161354064941406 36041
431 282.54858975132174 280.00019199396354 72.118125915527344 11.146875381469727 36125
432 282.53973715383603 280.00019209135678 72.123489379882812 11.163541793823242 36208
433 282.53091828793401 280.00019218837849 72.138282775878906 11.158698081970215 36292
434 282.52213300992156 280.00019228503078 72.122604370117188 11.177915573120117 36375
435 282.5133811769058 280.00019238131529 72.158180236816406 11.322083473205566 36459
436 282.5046626467888 280.00019247723344 72.127449035644531 11.320052146911621 36542
437 282.49597727826074 280.0001925727866 72.120048522949219 11.331509590148926 36626
438 282.48732493079359 280.00019266797648 72.125259399414062 11.306875228881836 36710
439 282.47870546463469 280.00019276280472 72.116928100585938 11.171510696411133 36793
440 282.47011874079976 280.00019285727262 72.123748779296875 11.340520858764648 36877
441 282.46156462106791 280.00019295138185 72.1402587890625 11.303646087646484 36960
442 282.45304296797394 280.00019304513393 72.117294311523438 11.255520820617676 37044
443 282.44455364480365 280.00019313853039 72.125465393066406 11.157292366027832 37127
444 282.43609651558614 280.0001932315725 72.134895324707031 11.341875076293945 37211
445 282.42767144508923 280.00019332426217 72.144012451171875 11.27244758605957 37295
446 282.41927829881263 280.00019341660044 72.124687194824219 11.238959312438965 37378
447 282.41091694298268 280.00019350858895 72.125518798828125 11.186511039733887 37462
448 282.40258724454577 280.00019360022918 72.126144409179688 11.28947925567627 37545
449 282.39428907116331 280.00019369152267 72.126197814941406 11.329322814941406 37629
450 282.38602229120568 280.00019378247066 72.108543395996094 11.238959312438965 37713
451 282.37778677374661 280.00019387307481 72.09515380859375 11.23713493347168 37796
452 282.36958238855777 280.00019396333653 72.1019287109375 11.267083168029785 37880
453 282.36140900610303 280.00019405325696 72.117240905761719 11.248020172119141 37963
454 282.35326649753318 280.00019414283793 72.116722106933594 11.252708435058594 38047
455 282.34515473468065 280.0001942320805 72.120986938476562 11.23479175567627 38130
456 282.33707359005399 280.00019432098617 72.117027282714844 11.200833320617676 38214
457 282.32902293683242 280.0001944095564 72.132553100585938 11.306458473205566 38297
458 282.32100264886128 280.00019449779262 72.115882873535156 11.221613883972168 38381
459 282.313012600646 280.00019458569648 72.126144409179688 11.258489608764648 38465
460 282.30505266734787 280.0001946732686 72.115104675292969 11.231769561767578 38548
461 282.29712272477826 280.00019476051057 72.105888366699219 11.196614265441895 38632
462 282.28922264939416 280.00019484742455 72.11505126953125 11.33828067779541 38715
463 282.28135231829287 280.00019493401101 72.120628356933594 11.293021202087402 38799
464 282.27351160920739 280.00019502027146 72.124580383300781 11.303750038146973 38882
465 282.26570040050143 280.00019510620768 72.118751525878906 11.22364616394043 38966
466 282.25791857116474 280.00019519182052 72.124481201171875 11.298176765441895 39049
467 282.25016600080818 280.00019527711123 72.119430541992188 11.256301879882812 39133
468 282.24244256965926 280.00019536208168 72.104690551757812 11.191145896911621 39216
469 282.23474815855747 280.00019544673279 72.128334045410156 11.292864799499512 39300
470 282.22708264894959 280.00019553106591 72.133277893066406 11.328697204589844 39384
471 282.21944592288543 280.00019561508248 72.135726928710938 11.191144943237305 39467
472 282.21183786301287 280.00019569878344 72.141403198242188 11.205469131469727 39551
473 282.20425835257379 280.00019578217024 72.121040344238281 11.19395923614502 39634
474 282.19670727539977 280.00019586524456 72.122711181640625 11.199063301086426 39718
475 282.18918451590741 280.00019594800705 72.131195068359375 11.215781211853027 39801
476 282.18168995909423 280.00019603045968 72.121513366699219 11.297082901000977 39885
477 282.17422349053436 280.00019611260274 72.142913818359375 11.309582710266113 39968
478 282.16678499637436 280.00019619443844 72.1527099609375 11.320468902587891 40052
479 282.15937436332922 280.00019627596748 72.147132873535156 11.314166069030762 40136
480 282.1519914786777 280.00019635719133 72.145782470703125 11.319010734558105 40219
481 282.14463623025893 280.00019643811083 72.135627746582031 11.30427074432373 40303
482 282.137308506468 280.00019651872771 72.140937805175781 11.280312538146973 40387
483 282.13000819625205 280.00019659904302 72.112503051757812 11.300259590148926 40470
484 282.12273518910615 280.00019667905798 72.136299133300781 11.367812156677246 40554
485 282.11548937506967 280.00019675877377 72.157188415527344 11.335207939147949 40638
486 282.10827064472215 280.00019683819175 72.129737854003906 11.320625305175781 40722
487 282.10107888917992 280.00019691731268 72.143173217773438 11.319635391235352 40805
488 282.09391400009133 280.00019699613813 72.115524291992188 11.301509857177734 40889
489 282.08677586963444 280.00019707466913 72.11151123046875 11.340155601501465 40972
490 282.07966439051165 280.00019715290688 72.101768493652344 11.317760467529297 41056
491 282.07257945594756 280.00019723085285 72.106666564941406 11.306302070617676 41140
492 282.06552095968431 280.00019730850778 72.120315551757812 11.302761077880859 41223
493 282.05848879597841 280.00019738587315 72.116508483886719 11.309791564941406 41307
494 282.05148285959683 280.00019746294981 72.117866516113281 11.319999694824219 41390
495 282.04450304581394 280.00019753973913 72.127548217773438 11.310521125793457 41474
496 282.03754925040778 280.00019761624225 72.135414123535156 11.345364570617676 41558
497 282.03062136965639 280.00019769246023 72.185211181640625 11.253071784973145 41641
498 282.02371930033468 280.00019776839446 72.14630126953125 11.266353607177734 41725
499 282.0168429397109 280.00019784404554 72.158645629882812 11.285885810852051 41809
500 282.0099921855433 280.00019791941486 72.138023376464844 11.326301574707031 41892
501 282.00316693607692 280.00019799450382 72.149429321289062 11.334062576293945 41976
502 281.99636709003994 280.00019806931311 72.152969360351562 11.305832862854004 42060
503 281.98959254664101 280.00019814384422 72.144844055175781 11.309844017028809 42143
504 281.98284320556508 280.00019821809792 72.133438110351562 11.237759590148926 42227
505 281.97611896697146 280.00019829207571 72.133750915527344 11.203697204589844 42311
506 281.96941973148961 280.00019836577815 72.1292724609375 11.207135200500488 42394
507 281.96274540021636 280.00019843920654 72.113174438476562 11.294896125793457 42478
508 281.95609587471296 280.0001985123622 72.110366821289062 11.326197624206543 42561
509 281.94947105700174 280.00019858524604 72.122398376464844 11.307031631469727 42645
510 281.94287084956335 280.00019865785902 72.097396850585938 11.348697662353516 42729
511 281.9362951553332 280.00019873020233 72.114166259765625 11.200052261352539 42812
512 281.92974387769925 280.00019880227717 72.122810363769531 11.267760276794434 42896
513 281.92321692049865 280.00019887408422 72.125831604003906 11.323386192321777 42979
514 281.91671418801423 280.0001989456249 72.123382568359375 11.282552719116211 43063
515 281.91023558497301 280.0001990169003 72.138023376464844 11.222707748413086 43146
516 281.90378101654176 280.00019908791086 72.119270324707031 11.206146240234375 43230
517 281.89735038832526 280.0001991586584 72.132499694824219 11.30369758605957 43313
518 281.89094360636307 280.00019922914328 72.139373779296875 11.308906555175781 43397
519 281.88456057712665 280.00019929936713 72.130157470703125 11.316198348999023 43481
520 281.87820120751684 280.00019936933035 72.096717834472656 11.32479190826416 43564
521 281.87186540486078 280.00019943903476 72.103958129882812 11.306718826293945 43648
522 281.86555307690958 280.00019950848059 72.094635009765625 11.305521011352539 43731
523 281.85926413183529 280.00019957766932 72.074325561523438 11.268228530883789 43815
524 281.85299847822853 280.00019964660174 72.099273681640625 11.329687118530273 43899
525 281.84675602509571 280.00019971527877 72.084220886230469 11.188385009765625 43982
526 281.84053668185629 280.00019978370165 72.106094360351562 11.190625190734863 44066
527 281.83434035834051 280.00019985187117 72.116096496582031 11.174531936645508 44149
528 281.82816696478625 280.00019991978877 72.095413208007812 11.234687805175781 44233
529 281.82201641183724 280.00019998745495 72.106826782226562 11.205624580383301 44316
530 281.81588861054013 280.00020005487056 72.079322814941406 11.25723934173584 44400
531 281.80978347234162 280.00020012203709 72.106407165527344 11.363073348999023 44483
532 281.8037009090869 280.00020018895538 72.130783081054688 11.329218864440918 44567
533 281.79764083301637 280.00020025562611 72.104789733886719 11.27854061126709 44650
534 281.79160315676364 280.00020032205032 72.102294921875 11.340104103088379 44734
535 281.78558779335287 280.00020038822902 72.107032775878906 11.162500381469727 44818
536 281.77959465619671 280.00020045416335 72.123802185058594 11.369426727294922 44901
537 281.77362365909374 280.00020051985405 72.111038208007812 11.323594093322754 44985
538 281.76767471622577 280.00020058530214 72.11968994140625 11.330364227294922 45068
539 281.76174774215639 280.00020065050859 72.116043090820312 11.310155868530273 45152
540 281.75584265182778 280.00020071547414 72.09515380859375 11.315468788146973 45236
541 281.7499593605591 280.00020078019998 72.104377746582031 11.305624961853027 45319
542 281.74409778404362 280.00020084468679 72.134063720703125 11.324113845825195 45403
543 281.73825783834712 280.00020090893582 72.124168395996094 11.335677146911621 45487
544 281.73243943990497 280.00020097294754 72.132240295410156 11.337343215942383 45570
545 281.72664250552077 280.00020103672335 72.114631652832031 11.307760238647461 45654
546 281.72086695236328 280.00020110026389 72.112709045410156 11.343125343322754 45737
547 281.71511269796497 280.00020116356984 72.114273071289062 11.15958309173584 45821
548 281.70937966021933 280.00020122664262 72.11328125 11.329010009765625 45905
549 281.70366775737932 280.00020128948307 72.135833740234375 11.311198234558105 45988
550 281.69797690805461 280.00020135209166 72.127761840820312 11.335624694824219 46072
551 281.69230703121008 280.00020141446959 72.125259399414062 11.284584045410156 46155
552 281.68665804616347 280.00020147661769 72.1331787109375 11.363436698913574 46239
553 281.68102987258322 280.00020153853666 72.132965087890625 11.301875114440918 46323
554 281.67542243048666 280.00020160022774 72.090469360351562 11.324167251586914 46406
555 281.66983564023792 280.00020166169145 72.108383178710938 11.323281288146973 46490
556 281.66426942254606 280.00020172292892 72.094581604003906 11.314009666442871 46574
557 281.65872369846244 280.00020178394101 72.09869384765625 11.215000152587891 46657
558 281.65319838938001 280.00020184472834 72.099998474121094 11.193905830383301 46741
559 281.64769341702993 280.0002019052921 72.101669311523438 11.294896125793457 46824
560 281.64220870348083 280.0002019656327 72.11187744140625 11.351667404174805 46908
561 281.636744171136 280.00020202575161 72.125465393066406 11.332032203674316 46991
562 281.6312997427321 280.00020208564922 72.131874084472656 11.303438186645508 47075
563 281.62587534133695 280.0002021453264 72.104896545410156 11.32109260559082 47159
564 281.62047089034792 280.00020220478433 72.130157470703125 11.189374923706055 47242
565 281.61508631348971 280.0002022640233 72.121040344238281 11.185885429382324 47326
566 281.60972153481282 280.00020232304456 72.131454467773438 11.197604179382324 47409
567 281.60437647869173 280.00020238184902 72.133903503417969 11.309427261352539 47493
568 281.59905106982285 280.00020244043708 72.131668090820312 11.264374732971191 47576
569 281.59374523322299 280.00020249880993 72.120414733886719 11.170729637145996 47660
570 281.58845889422741 280.00020255696836 72.120315551757812 11.327500343322754 47743
571 281.58319197848806 280.00020261491318 72.130989074707031 11.300677299499512 47827
572 281.577944411972 280.00020267264489 72.110992431640625 11.180155754089355 47911
573 281.5727161209594 280.00020273016474 72.133232116699219 11.159999847412109 47994
574 281.56750703204239 280.00020278747292 72.111610412597656 11.321719169616699 48078
575 281.56231707212237 280.00020284457099 72.147346496582031 11.284062385559082 48161
576 281.5571461684093 280.00020290145937 72.120941162109375 11.343489646911621 48245
577 281.55199424841942 280.00020295813903 72.129371643066406 11.315780639648438 48329
578 281.54686123997385 280.00020301461024 72.096405029296875 11.26447868347168 48412
579 281.54174707119682 280.00020307087459 72.099685668945312 11.303384780883789 48496
580 281.53665167051423 280.00020312693215 72.102081298828125 11.38453197479248 48579
581 281.5315749666517 280.00020318278422 72.135414123535156 11.326511383056641 48663
582 281.52651688863313 280.00020323843137 72.123855590820312 11.315625190734863 48747
583 281.52147736577928 280.00020329387439 72.133804321289062 11.314062118530273 48830
584 281.51645632770578 280.00020334911386 72.142967224121094 11.352343559265137 48914
585 281.51145370432209 280.0002034041508 72.145210266113281 11.315885543823242 48998
586 281.50646942582932 280.00020345898616 72.151351928710938 11.24901008605957 49081
587 281.50150342271911 280.00020351362014 72.123435974121094 11.22093677520752 49165
588 281.49655562577203 280.00020356805413 72.143699645996094 11.244426727294922 49248
589 281.49162596605595 280.0002036222885 72.132186889648438 11.290624618530273 49332
590 281.48671437492465 280.00020367632396 72.094322204589844 11.233854293823242 49416
591 281.48182078401607 280.00020373016145 72.111358642578125 11.21989631652832 49499
592 281.47694512525129 280.00020378380174 72.124221801757812 11.376510620117188 49583
593 281.47208733083227 280.00020383724524 72.160469055175781 11.348020553588867 49667
594 281.46724733324157 280.00020389049308 72.136566162109375 11.356771469116211 49750
595 281.46242506523964 280.00020394354596 72.156303405761719 11.335728645324707 49834
596 281.45762045986402 280.00020399640431 72.132705688476562 11.362551689147949 49918
597 281.45283345042799 280.00020404906911 72.159164428710938 11.336874961853027 50001
598 281.44806397051894 280.0002041015415 72.142135620117188 11.348541259765625 50085
599 281.44331195399684 280.00020415382113 72.159324645996094 11.198958396911621 50169
600 281.438577334993 280.00020420590988 72.114997863769531 11.315312385559082 50252
601 281.43386004790887 280.00020425780764 72.130882263183594 11.33260440826416 50336
602 281.42916002741441 280.00020430951542 72.105262756347656 11.23322868347168 50419
603 281.4244772084466 280.00020436103438 72.105415344238281 11.340885162353516 50503
604 281.41981152620832 280.00020441236433 72.11895751953125 11.328749656677246 50587
605 281.41516291616693 280.00020446350663 72.131980895996094 11.320833206176758 50670
606 281.41053131405306 280.00020451446181 72.099739074707031 11.340312004089355 50754
607 281.40591665585913 280.00020456523055 72.122810363769531 11.313281059265137 50838
608 281.40131887783764 280.00020461581369 72.1441650390625 11.356719017028809 50921
609 281.39673791650085 280.00020466621163 72.149948120117188 11.314635276794434 51005
610 281.39217370861849 280.00020471642534 72.112709045410156 11.305781364440918 51089
611 281.38762619121718 280.00020476645551 72.120986938476562 11.275103569030762 51172
612 281.38309530157835 280.00020481630281 72.109893798828125 11.280521392822266 51256
613 281.37858097723813 280.00020486596759 72.1168212890625 11.170520782470703 51339
614 281.37408315598486 280.00020491545092 72.125885009765625 11.177761077880859 51423
615 281.36960177585871 280.00020496475355 72.129531860351562 11.340415954589844 51506
616 281.36513677514989 280.00020501387564 72.121040344238281 11.322863578796387 51590
617 281.36068809239771 280.00020506281851 72.121566772460938 11.316302299499512 51674
618 281.35625566638964 280.00020511158243 72.111610412597656 11.314478874206543 51757
619 281.35183943615903 280.00020516016815 72.107551574707031 11.219843864440918 51841
620 281.34743934098515 280.00020520857623 72.117027282714844 11.215936660766602 51924
621 281.34305532039122 280.00020525680787 72.132919311523438 11.318490028381348 52008
622 281.3386873141435 280.00020530486296 72.120262145996094 11.308750152587891 52091
623 281.33433526225002 280.00020535274246 72.157501220703125 11.287031173706055 52175
624 281.32999910495948 280.00020540044738 72.137344360351562 11.282343864440918 52259
625 281.32567878275984 280.00020544797792 72.135154724121094 11.177448272705078 52342
626 281.32137423637755 280.00020549533497 72.138595581054688 11.152655601501465 52426
627 281.31708540677613 280.00020554251932 72.116981506347656 11.160312652587891 52509
628 281.31281223515492 280.00020558953105 72.141983032226562 11.324584007263184 52593
629 281.30855466294844 280.00020563637128 72.125259399414062 11.311770439147949 52676
630 281.30431263182476 280.00020568304035 72.085777282714844 11.298854827880859 52760
631 281.30008608368439 280.00020572953929 72.098121643066406 11.310625076293945 52844
632 281.2958749606596 280.00020577586844 72.089530944824219 11.240885734558105 52927
633 281.29167920511276 280.00020582202882 72.095832824707031 11.210624694824219 53011
634 281.28749875963581 280.00020586802043 72.088699340820312 11.21599006652832 53094
635 281.28333356704877 280.00020591384435 72.094062805175781 11.225051879882812 53178
636 281.27918357039857 280.00020595950127 72.1051025390625 11.206665992736816 53261
637 281.27504871295861 280.00020600499113 72.081558227539062 11.278541564941406 53345
638 281.27092893822686 280.00020605031546 72.078330993652344 11.319063186645508 53428
639 281.26682418992516 280.00020609547443 72.082138061523438 11.275729179382324 53512
640 281.26273441199862 280.00020614046849 72.081565856933594 11.276094436645508 53595
641 281.25865954861393 280.00020618529885 72.098388671875 11.335677146911621 53679
642 281.25459954415817 280.00020622996561 72.094947814941406 11.155261039733887 53762
643 281.25055434323872 280.00020627446929 72.094688415527344 11.313697814941406 53846
644 281.24652389068149 280.00020631881085 72.064376831054688 11.196666717529297 53929
645 281.2425081315298 280.00020636299075 72.084007263183594 11.202500343322754 54013
646 281.23850701104385 280.00020640700933 72.114532470703125 11.323073387145996 54096
647 281.23452047469965 280.00020645086784 72.096092224121094 11.316615104675293 54180
648 281.23054846818741 280.00020649456667 72.082290649414062 11.224010467529297 54263
649 281.22659093741157 280.00020653810572 72.07171630859375 11.142187118530273 54347
650 281.22264782848868 280.00020658148634 72.058074951171875 11.283332824707031 54430
651 281.21871908774739 280.00020662470888 72.082656860351562 11.26072883605957 54514
652 281.21480466172687 280.00020666777385 72.068336486816406 11.290156364440918 54597
653 281.21090449717633 280.00020671068228 72.063385009765625 11.283853530883789 54681
654 281.20701854105323 280.00020675343421 72.072242736816406 11.23828125 54764
655 281.20314674052349 280.00020679603017 72.0738525390625 11.192657470703125 54848
656 281.19928904295932 280.00020683847117 72.057548522949219 11.313124656677246 54931
657 281.19544539593932 280.00020688075767 72.057235717773438 11.289218902587891 55015
658 281.19161574724683 280.00020692288996 72.061408996582031 11.192761421203613 55098
659 281.18780004486933 280.00020696486882 72.04156494140625 11.300260543823242 55182
660 281.18399823699758 280.00020700669489 72.058280944824219 11.186302185058594 55265
661 281.18021027202428 280.00020704836885 72.07421875 11.234582901000977 55349
662 281.17643609854372 280.00020708989086 72.058853149414062 11.338333129882812 55432
663 281.17267566535025 280.00020713126162 72.082550048828125 11.323958396911621 55516
664 281.16892892143807 280.00020717248208 72.069847106933594 11.323958396911621 55600
665 281.16519581599988 280.00020721355213 72.076980590820312 11.303750038146973 55683
666 281.16147629842595 280.00020725447285 72.081352233886719 11.210416793823242 55767
667 281.15777031830322 280.00020729524471 72.095466613769531 11.317760467529297 55850
668 281.15407782541507 280.0002073358682 72.086402893066406 11.336874961853027 55934
669 281.15039876973958 280.00020737634406 72.091667175292969 11.301614761352539 56017
670 281.14673310144906 280.0002074166722 72.101875305175781 11.276562690734863 56101
671 281.14308077090914 280.0002074568539 72.077865600585938 11.302448272705078 56185
672 281.13944172867787 280.00020749688912 72.094894409179688 11.327968597412109 56268
673 281.13581592550514 280.00020753677904 72.094528198242188 11.184531211853027 56352
674 281.13220331233123 280.00020757652356 72.09625244140625 11.310417175292969 56435
675 281.12860384028676 280.00020761612348 72.100570678710938 11.243124961853027 56519
676 281.12501746069097 280.00020765557969 72.098747253417969 11.18807315826416 56602
677 281.12144412505171 280.0002076948922 72.086929321289062 11.144165992736816 56686
678 281.11788378506401 280.00020773406186 72.074111938476562 11.164843559265137 56769
679 281.11433639260957 280.00020777308862 72.090988159179688 11.157343864440918 56853
680 281.11080189975576 280.00020781197401 72.069061279296875 11.185208320617676 56936
681 281.10728025875511 280.00020785071774 72.084220886230469 11.170989036560059 57020
682 281.10377142204408 280.00020788932062 72.093490600585938 11.25838565826416 57103
683 281.10027534224258 280.00020792778326 72.076194763183594 11.291562080383301 57187
684 281.09679197215297 280.00020796610613 72.094375610351562 11.335781097412109 57270
685 281.09332126475942 280.00020800428945 72.099685668945312 11.317239761352539 57354
686 281.089863173227 280.00020804233395 72.0863037109375 11.301980018615723 57437
687 281.08641765090084 280.00020808024021 72.102394104003906 11.347344398498535 57521
688 281.08298465130571 280.00020811800914 72.133491516113281 11.335000038146973 57605
689 281.07956412814474 280.00020815564039 72.107551574707031 11.300885200500488 57689
690 281.07615603529899 280.00020819313494 72.114013671875 11.210261344909668 57772
691 281.07276032682643 280.0002082304934 72.112655639648438 11.218541145324707 57856
692 281.06937695696161 280.00020826771583 72.130363464355469 11.228593826293945 57939
693 281.06600588011435 280.00020830480327 72.10687255859375 11.210053443908691 58023
694 281.0626470508692 280.00020834175592 72.093696594238281 11.339166641235352 58106
695 281.05930042398512 280.0002083785742 72.088798522949219 11.303593635559082 58190
696 281.05596595439386 280.00020841525884 72.077964782714844 11.181926727294922 58273
697 281.05264359720019 280.00020845181024 72.078178405761719 11.167186737060547 58357
698 281.04933330768017 280.00020848822874 72.102134704589844 11.347812652587891 58440
699 281.0460350412813 280.00020852451502 72.122657775878906 11.340312957763672 58524
700 281.04274875362114 280.00020856066953 72.113334655761719 11.304427146911621 58608
701 281.03947440048717 280.00020859669286 72.075309753417969 11.311667442321777 58691
702 281.03621193783545 280.00020863258504 72.092445373535156 11.33729076385498 58775
703 281.03296132179037 280.00020866834717 72.095626831054688 11.175415992736816 58858
704 281.02972250864366 280.00020870397935 72.082550048828125 11.196561813354492 58942
705 281.02649545485394 280.00020873948222 72.082763671875 11.171718597412109 59025
706 281.0232801170456 280.00020877485628 72.09375 11.263957977294922 59109
707 281.02007645200877 280.00020881010181 72.105155944824219 11.279895782470703 59192
708 281.01688441669768 280.00020884521939 72.110519409179688 11.185104370117188 59276
709 281.01370396823103 280.00020888020947 72.119583129882812 11.241406440734863 59359
710 281.01053506389042 280.00020891507256 72.110000610351562 11.175363540649414 59443
711 281.00737766112002 280.00020894980923 72.131248474121094 11.318644523620605 59526
712 281.00423171752601 280.0002089844196 72.117393493652344 11.196406364440918 59610
713 281.00109719087573 280.00020901890463 72.104164123535156 11.171406745910645 59693
714 280.99797403909696 280.00020905326437 72.105003356933594 11.307084083557129 59777
715 280.99486222027753 280.00020908749957 72.080833435058594 11.305051803588867 59861
716 280.991761692664 280.00020912161028 72.086456298828125 11.32536506652832 59944
717 280.98867241466189 280.00020915559736 72.110939025878906 11.326197624206543 60028
718 280.98559434483434 280.00020918946126 72.083488464355469 11.340677261352539 60111
719 280.98252744190182 280.00020922320226 72.097137451171875 11.322863578796387 60195
720 280.97947166474114 280.0002092568206 72.104690551757812 11.334426879882812 60279
721 280.97642697238535 280.00020929031723 72.108856201171875 11.257187843322754 60362
722 280.97339332402214 280.00020932369222 72.085517883300781 11.342864990234375 60446
723 280.9703706789943 280.00020935694624 72.110832214355469 11.335624694824219 60529
724 280.96735899679845 280.00020939007982 72.084060668945312 11.309270858764648 60613
725 280.96435823708447 280.000209423093 72.0894775390625 11.256510734558105 60697
726 280.9613683596549 280.00020945598664 72.086456298828125 11.305155754089355 60780
727 280.95838932446429 280.00020948876079 72.101821899414062 11.346875190734863 60864
728 280.95542109161875 280.00020952141625 72.094009399414062 11.184323310852051 60947
729 280.95246362137505 280.00020955395314 72.092971801757812 11.179947853088379 61031
730 280.94951687414022 280.00020958637219 72.090362548828125 11.209739685058594 61114
731 280.94658081047078 280.00020961867375 72.091041564941406 11.170000076293945 61198
732 280.9436553910723 280.0002096508581 72.087081909179688 11.188750267028809 61281
733 280.94074057679836 280.00020968292591 72.071617126464844 11.33302116394043 61365
734 280.93783632865075 280.00020971487726 72.080726623535156 11.329218864440918 61448
735 280.93494260777788 280.00020974671287 72.091773986816406 11.213488578796387 61532
736 280.93205937547521 280.00020977843315 72.093437194824219 11.308384895324707 61615
737 280.92918659318337 280.00020981003854 72.102653503417969 11.259583473205566 61699
738 280.92632422248909 280.00020984152911 72.0933837890625 11.28458309173584 61782
739 280.92347222512342 280.00020987290588 72.076301574707031 11.333229064941406 61866
740 280.92063056296149 280.00020990416868 72.079216003417969 11.309791564941406 61950
741 280.91779919802212 280.00020993531837 72.070777893066406 11.30020809173584 62033
742 280.91497809246698 280.00020996635504 72.068489074707031 11.330885887145996 62117
743 280.91216720860041 280.00020999727946 72.068283081054688 11.305571556091309 62200
744 280.90936650886806 280.00021002809166 72.061454772949219 11.329530715942383 62284
745 280.90657595585714 280.00021005879222 72.065673828125 11.298645973205566 62367
746 280.90379551229552 280.00021008938171 72.0511474609375 11.146198272705078 62451
747 280.90102514105109 280.00021011986047 72.019325256347656 11.261249542236328 62534
748 280.89826480513108 280.00021015022855 72.020050048828125 11.226561546325684 62618
749 280.89551446768189 280.00021018048687 72.035835266113281 11.235417366027832 62701
750 280.89277409198837 280.00021021063532 72.02947998046875 11.260364532470703 62785
751 280.89004364147303 280.00021024067462 72.066093444824219 11.306303024291992 62868
752 280.88732307969559 280.00021027060524 72.060256958007812 11.291301727294922 62952
753 280.88461237035273 280.0002103004274 72.073799133300781 11.145780563354492 63035
754 280.88191147727707 280.00021033014184 72.056198120117188 11.332813262939453 63119
755 280.87922036443717 280.00021035974845 72.075103759765625 11.31796932220459 63202
756 280.87653899593624 280.00021038924785 72.055732727050781 11.253802299499512 63286
757 280.87386733601238 280.00021041864051 72.067291259765625 11.304842948913574 63369
758 280.87120534903755 280.00021044792663 72.057861328125 11.180417060852051 63453
759 280.86855299951708 280.0002104771068 72.072654724121094 11.190834045410156 63536
760 280.86591025208935 280.00021050618136 72.064430236816406 11.244687080383301 63619
761 280.86327707152532 280.00021053515064 72.041038513183594 11.170832633972168 63703
762 280.86065342272741 280.00021056401494 72.065986633300781 11.33145809173584 63786
763 280.85803927072942 280.00021059277498 72.062294006347656 11.262864112854004 63870
764 280.85543458069645 280.00021062143077 72.064842224121094 11.32656192779541 63954
765 280.85283931792344 280.00021064998288 72.090316772460938 11.31307315826416 64037
766 280.85025344783503 280.00021067843181 72.088851928710938 11.261197090148926 64121
767 280.84767693598553 280.00021070677752 72.096511840820312 11.253072738647461 64204
768 280.84510974805778 280.00021073502063 72.074691772460938 11.342395782470703 64288
769 280.84255184986262 280.00021076316176 72.068435668945312 11.304636001586914 64371
770 280.84000320733895 280.00021079120103 72.065048217773438 11.307395935058594 64455
771 280.83746378655286 280.00021081913889 72.089683532714844 11.369999885559082 64539
772 280.83493355369689 280.00021084697545 72.1019287109375 11.342656135559082 64622
773 280.83241247509005 280.00021087471151 72.089065551757812 11.327292442321777 64706
774 280.82990051717684 280.00021090234731 72.073753356933594 11.287239074707031 64790
775 280.82739764652723 280.00021092988288 72.074165344238281 11.31989574432373 64873
776 280.82490382983565 280.00021095731893 72.075416564941406 11.318802833557129 64957
777 280.82241903392082 280.00021098465561 72.071876525878906 11.327917098999023 65040
778 280.81994322572541 280.0002110118935 72.056976318359375 11.34375 65124
779 280.81747637231496 280.0002110390331 72.076614379882812 11.320417404174805 65207
780 280.81501844087802 280.0002110660742 72.078804016113281 11.333698272705078 65291
781 280.81256939872543 280.00021109301781 72.069007873535156 11.310000419616699 65375
782 280.81012921328966 280.00021111986382 72.073280334472656 11.243332862854004 65458
783 280.80769785212448 280.00021114661263 72.090103149414062 11.260469436645508 65542
784 280.80527528290474 280.00021117326486 72.125 11.205937385559082 65625
785 280.80286147342542 280.00021119982074 72.069221496582031 11.227916717529297 65709
786 280.80045639160159 280.00021122628067 72.091766357421875 11.19880199432373 65792
787 280.79806000546733 280.00021125264476 72.060523986816406 11.203021049499512 65876
788 280.79567228317632 280.00021127891347 72.087135314941406 11.333541870117188 65959
789 280.79329319300007 280.00021130508759 72.055732727050781 11.295415878295898 66043
790 280.79092270332859 280.00021133116655 72.035987854003906 11.302552223205566 66127
791 280.78856078266904 280.00021135715167 72.037971496582031 11.340885162353516 66210
792 280.78620739964606 280.00021138304277 72.067184448242188 11.252603530883789 66294
793 280.78386252300072 280.00021140884013 72.045310974121094 11.165988922119141 66377
794 280.78152612159022 280.00021143454433 72.059532165527344 11.34333324432373 66461
795 280.77919816438759 280.00021146015564 72.070365905761719 11.297239303588867 66544
796 280.7768786204814 280.00021148567447 72.055938720703125 11.186511039733887 66627
797 280.77456745907438 280.00021151110099 72.081092834472656 11.181094169616699 66711
798 280.77226464948416 280.0002115364357 72.077919006347656 11.325312614440918 66794
799 280.76997016114245 280.0002115616789 72.087760925292969 11.328177452087402 66878
800 280.76768396359375 280.00021158683074 72.066200256347656 11.211301803588867 66962
801 280.76540602649646 280.00021161189181 72.083694458007812 11.189687728881836 67045
802 280.76313631962091 280.00021163686193 72.048332214355469 11.18848991394043 67128
803 280.76087481285003 280.00021166174241 72.063545227050781 11.328333854675293 67212
804 280.75862147617823 280.00021168653279 72.077705383300781 11.33692741394043 67296
805 280.75637627971133 280.00021171123348 72.044166564941406 11.305573463439941 67379
806 280.75413919366605 280.00021173584503 72.037551879882812 11.319009780883789 67463
807 280.75191018836961 280.00021176036802 72.046249389648438 11.261405944824219 67546
808 280.74968923425905 280.00021178480193 72.034736633300781 11.322551727294922 67630
809 280.74747630188119 280.00021180914803 72.031715393066406 11.202709197998047 67713
810 280.74527136189187 280.0002118334059 72.010780334472656 11.190937995910645 67797
811 280.74307438505571 280.00021185757612 72.009063720703125 11.229427337646484 67880
812 280.74088534224575 280.00021188165908 71.997917175292969 11.320937156677246 67963
813 280.73870420444297 280.00021190565531 72.027969360351562 11.315780639648438 68047
814 280.73653094273556 280.00021192956473 72.024063110351562 11.316198348999023 68131
815 280.73436552831907 280.0002119533878 72.009689331054688 11.271093368530273 68214
816 280.73220793249556 280.00021197712488 72.0230712890625 11.303488731384277 68298
817 280.73005812667338 280.00021200077629 72.028228759765625 11.175885200500488 68381
818 280.72791608236673 280.00021202434203 72.024269104003906 11.29515552520752 68464
819 280.72578177119516 280.00021204782303 72.008438110351562 11.306666374206543 68548
820 280.72365516488344 280.00021207121938 72.019996643066406 11.270625114440918 68631
821 280.72153623526088 280.00021209453098 72.019378662109375 11.281927108764648 68715
822 280.71942495426077 280.00021211775839 72.028076171875 11.324375152587891 68798
823 280.71732129392058 280.00021214090197 72.021560668945312 11.273542404174805 68882
824 280.71522522638105 280.0002121639622 72.023643493652344 11.350312232971191 68965
825 280.71313672388584 280.00021218693917 72.034530639648438 11.309219360351562 69049
826 280.7110557587813 280.00021220983308 72.032447814941406 11.236406326293945 69132
827 280.70898230351622 280.00021223264486 72.020362854003906 11.143385887145996 69216
828 280.70691633064098 280.0002122553737 72.017555236816406 11.318646430969238 69299
829 280.7048578128074 280.00021227802085 72.023597717285156 11.282188415527344 69383
830 280.70280672276863 280.00021230058599 72.018333435058594 11.298957824707031 69466
831 280.70076303337822 280.00021232306989 72.001930236816406 11.159999847412109 69550
832 280.69872671759003 280.00021234547273 72.004791259765625 11.255886077880859 69633
833 280.69669774845812 280.00021236779475 72.022605895996094 11.296875 69716
834 280.69467609913568 280.0002123900361 72.021148681640625 11.299843788146973 69800
835 280.69266174287532 280.00021241219747 72.0081787109375 11.304427146911621 69883
836 280.69065465302828 280.00021243427864 72.003852844238281 11.295573234558105 69967
837 280.6886548030443 280.00021245628028 72.014480590820312 11.199687957763672 70050
838 280.68666216647102 280.00021247820246 71.998489379882812 11.15900993347168 70134
839 280.68467671695373 280.00021250004585 71.994430541992188 11.250520706176758 70217
840 280.68269842823514 280.00021252181011 72.0078125 11.316615104675293 70301
841 280.68072727415478 280.0002125434961 72.020523071289062 11.299323081970215 70384
842 280.67876322864845 280.00021256510377 72.024215698242188 11.379687309265137 70468
843 280.6768062657485 280.00021258663338 72.0465087890625 11.24765682220459 70551
844 280.67485635958292 280.00021260808563 72.012603759765625 11.161927223205566 70635
845 280.67291348437499 280.00021262946035 72.024688720703125 11.150052070617676 70718
846 280.67097761444325 280.00021265075827 72.034896850585938 11.190417289733887 70801
847 280.66904872420088 280.00021267197917 72.0198974609375 11.170937538146973 70885
848 280.66712678815549 280.00021269312356 72.01953125 11.304791450500488 70968
849 280.66521178090835 280.00021271419178 72.014533996582031 11.180313110351562 71052
850 280.66330367715483 280.00021273518399 72.032913208007812 11.16447925567627 71135
851 280.66140245168322 280.00021275610061 72.017501831054688 11.134166717529297 71218
852 280.65950807937475 280.00021277694174 72.00494384765625 11.221717834472656 71302
853 280.65762053520348 280.00021279770777 72.024894714355469 11.265833854675293 71385
854 280.65573979423556 280.00021281839901 72.010887145996094 11.153801918029785 71469
855 280.65386583162871 280.00021283901566 72.016670227050781 11.287552833557129 71552
856 280.65199862263268 280.00021285955802 71.992607116699219 11.307499885559082 71636
857 280.65013814258788 280.00021288002625 71.994476318359375 11.308855056762695 71719
858 280.64828436692602 280.00021290042076 71.993698120117188 11.164114952087402 71802
859 280.64643727116913 280.00021292074183 71.995155334472656 11.208229064941406 71886
860 280.644596830929 280.00021294098963 71.984840393066406 11.256301879882812 71969
861 280.6427630219078 280.00021296116478 71.97442626953125 11.238958358764648 72052
862 280.64093581989681 280.00021298126671 71.974166870117188 11.268905639648438 72136
863 280.63911520077653 280.00021300129657 72.002601623535156 11.339530944824219 72219
864 280.63730114051612 280.00021302125435 72.010055541992188 11.318385124206543 72303
865 280.63549361517357 280.00021304113994 72.016929626464844 11.314791679382324 72387
866 280.63369260089451 280.0002130609542 71.998382568359375 11.323958396911621 72470
867 280.63189807391257 280.00021308069677 71.988700866699219 11.246250152587891 72553
868 280.63011001054889 280.00021310036834 71.994895935058594 11.348855018615723 72637
869 280.62832838721158 280.00021311996898 71.990730285644531 11.153124809265137 72721
870 280.62655318039577 280.00021313949929 72.010833740234375 11.17911434173584 72804
871 280.62478436668266 280.00021315895913 71.987136840820312 11.130155563354492 72887
872 280.62302192274012 280.00021317834893 71.991615295410156 11.164687156677246 72971
873 280.6212658253213 280.00021319766893 71.995468139648438 11.170312881469727 73054
874 280.61951605126524 280.00021321691918 71.986770629882812 11.305728912353516 73137
875 280.617772577496 280.00021323610036 71.960418701171875 11.304947853088379 73221
876 280.61603538102236 280.00021325521215 71.965362548828125 11.154791831970215 73304
877 280.61430443893784 280.00021327425537 71.983596801757812 11.159687042236328 73387
878 280.61257972842014 280.0002132932301 71.988388061523438 11.315155982971191 73471
879 280.61086122673072 280.00021331213645 71.98150634765625 11.257760047912598 73554
880 280.60914891121467 280.00021333097453 72.000419616699219 11.300051689147949 73638
881 280.60744275930062 280.00021334974508 72.032913208007812 11.176145553588867 73721
882 280.60574274849955 280.00021336844799 72.000732421875 11.242032051086426 73805
883 280.60404885640571 280.00021338708376 72.001983642578125 11.180728912353516 73888
884 280.60236106069533 280.00021340565212 72.009841918945312 11.314999580383301 73972
885 280.60067933912677 280.00021342415386 72.036407470703125 11.338957786560059 74056
886 280.59900366953997 280.00021344258886 72.02484130859375 11.365416526794434 74139
887 280.59733402985643 280.0002134609577 72.017967224121094 11.346562385559082 74223
888 280.59567039807882 280.00021347926025 71.994377136230469 11.356198310852051 74306
889 280.59401275229033 280.00021349749716 72.006820678710938 11.292447090148926 74390
890 280.59236107065482 280.00021351566829 72.026565551757812 11.309009552001953 74474
891 280.59071533141645 280.000213533774 72.016143798828125 11.239635467529297 74557
892 280.58907551289906 280.00021355181491 72.006767272949219 11.195052146911621 74640
893 280.58744159350601 280.00021356979062 72.024635314941406 11.168957710266113 74724
894 280.58581355172043 280.00021358770186 72.003753662109375 11.169792175292969 74807
895 280.58419136610394 280.00021360554825 72.005157470703125 11.320416450500488 74891
896 280.5825750152971 280.00021362333098 72.033905029296875 11.154271125793457 74974
897 280.58096447801876 280.00021364104941 72.013595581054688 11.13906192779541 75057
898 280.57935973306598 280.00021365870424 72.005836486816406 11.164271354675293 75141
899 280.57776075931366 280.00021367629546 72.006141662597656 11.164114952087402 75224
900 280.57616753571421 280.00021369382375 72.011146545410156 11.19025993347168 75307
901 280.57458004129711 280.00021371128884 71.988128662109375 11.308334350585938 75391
902 280.57299825516907 280.00021372869071 72.021720886230469 11.359010696411133 75475
903 280.57142215651328 280.00021374603057 72.02984619140625 11.326770782470703 75558
904 280.5698517245894 280.00021376330801 72.043960571289062 11.322239875793457 75642
905 280.56828693873308 280.00021378052293 72.029319763183594 11.307916641235352 75725
906 280.56672777835587 280.00021379767622 71.999481201171875 11.230155944824219 75809
907 280.56517422294485 280.00021381476779 72.025466918945312 11.219374656677246 75892
908 280.56362625206219 280.00021383179813 72.004425048828125 11.337291717529297 75976
909 280.56208384534517 280.00021384876737 72.016044616699219 11.310833930969238 76059
910 280.56054698250585 280.00021386567516 72.028388977050781 11.318281173706055 76143
911 280.5590156433305 280.00021388252225 72.020576477050781 11.311249732971191 76226
912 280.55748980767959 280.00021389930907 72.032295227050781 11.253125190734863 76310
913 280.55596945548734 280.00021391603531 72.03375244140625 11.25041675567627 76393
914 280.55445456676182 280.00021393270168 72.033905029296875 11.235363960266113 76477
915 280.552945121584 280.0002139493082 72.025001525878906 11.178853988647461 76560
916 280.55144110010821 280.00021396585464 72.016044616699219 11.18848991394043 76644
917 280.54994248256151 280.00021398234196 72.001251220703125 11.201927185058594 76727
918 280.54844924924322 280.00021399876994 72.005989074707031 11.209634780883789 76810
919 280.54696138052503 280.00021401513879 71.994949340820312 11.326874732971191 76894
920 280.54547885685071 280.0002140314491 71.989326477050781 11.19416618347168 76977
921 280.54400165873528 280.00021404770069 72.015159606933594 11.187084197998047 77061
922 280.54252976676571 280.00021406389391 72.009323120117188 11.203853607177734 77144
923 280.54106316159982 280.00021408002891 72.004585266113281 11.199583053588867 77228
924 280.53960182396611 280.00021409610611 72.009635925292969 11.184635162353516 77311
925 280.53814573466428 280.00021411212543 72.011978149414062 11.225521087646484 77394
926 280.53669487456369 280.00021412808735 72.015777587890625 11.313958168029785 77478
927 280.53524922460446 280.00021414399168 72.0120849609375 11.3125 77561
928 280.53380876579587 280.00021415983906 72.00604248046875 11.317865371704102 77645
929 280.53237347921748 280.00021417562948 72.027496337890625 11.310625076293945 77728
930 280.53094334601758 280.0002141913634 72.0152587890625 11.279271125793457 77812
931 280.5295183474139 280.00021420704076 72.017288208007812 11.326093673706055 77895
932 280.52809846469268 280.00021422266184 72.0386962890625 11.457708358764648 77979
933 280.52668367920887 280.00021423822659 72.033905029296875 11.320884704589844 78063
934 280.52527397238583 280.00021425373586 72.01702880859375 11.421197891235352 78147
935 280.5238693257146 280.00021426918909 72.030258178710938 11.321042060852051 78230
936 280.52246972075432 280.00021428458712 72.030937194824219 11.299374580383301 78314
937 280.52107513913154 280.00021429992978 72.037712097167969 11.333020210266113 78397
938 280.51968556254002 280.00021431521742 72.032600402832031 11.322135925292969 78481
939 280.5183009727408 280.00021433044992 72.058647155761719 11.318177223205566 78565
940 280.51692135156156 280.00021434562831 72.043594360351562 11.306198120117188 78648
941 280.51554668089631 280.00021436075184 72.048957824707031 11.273958206176758 78732
942 280.51417694270572 280.00021437582109 72.031875610351562 11.283020973205566 78815
943 280.51281211901619 280.00021439083633 72.056770324707031 11.247812271118164 78899
944 280.51145219192011 280.00021440579786 72.052345275878906 11.315572738647461 78982
945 280.51009714357548 280.00021442070567 72.044998168945312 11.195938110351562 79066
946 280.50874695620524 280.00021443555988 72.015571594238281 11.184635162353516 79149
947 280.50740161209785 280.00021445036083 72.003433227539062 11.310625076293945 79232
948 280.50606109360638 280.00021446510874 72.02734375 11.333176612854004 79316
949 280.50472538314852 280.00021447980373 72.043388366699219 11.311665534973145 79399
950 280.50339446320629 280.00021449444614 72.034637451171875 11.200103759765625 79483
951 280.5020683163259 280.00021450903586 72.020622253417969 11.304323196411133 79566
952 280.50074692511731 280.00021452357316 72.033699035644531 11.37442684173584 79650
953 280.49943027225413 280.00021453805869 72.06463623046875 11.31796932220459 79734
954 280.49811834047364 280.00021455249214 72.067604064941406 11.314531326293945 79817
955 280.4968111125757 280.00021456687358 72.050674438476562 11.332395553588867 79901
956 280.49550857142373 280.00021458120386 72.062553405761719 11.333229064941406 79984
957 280.49421069994366 280.00021459548225 72.061721801757812 11.330624580383301 80068
958 280.49291748112364 280.00021460970993 72.054222106933594 11.282292366027832 80151
959 280.49162889801448 280.00021462388639 72.048072814941406 11.351511001586914 80235
960 280.49034493372841 280.0002146380121 72.047340393066406 11.212448120117188 80319
961 280.48906557144011 280.00021465208732 72.085105895996094 11.327290534973145 80402
962 280.48779079438532 280.00021466611184 72.057548522949219 11.388957977294922 80486
963 280.4865205858614 280.00021468008623 72.062187194824219 11.273228645324707 80570
964 280.48525492922647 280.00021469401048 72.074012756347656 11.293489456176758 80653
965 280.48399380789982 280.00021470788499 72.064529418945312 11.250156402587891 80737
966 280.48273720536145 280.00021472170954 72.030311584472656 11.222499847412109 80820
967 280.48148510515136 280.00021473548463 72.056404113769531 11.201770782470703 80904
968 280.48023749087025 280.00021474921044 72.030517578125 11.25546932220459 80987
969 280.47899434617847 280.00021476288714 72.023384094238281 11.233437538146973 81071
970 280.47775565479611 280.00021477651467 72.041252136230469 11.26796817779541 81154
971 280.47652140050303 280.00021479009382 72.025520324707031 11.317551612854004 81238
972 280.47529156713824 280.00021480362375 72.020362854003906 11.323698043823242 81321
973 280.47406613859994 280.00021481710542 72.037757873535156 11.354063034057617 81405
974 280.47284509884503 280.00021483053871 72.048698425292969 11.336458206176758 81489
975 280.4716284318892 280.0002148439242 72.036613464355469 11.29979133605957 81572
976 280.47041612180652 280.00021485726171 72.026565551757812 11.292917251586914 81656
977 280.46920815272949 280.00021487055119 72.043647766113281 12.146353721618652 81740
978 280.46800450884831 280.00021488379332 72.080886840820312 11.275572776794434 81824
979 280.46680517441115 280.00021489698787 72.060417175292969 11.20859432220459 81908
980 280.46561013372383 280.00021491013518 72.070106506347656 11.330624580383301 81991
981 280.46441937114946 280.0002149232356 72.064582824707031 11.621250152587891 82075
982 280.46323287110818 280.0002149362889 72.061767578125 11.299114227294922 82159
983 280.46205061807734 280.0002149492957 72.024009704589844 11.313385963439941 82242
984 280.46087259659089 280.00021496225588 72.023910522460938 11.373125076293945 82326
985 280.45969879123925 280.00021497516974 72.036979675292969 11.312238693237305 82410
986 280.45852918666924 280.00021498803721 72.054428100585938 11.324531555175781 82493
987 280.4573637675839 280.0002150008587 72.031196594238281 11.31291675567627 82577
988 280.45620251874209 280.00021501363443 72.016143798828125 11.319218635559082 82660
989 280.45504542495809 280.00021502636423 72.028434753417969 11.249843597412109 82744
990 280.45389247110222 280.00021503904867 72.015365600585938 11.308229446411133 82827
991 280.45274364209968 280.00021505168763 72.011253356933594 11.306666374206543 82911
992 280.45159892293088 280.00021506428141 72.011039733886719 11.308124542236328 82994
993 280.4504582986313 280.00021507683016 72.004112243652344 11.213021278381348 83078
994 280.44932175429068 280.00021508933401 72.030418395996094 11.224582672119141 83161
995 280.44818927505372 280.00021510179312 72.0230712890625 11.261094093322754 83245
996 280.44706084611909 280.00021511420766 72.02203369140625 11.324009895324707 83328
997 280.4459364527396 280.00021512657793 72.012603759765625 11.30567741394043 83412
998 280.44481608022198 280.00021513890374 72.033180236816406 11.329375267028809 83495
999 280.44369971392666 280.0002151511855 72.023902893066406 11.331770896911621 83579
1000 280.44258733926756 280.00021516342343 71.992866516113281 11.310000419616699 83662
