iteration internal-T external-T loop-time(ms) calcT-time(ms) wall-time(ms)
0 300 280 36.526668548583984 5.6206769943237305 42
1 299.36000000000001 280.00000681273912 36.481613159179688 5.6185932159423828 84
2 298.81909660060057 280.00001257060438 36.463333129882812 5.5967187881469727 126
3 298.34889323033872 280.00001757587455 36.453125 5.5356769561767578 169
4 297.93137767412708 280.00002202028799 36.446769714355469 5.6020312309265137 211
5 297.55453789440719 280.00002603171151 36.401092529296875 5.5858330726623535 253
6 297.21004434241803 280.00002969881268 36.396144866943359 5.6032810211181641 295
7 296.89192282288985 280.00003308518598 36.380519866943359 5.6217188835144043 337
8 296.5957592259528 280.00003623781936 36.378177642822266 5.6115632057189941 379
9 296.31820528399112 280.00003919235456 36.366355895996094 5.5872907638549805 422
10 296.056661665565 280.00004197646155 36.348697662353516 5.5417709350585938 464
11 295.8090689057546 280.00004461206288 36.343696594238281 5.6371870040893555 506
12 295.57376581985045 280.00004711684193 36.341873168945312 5.6216669082641602 548
13 295.34939126229284 280.00004950528768 36.348335266113281 5.6248440742492676 590
14 295.1348144169998 280.00005178943775 36.327915191650391 5.6308341026306152 632
15 294.92908430198582 280.00005397941533 36.316978454589844 5.6079168319702148 674
16 294.73139249416511 280.00005608382577 36.327915191650391 5.5551562309265137 716
17 294.54104513355043 280.00005811005536 36.319530487060547 5.6265101432800293 758
18 294.3574415628471 280.00006006449792 36.338489532470703 5.5386981964111328 801
19 294.18005779402415 280.0000619527313 36.324741363525391 5.5446867942810059 843
20 294.0084335424948 280.00006377965508 36.321769714355469 5.7214579582214355 885
21 293.84216193696074 280.00006554960055 36.335365295410156 5.6248440742492676 927
22 293.68088126320163 280.000067266418 36.316928863525391 5.603489875793457 969
23 293.52426827330021 280.00006893354833 36.339115142822266 6.0152077674865723 1012
24 293.37203271357686 280.00007055408139 36.367710113525391 5.8106250762939453 1054
25 293.22391281137016 280.00007213080363 36.323543548583984 5.6309380531311035 1096
26 293.07967152360385 280.00007366623845 36.314842224121094 5.6104168891906738 1139
27 292.9390933960704 280.0000751626792 36.311092376708984 5.5531249046325684 1181
28 292.80198191643905 280.00007662221793 36.303802490234375 5.5379161834716797 1223
29 292.66815726952677 280.00007804676858 36.294998168945312 5.5316672325134277 1265
30 292.53745442269945 280.00007943808788 36.291511535644531 5.6113548278808594 1307
31 292.40972148404444 280.00008079779298 36.2886962890625 6.2622909545898438 1349
32 292.28481828735232 280.00008212737544 36.309894561767578 5.5520310401916504 1392
33 292.16261516681232 280.00008342821616 36.296512603759766 5.5370321273803711 1434
34 292.04299189127744 280.00008470159452 36.302448272705078 5.5351037979125977 1476
35 291.92583673345035 280.00008594870002 36.283126831054688 5.5417709350585938 1518
36 291.81104565371123 280.0000871706402 36.283748626708984 5.5935940742492676 1560
37 291.6985215818118 280.0000883684483 36.289947509765625 5.6162500381469727 1602
38 291.58817378248114 280.00008954309004 36.286300659179688 5.594271183013916 1644
39 291.47991729328021 280.00009069547008 36.292240142822266 5.5977091789245605 1686
40 291.37367242490757 280.00009182643657 36.292186737060547 5.5755209922790527 1728
41 291.2693643156893 280.00009293678647 36.294376373291016 5.5415630340576172 1770
42 291.16692253324914 280.00009402726954 36.287551879882812 5.5369791984558105 1812
43 291.06628071739794 280.00009509859211 36.289375305175781 5.5456771850585938 1854
44 290.96737625915284 280.00009615142062 36.283229827880859 5.5555729866027832 1896
45 290.87015001151974 280.00009718638489 36.288959503173828 5.5707287788391113 1938
46 290.77454602828379 280.00009820408007 36.310573577880859 5.5940618515014648 1980
47 290.68051132756756 280.00009920507063 36.299793243408203 5.5531778335571289 2022
48 290.58799567734599 280.00010018989082 36.283332824707031 5.6092190742492676 2064
49 290.4969514004805 280.00010115904848 36.284114837646484 5.6190099716186523 2106
50 290.40733319714536 280.00010211302572 36.290210723876953 5.6094789505004883 2148
51 290.31909798278917 280.00010305228125 36.288074493408203 5.608281135559082 2190
52 290.232204740003 280.00010397725157 36.287708282470703 5.5961980819702148 2232
53 290.14661438286532 280.00010488835272 36.291824340820312 5.6115097999572754 2275
54 290.06228963250413 280.00010578598165 36.303749084472656 5.6037502288818359 2317
55 289.97919490276388 280.0001066705172 36.293178558349609 5.6005210876464844 2359
56 289.89729619499343 280.00010754232119 36.290000915527344 5.5967187881469727 2401
57 289.81656100108125 280.00010840173962 36.282863616943359 5.6086978912353516 2443
58 289.73695821396251 280.00010924910373 36.286144256591797 5.6142711639404297 2485
59 289.6584580449076 280.00011008473058 36.284740447998047 5.566770076751709 2527
60 289.58103194697293 280.000110908924 36.293281555175781 5.5878119468688965 2569
61 289.50465254406453 280.00011172197543 36.286823272705078 5.6105728149414062 2611
62 289.42929356511945 280.00011252416465 36.271926879882812 5.5549478530883789 2653
63 289.35492978296071 280.00011331576002 36.273334503173828 5.5471358299255371 2695
64 289.28153695742753 280.00011409701978 36.278697967529297 5.5516138076782227 2737
65 289.20909178242107 280.00011486819164 36.282188415527344 5.5495829582214355 2779
66 289.13757183654184 280.00011562951465 36.274425506591797 5.5221872329711914 2821
67 289.06695553702571 280.0001163812185 36.284217834472656 5.5386981964111328 2863
68 288.99722209671319 280.00011712352432 36.268699645996094 5.59588623046875 2905
69 288.92835148381164 280.00011785664543 36.278541564941406 5.6007819175720215 2947
70 288.86032438423268 280.00011858078744 36.274894714355469 5.5891151428222656 2989
71 288.79312216630609 280.00011929614863 36.271041870117188 5.6328129768371582 3031
72 288.72672684768963 280.00012000292054 36.274219512939453 5.6198959350585938 3073
73 288.66112106431075 280.00012070128781 36.272605895996094 5.6276559829711914 3115
74 288.5962880411895 280.00012139142916 36.279842376708984 5.5997400283813477 3157
75 288.53221156500524 280.00012207351716 36.2730712890625 5.5961461067199707 3199
76 288.46887595828298 280.00012274771865 36.268959045410156 5.5889577865600586 3241
77 288.40626605508197 280.00012341419523 36.26385498046875 5.5965099334716797 3283
78 288.34436717808302 280.00012407310282 36.281978607177734 5.6027078628540039 3325
79 288.28316511697739 280.00012472459304 36.274219512939453 5.5523958206176758 3367
80 288.22264610806735 280.00012536881212 36.264896392822266 5.5245828628540039 3409
81 288.1627968149968 280.00012600590202 36.271823883056641 5.5302610397338867 3451
82 288.10360431053738 280.00012663600074 36.269218444824219 5.5154690742492676 3493
83 288.04505605935907 280.00012725924125 36.270416259765625 5.5496349334716797 3535
84 287.98713990172263 280.00012787575326 36.278804779052734 5.6019787788391113 3577
85 287.92984403803234 280.00012848566229 36.261302947998047 5.6072921752929688 3619
86 287.87315701419686 280.00012908909025 36.266769409179688 5.6181769371032715 3661
87 287.81706770774525 280.00012968615556 36.268020629882812 5.6336970329284668 3703
88 287.76156531465165 280.00013027697327 36.282917022705078 5.6064062118530273 3745
89 287.70663933682636 280.00013086165501 36.267238616943359 5.5947918891906738 3788
90 287.65227957022978 280.00013144030959 36.269477844238281 5.616614818572998 3830
91 287.59847609357507 280.0001320130425 36.254791259765625 5.549738883972168 3872
92 287.54521925758183 280.00013257995636 36.244686126708984 5.535365104675293 3913
93 287.49249967474998 280.00013314115142 36.255363464355469 5.5444269180297852 3955
94 287.44030820962206 280.0001336967245 36.261615753173828 5.5910940170288086 3997
95 287.38863596950728 280.00013424677064 36.251720428466797 5.604374885559082 4039
96 287.33747429563925 280.00013479138175 36.255313873291016 5.596250057220459 4081
97 287.2868147547448 280.00013533064777 36.254219055175781 5.611666202545166 4123
98 287.2366491309985 280.0001358646561 36.255313873291016 5.5385417938232422 4165
99 287.18696941834378 280.0001363934918 36.266979217529297 5.5501561164855957 4207
100 287.13776781315914 280.00013691723836 36.265571594238281 5.632239818572998 4250
101 287.08903670725095 280.0001374359764 36.259010314941406 5.6292190551757812 4292
102 287.04076868115487 280.00013794978486 36.277706146240234 5.6194272041320801 4334
103 286.99295649773109 280.00013845874099 36.264270782470703 5.6206250190734863 4376
104 286.94559309603517 280.00013896291989 36.261459350585938 5.6170830726623535 4418
105 286.89867158545269 280.00013946239483 36.254062652587891 5.6116671562194824 4460
106 286.85218524008161 280.00013995723765 36.267135620117188 5.6024999618530273 4502
107 286.80612749335205 280.00014044751805 36.264167785644531 5.607968807220459 4544
108 286.76049193286917 280.00014093330418 36.262447357177734 5.6051039695739746 4586
109 286.71527229546939 280.00014141466289 36.258438110351562 5.6127080917358398 4628
110 286.67046246247827 280.00014189165933 36.252658843994141 5.5503649711608887 4670
111 286.62605645516089 280.00014236435709 36.255207061767578 5.5678648948669434 4712
112 286.58204843035469 280.0001428328182 36.254531860351562 5.542396068572998 4754
113 286.53843267627593 280.00014329710388 36.243904113769531 5.5704689025878906 4796
114 286.49520360849158 280.00014375727318 36.265312194824219 5.544896125793457 4838
115 286.45235576604841 280.00014421338437 36.249584197998047 5.5302081108093262 4880
116 286.40988380775275 280.0001446654943 36.249897003173828 5.6050000190734863 4922
117 286.36778250859135 280.00014511365862 36.241199493408203 5.609011173248291 4964
118 286.32604675629057 280.00014555793177 36.246562957763672 5.6241660118103027 5006
119 286.28467154800398 280.00014599836692 36.251613616943359 5.6035938262939453 5048
120 286.24365198712377 280.00014643501629 36.254375457763672 5.5253119468688965 5090
121 286.20298328021141 280.00014686793071 36.253074645996094 5.6027078628540039 5132
122 286.16266073404006 280.00014729716042 36.249843597412109 5.6019787788391113 5174
123 286.12267975274568 280.00014772275421 36.242916107177734 5.6120829582214355 5216
124 286.08303583508007 280.00014814475998 36.24822998046875 5.5972909927368164 5258
125 286.04372457176368 280.00014856322457 36.257709503173828 5.5810937881469727 5300
126 286.00474164293138 280.00014897819415 36.255207061767578 5.5353121757507324 5342
127 285.96608281566893 280.00014938971367 36.250053405761719 5.5543231964111328 5384
128 285.92774394163513 280.00014979782731 36.264270782470703 5.5270829200744629 5426
129 285.88972095476703 280.00015020257848 36.257656097412109 5.6090621948242188 5468
130 285.85200986906369 280.00015060400938 36.253437042236328 5.6089057922363281 5510
131 285.8146067764452 280.00015100216172 36.249061584472656 5.5913019180297852 5552
132 285.77750784468532 280.00015139707631 36.257499694824219 5.6005730628967285 5594
133 285.74070931541218 280.00015178879312 36.247707366943359 5.6100001335144043 5636
134 285.70420750217659 280.00015217735154 36.250106811523438 5.6153650283813477 5678
135 285.66799878858387 280.00015256278982 36.259635925292969 5.618645191192627 5720
136 285.63207962648704 280.00015294514589 36.240730285644531 5.6315097808837891 5762
137 285.5964465342384 280.00015332445668 36.243595123291016 5.6195311546325684 5804
138 285.56109609499822 280.0001537007588 36.231666564941406 5.5970830917358398 5846
139 285.52602495509774 280.00015407408773 36.251876831054688 5.6053647994995117 5888
140 285.49122982245302 280.00015444447865 36.254585266113281 5.5354690551757812 5930
141 285.45670746503066 280.00015481196584 36.2464599609375 5.6104168891906738 5972
142 285.42245470936007 280.00015517658323 36.241146087646484 5.590156078338623 6014
143 285.38846843909306 280.00015553836369 36.248073577880859 5.9401559829711914 6056
144 285.35474559360733 280.00015589734028 36.279270172119141 5.6561980247497559 6098
145 285.32128316665302 280.00015625354467 36.248958587646484 5.6131248474121094 6141
146 285.28807820504056 280.00015660700836 36.239063262939453 5.6559891700744629 6183
147 285.25512780736796 280.00015695776216 36.254634857177734 5.617499828338623 6225
148 285.22242912278625 280.00015730583647 36.240467071533203 5.5968751907348633 6267
149 285.18997934980217 280.0001576512613 36.245105743408203 5.5941658020019531 6309
150 285.15777573511576 280.00015799406566 36.236980438232422 5.5845828056335449 6351
151 285.12581557249246 280.00015833427858 36.240730285644531 5.6514058113098145 6393
152 285.09409620166815 280.00015867192826 36.25390625 5.6128120422363281 6435
153 285.06261500728527 280.0001590070425 36.243751525878906 5.6035418510437012 6477
154 285.03136941786107 280.00015933964886 36.243751525878906 5.6038541793823242 6519
155 285.00035690478364 280.00015966977418 36.221511840820312 5.5679159164428711 6561
156 284.96957498133776 280.00015999744477 36.232967376708984 5.5588021278381348 6603
157 284.93902120175755 280.0001603226869 36.229637145996094 5.5505208969116211 6645
158 284.90869316030626 280.00016064552597 36.232448577880859 5.6211981773376465 6687
159 284.87858849038099 280.00016096598733 36.234737396240234 5.5398440361022949 6729
160 284.84870486364326 280.00016128409573 36.242031097412109 5.6165099143981934 6771
161 284.81903998917215 280.00016159987547 36.240467071533203 5.5892701148986816 6813
162 284.78959161264225 280.00016191335061 36.237239837646484 5.5808849334716797 6855
163 284.76035751552223 280.00016222454479 36.240207672119141 5.6005210876464844 6897
164 284.73133551429669 280.00016253348133 36.235416412353516 5.5499467849731445 6939
165 284.70252345970806 280.00016284018284 36.243228912353516 5.5665102005004883 6981
166 284.67391923601821 280.00016314467211 36.234321594238281 5.5318751335144043 7023
167 284.64552076029139 280.00016344697121 36.233333587646484 5.6123437881469727 7065
168 284.61732598169448 280.00016374710191 36.245311737060547 5.6011981964111328 7107
169 284.58933288081624 280.0001640450858 36.2340087890625 5.5919270515441895 7149
170 284.56153946900452 280.00016434094402 36.237709045410156 5.6176562309265137 7191
171 284.53394378772037 280.0001646346974 36.231510162353516 5.5467710494995117 7233
172 284.50654390790908 280.00016492636655 36.238803863525391 5.6167712211608887 7275
173 284.47933792938693 280.00016521597166 36.230522155761719 5.544583797454834 7316
174 284.45232398024444 280.00016550353257 36.225833892822266 5.6073441505432129 7358
175 284.42550021626386 280.00016578906894 36.224842071533203 5.547760009765625 7400
176 284.39886482035189 280.00016607260017 36.226718902587891 5.5452609062194824 7442
177 284.37241600198701 280.00016635414534 36.225105285644531 5.6034889221191406 7484
178 284.34615199667928 280.00016663372315 36.222343444824219 5.5299482345581055 7526
179 284.3200710654458 280.00016691135227 36.22796630859375 5.5607810020446777 7568
180 284.29417149429685 280.00016718705064 36.225154876708984 5.5182290077209473 7610
181 284.26845159373624 280.00016746083656 36.23260498046875 5.5952081680297852 7652
182 284.24290969827342 280.00016773272756 36.238540649414062 5.5252079963684082 7694
183 284.21754416594752 280.0001680027413 36.23828125 5.521510124206543 7736
184 284.19235337786279 280.00016827089479 36.236251831054688 5.6017699241638184 7778
185 284.16733573773558 280.00016853720518 36.233646392822266 5.540989875793457 7820
186 284.14248967145238 280.0001688016892 36.234272003173828 5.5218749046325684 7862
187 284.11781362663754 280.00016906436338 36.230262756347656 5.5483851432800293 7904
188 284.09330607223256 280.00016932524403 36.2269287109375 5.5432291030883789 7946
189 284.06896549808431 280.00016958434719 36.247032165527344 5.5701560974121094 7988
190 284.04479041454391 280.00016984168855 36.240886688232422 5.6047391891479492 8030
191 284.02077935207416 280.00017009728396 36.237499237060547 5.6326560974121094 8072
192 283.99693086086683 280.00017035114899 36.239841461181641 5.6049480438232422 8114
193 283.97324351046859 280.00017060329861 36.238594055175781 5.628385066986084 8156
194 283.94971588941598 280.00017085374782 36.247085571289062 5.6061978340148926 8198
195 283.92634660487784 280.00017110251162 36.233802795410156 5.622291088104248 8240
196 283.90313428230769 280.00017134960461 36.248123168945312 5.5905208587646484 8282
197 283.88007756510234 280.00017159504119 36.2457275390625 5.6672921180725098 8324
198 283.85717511426975 280.00017183883557 36.263019561767578 5.6574478149414062 8366
199 283.83442560810317 280.00017208100189 36.253749847412109 5.6167187690734863 8408
200 283.81182774186374 280.00017232155403 36.229427337646484 5.6213021278381348 8450
201 283.78938022746962 280.00017256050569 36.235988616943359 5.576718807220459 8492
202 283.76708179319269 280.00017279787039 36.242813110351562 5.5019268989562988 8534
203 283.74493118336125 280.00017303366155 36.243282318115234 5.6084380149841309 8576
204 283.72292715807021 280.00017326789225 36.232032775878906 5.6080207824707031 8618
205 283.70106849289726 280.00017350057567 36.223541259765625 5.5444269180297852 8660
206 283.67935397862516 280.00017373172466 36.22442626953125 5.5269789695739746 8702
207 283.65778242097116 280.00017396135172 36.222969055175781 5.5294790267944336 8744
208 283.63635264032087 280.00017418946982 36.239063262939453 5.5184378623962402 8786
209 283.61506347146934 280.000174416091 36.224376678466797 5.6063017845153809 8828
210 283.59391376336708 280.0001746412276 36.213645935058594 5.5672907829284668 8870
211 283.57290237887185 280.00017486489173 36.228488922119141 5.6000518798828125 8912
212 283.55202819450568 280.0001750870955 36.225467681884766 5.5574479103088379 8954
213 283.5312901002174 280.00017530785061 36.224166870117188 5.5361971855163574 8996
214 283.51068699915015 280.00017552716855 36.229946136474609 5.5160927772521973 9037
215 283.49021780741384 280.0001757450612 36.239845275878906 5.5896358489990234 9079
216 283.46988145386257 280.00017596153975 36.228488922119141 5.5265111923217773 9121
217 283.44967687987702 280.00017617661553 36.231510162353516 5.5299482345581055 9163
218 283.42960303915089 280.0001763902996 36.232395172119141 5.5375518798828125 9205
219 283.40965889748259 280.00017660260306 36.224010467529297 5.6047911643981934 9247
220 283.38984343257067 280.00017681353688 36.223907470703125 5.6015629768371582 9289
221 283.37015563381419 280.00017702311158 36.222553253173828 5.5977602005004883 9331
222 283.35059450211708 280.00017723133794 36.228282928466797 5.5258340835571289 9373
223 283.33115904969611 280.0001774382265 36.227863311767578 5.5273442268371582 9415
224 283.31184829989326 280.00017764378759 36.230365753173828 5.6059370040893555 9457
225 283.29266128699282 280.00017784803151 36.234634399414062 5.5481767654418945 9499
226 283.27359705604073 280.00017805096849 36.227394104003906 5.544896125793457 9541
227 283.25465466266843 280.00017825260846 36.227813720703125 5.559791088104248 9583
228 283.23583317292088 280.00017845296139 36.225467681884766 5.5535411834716797 9625
229 283.21713166308729 280.00017865203733 36.235885620117188 5.6219267845153809 9667
230 283.19854921953549 280.00017884984555 36.227550506591797 5.6127080917358398 9709
231 283.18008493855001 280.00017904639611 36.231563568115234 5.6022391319274902 9751
232 283.16173792617326 280.00017924169822 36.233646392822266 5.6338539123535156 9793
233 283.14350729805017 280.00017943576154 36.231353759765625 5.6314067840576172 9835
234 283.1253921792752 280.00017962859533 36.230258941650391 5.5838541984558105 9877
235 283.10739170424392 280.00017982020864 36.219791412353516 5.5902080535888672 9919
236 283.08950501650565 280.00018001061068 36.225154876708984 5.5882821083068848 9961
237 283.07173126862102 280.00018019981059 36.218959808349609 5.615260124206543 10003
238 283.05406962202102 280.00018038781712 36.227394104003906 5.6015629768371582 10045
239 283.03651924686909 280.00018057463916 36.235469818115234 5.6183328628540039 10087
240 283.01907932192705 280.00018076028556 36.2265625 5.5581250190734863 10129
241 283.00174903442178 280.00018094476479 36.225414276123047 5.5234899520874023 10171
242 282.98452757991635 280.00018112808556 36.231666564941406 5.618384838104248 10213
243 282.96741416218276 280.00018131025621 36.232395172119141 5.5694789886474609 10255
244 282.95040799307708 280.00018149128533 36.231407165527344 5.541511058807373 10296
245 282.93350829241791 280.00018167118105 36.230728149414062 5.6359901428222656 10338
246 282.916714287866 280.00018184995156 36.251300811767578 5.6213550567626953 10381
247 282.90002521480744 280.00018202760521 36.233749389648438 5.608853816986084 10423
248 282.88344031623831 280.00018220414984 36.250156402587891 5.5539059638977051 10465
249 282.86695884265168 280.00018237959358 36.232135772705078 5.6138019561767578 10507
250 282.85058005192735 280.00018255394423 36.231666564941406 5.5948958396911621 10549
251 282.83430320922287 280.00018272720968 36.221248626708984 5.6161460876464844 10591
252 282.81812758686732 280.0001828993976 36.224998474121094 5.6278119087219238 10633
253 282.80205246425726 280.00018307051579 36.219581604003906 5.5861978530883789 10675
254 282.7860771277534 280.00018324057169 36.218643188476562 5.6058850288391113 10717
255 282.77020087058128 280.00018340957297 36.225208282470703 5.5853128433227539 10759
256 282.75442299273186 280.00018357752691 36.220363616943359 5.5435409545898438 10800
257 282.7387428008654 280.00018374444107 36.220314025878906 5.610105037689209 10842
258 282.72315960821635 280.00018391032279 36.21661376953125 5.5716657638549805 10884
259 282.70767273450053 280.00018407517911 36.218124389648438 5.6092700958251953 10926
260 282.69228150582353 280.00018423901719 36.217552185058594 5.5998439788818359 10968
261 282.67698525459156 280.00018440184431 36.215259552001953 5.5780730247497559 11010
262 282.66178331942325 280.00018456366746 36.209011077880859 5.5302610397338867 11052
263 282.64667504506355 280.00018472449364 36.212394714355469 6.3528652191162109 11095
264 282.63165978229893 280.00018488432966 36.271457672119141 5.8472909927368164 11137
265 282.61673688787442 280.0001850431824 36.233852386474609 5.6315112113952637 11179
266 282.60190572441212 280.00018520105874 36.216091156005859 5.6166667938232422 11221
267 282.5871656603311 280.00018535796534 36.213592529296875 5.6154170036315918 11263
268 282.5725160697686 280.00018551390878 36.2230224609375 5.6118230819702148 11306
269 282.55795633250364 280.00018566889582 36.224895477294922 5.6310420036315918 11348
270 282.54348583388025 280.00018582293302 36.217708587646484 5.6290621757507324 11390
271 282.52910396473408 280.00018597602656 36.215000152587891 5.6288537979125977 11432
272 282.51481012131865 280.00018612818315 36.232292175292969 5.6151041984558105 11474
273 282.50060370523454 280.00018627940904 36.226772308349609 5.6274480819702148 11516
274 282.48648412335825 280.00018642971071 36.217185974121094 5.6003122329711914 11558
275 282.47245078777337 280.00018657909425 36.229686737060547 5.5304169654846191 11600
276 282.45850311570291 280.00018672756596 36.221824645996094 5.5196871757507324 11642
277 282.44464052944244 280.00018687513182 36.221199035644531 5.6115632057189941 11684
278 282.43086245629445 280.00018702179813 36.225364685058594 5.5978131294250488 11725
279 282.41716832850483 280.00018716757074 36.218959808349609 5.5797390937805176 11767
280 282.40355758319856 280.00018731245586 36.231822967529297 5.5907292366027832 11809
281 282.39002966231874 280.00018745645929 36.221668243408203 5.6033339500427246 11851
282 282.37658401256499 280.00018759958704 36.216041564941406 5.610260009765625 11893
283 282.36322008533386 280.00018774184474 36.221614837646484 5.607759952545166 11935
284 282.34993733665982 280.00018788323831 36.22052001953125 5.6072402000427246 11977
285 282.33673522715776 280.00018802377349 36.209011077880859 5.6173958778381348 12019
286 282.32361322196567 280.00018816345602 36.208751678466797 5.6014580726623535 12061
287 282.31057079068955 280.00018830229135 36.210834503173828 5.5879678726196289 12103
288 282.29760740734775 280.00018844028534 36.216300964355469 5.577394962310791 12145
289 282.28472255031784 280.00018857744351 36.210052490234375 5.616614818572998 12187
290 282.27191570228302 280.00018871377114 36.220729827880859 5.605989933013916 12229
291 282.25918635018047 280.00018884927391 36.217864990234375 5.6194791793823242 12271
292 282.24653398514988 280.00018898395717 36.216770172119141 5.5897917747497559 12313
293 282.2339581024832 280.00018911782621 36.213905334472656 5.6067709922790527 12355
294 282.2214582015755 280.00018925088648 36.209529876708984 5.6617708206176758 12397
295 282.20903378587593 280.00018938314315 36.230937957763672 5.6106781959533691 12439
296 282.19668436283962 280.00018951460163 36.226406097412109 5.6027078628540039 12481
297 282.1844094438818 280.00018964526697 36.215572357177734 5.6238541603088379 12523
298 282.17220854433043 280.00018977514435 36.208438873291016 5.5933327674865723 12565
299 282.16008118338124 280.00018990423894 36.214218139648438 5.620884895324707 12607
300 282.14802688405297 280.00019003255585 36.211666107177734 5.5935931205749512 12649
301 282.13604517314354 280.00019016010003 36.207866668701172 5.6096348762512207 12691
302 282.12413558118658 280.00019028687655 36.212238311767578 5.5460939407348633 12733
303 282.11229764240881 280.00019041289033 36.207134246826172 5.5395832061767578 12775
304 282.10053089468869 280.00019053814617 36.204532623291016 5.5411458015441895 12817
305 282.08883487951465 280.00019066264917 36.207969665527344 5.5087499618530273 12859
306 282.07720914194522 280.00019078640406 36.207134246826172 5.5208330154418945 12901
307 282.06565323056861 280.00019090941549 36.210884094238281 5.5411968231201172 12943
308 282.0541666974641 280.00019103168859 36.203907012939453 5.5261459350585938 12984
309 282.04274909816274 280.00019115322789 36.216564178466797 5.6211462020874023 13026
310 282.03139999161027 280.00019127403812 36.220573425292969 5.564478874206543 13068
311 282.02011894012918 280.00019139412376 36.215469360351562 5.5455207824707031 13110
312 282.00890550938192 280.00019151348977 36.21661376953125 5.5314579010009766 13152
313 281.99775926833524 280.0001916321404 36.201301574707031 5.5633330345153809 13194
314 281.98667978922413 280.00019175008038 36.204685211181641 5.5278639793395996 13236
315 281.97566664751685 280.00019186731424 36.204166412353516 5.5374469757080078 13278
316 281.96471942188077 280.00019198384643 36.200260162353516 5.5955729484558105 13320
317 281.95383769414792 280.00019209968127 36.200675964355469 5.5641660690307617 13362
318 281.94302104928198 280.00019221482353 36.203647613525391 5.6044268608093262 13404
319 281.93226907534495 280.0001923292773 36.205833435058594 5.5925002098083496 13446
320 281.92158136346518 280.00019244304696 36.206459045410156 5.6135411262512207 13488
321 281.91095750780528 280.00019255613688 36.200469970703125 5.6111969947814941 13530
322 281.90039710553049 280.00019266855128 36.201408386230469 5.6270308494567871 13572
323 281.88989975677811 280.00019278029458 36.217605590820312 5.5288019180297852 13614
324 281.87946506462657 280.00019289137089 36.206356048583984 5.5875520706176758 13656
325 281.86909263506578 280.00019300178445 36.217918395996094 5.6318230628967285 13698
326 281.85878207696754 280.00019311153932 36.211875915527344 5.5947399139404297 13740
327 281.84853300205629 280.0001932206398 36.206249237060547 5.6159892082214355 13782
328 281.83834502488025 280.00019332908983 36.221458435058594 5.6073441505432129 13824
329 281.82821776278342 280.00019343689371 36.200416564941406 5.6029157638549805 13866
330 281.81815083587776 280.00019354405515 36.199897766113281 5.5938549041748047 13907
331 281.80814386701553 280.00019365057835 36.210624694824219 5.6020321846008301 13949
332 281.79819648176237 280.00019375646735 36.208335876464844 5.6102089881896973 13991
333 281.78830830837057 280.00019386172607 36.197238922119141 5.5977082252502441 14033
334 281.77847897775291 280.00019396635827 36.203907012939453 5.6177082061767578 14075
335 281.76870812345686 280.00019407036814 36.202812194824219 5.6037502288818359 14117
336 281.75899538163867 280.00019417375933 36.199634552001953 5.51348876953125 14159
337 281.74934039103863 280.00019427653581 36.201824188232422 5.5267701148986816 14201
338 281.73974279295646 280.00019437870128 36.200519561767578 5.5952081680297852 14243
339 281.73020223122614 280.00019448025967 36.202865600585938 5.6026039123535156 14285
340 281.72071835219242 280.00019458121466 36.198646545410156 5.6120829582214355 14327
341 281.71129080468688 280.00019468156995 36.192657470703125 5.5467190742492676 14369
342 281.70191924000471 280.00019478132936 36.208072662353516 5.5134367942810059 14411
343 281.69260331188127 280.00019488049651 36.203437805175781 5.5408339500427246 14453
344 281.68334267646947 280.0001949790751 36.212394714355469 5.5870828628540039 14495
345 281.67413699231747 280.00019507706867 36.207656860351562 5.6073441505432129 14537
346 281.66498592034645 280.00019517448112 36.20526123046875 5.5416150093078613 14578
347 281.65588912382862 280.00019527131565 36.209426879882812 5.5977082252502441 14620
348 281.64684626836572 280.000195367576 36.208019256591797 5.5871357917785645 14662
349 281.63785702186817 280.00019546326564 36.210208892822266 5.5885419845581055 14704
350 281.62892105453324 280.00019555838821 36.203125 5.6094269752502441 14746
351 281.62003803882527 280.00019565294707 36.213542938232422 5.6173439025878906 14788
352 281.61120764945503 280.00019574694568 36.205677032470703 5.6203122138977051 14830
353 281.60242956335895 280.00019584038751 36.210468292236328 5.6097397804260254 14872
354 281.59370345968023 280.00019593327613 36.206302642822266 5.5866670608520508 14914
355 281.58502901974845 280.00019602561474 36.205104827880859 5.6116671562194824 14956
356 281.57640592706059 280.00019611740669 36.214374542236328 5.6192708015441895 14998
357 281.56783386726198 280.0001962086555 36.201873779296875 5.5993747711181641 15040
358 281.55931252812729 280.00019629936435 36.206199645996094 5.5758848190307617 15082
359 281.55084159954197 280.00019638953648 36.196407318115234 5.5853118896484375 15124
360 281.54242077348391 280.00019647917549 36.206512451171875 5.5514578819274902 15166
361 281.53404974400524 280.0001965682842 36.210365295410156 5.536250114440918 15208
362 281.5257282072148 280.00019665686625 36.203487396240234 5.5858850479125977 15250
363 281.51745586125969 280.00019674492455 36.209583282470703 5.5998959541320801 15292
364 281.50923240630868 280.00019683246245 36.207344055175781 5.5989060401916504 15334
365 281.50105754453455 280.00019691948307 36.2027587890625 5.6204171180725098 15376
366 281.49293098009713 280.00019700598961 36.2105712890625 5.6011462211608887 15418
367 281.48485241912653 280.00019709198511 36.206249237060547 5.6044788360595703 15460
368 281.47682156970637 280.00019717747273 36.19744873046875 5.5867190361022949 15502
369 281.46883814185799 280.00019726245557 36.198020935058594 5.5146870613098145 15543
370 281.46090184752347 280.00019734693666 36.203022003173828 5.6195311546325684 15585
371 281.45301240055016 280.000197430919 36.197708129882812 5.6062498092651367 15627
372 281.44516951667492 280.00019751440578 36.20703125 5.5581250190734863 15669
373 281.43737291350806 280.00019759739985 36.212238311767578 5.5990629196166992 15711
374 281.42962231051843 280.00019767990426 36.202030181884766 5.667396068572998 15753
375 281.42191742901809 280.0001977619221 36.216354370117188 5.6086459159851074 15795
376 281.41425799214687 280.00019784345596 36.214061737060547 5.6172389984130859 15837
377 281.40664372485804 280.00019792450922 36.215415954589844 5.6080732345581055 15879
378 281.39907435390353 280.00019800508443 36.208385467529297 5.5927610397338867 15921
379 281.39154960781889 280.00019808518459 36.202449798583984 5.6234889030456543 15963
380 281.38406921690967 280.00019816481262 36.208126068115234 5.6110930442810059 16005
381 281.37663291323662 280.00019824397128 36.209270477294922 5.6010408401489258 16047
382 281.36924043060225 280.00019832266372 36.208904266357422 5.5206770896911621 16089
383 281.36189150453646 280.00019840089232 36.204635620117188 5.568385124206543 16131
384 281.35458587228322 280.00019847865997 36.256198883056641 5.9747920036315918 16174
385 281.34732327278681 280.0001985559698 36.231925964355469 5.6316661834716797 16216
386 281.3401034466786 280.00019863282409 36.210468292236328 5.6254172325134277 16258
387 281.33292613626338 280.0001987092258 36.217864990234375 5.625521183013916 16300
388 281.32579108550715 280.00019878517782 36.21661376953125 5.6164579391479492 16342
389 281.31869804002332 280.00019886068259 36.2113037109375 5.6274480819702148 16384
390 281.31164674706031 280.0001989357429 36.206977844238281 5.6660408973693848 16426
391 281.30463695548877 280.00019901036148 36.233699798583984 5.6064062118530273 16468
392 281.29766841578942 280.00019908454095 36.210678100585938 5.8374481201171875 16510
393 281.29074088004012 280.00019915828386 36.215053558349609 5.6383848190307617 16552
394 281.2838541019039 280.00019923159306 36.203178405761719 5.6144270896911621 16594
395 281.27700783661709 280.00019930447081 36.194011688232422 5.6019802093505859 16636
396 281.27020184097682 280.00019937692002 36.203178405761719 5.5468230247497559 16678
397 281.2634358733298 280.00019944894314 36.19921875 5.549583911895752 16720
398 281.25670969356008 280.00019952054259 36.202968597412109 5.5485420227050781 16762
399 281.25002306307744 280.00019959172113 36.208385467529297 5.5908851623535156 16804
400 281.24337574480666 280.00019966248118 36.212551116943359 5.5440630912780762 16846
401 281.23676750317514 280.00019973282525 36.206615447998047 5.5604691505432129 16888
402 281.23019810410233 280.00019980275596 36.201873779296875 5.5263018608093262 16930
403 281.22366731498857 280.00019987227563 36.211563110351562 5.5573430061340332 16972
404 281.21717490470371 280.00019994138677 36.204685211181641 5.6019787788391113 17014
405 281.21072064357685 280.00020001009176 36.220310211181641 5.6020312309265137 17056
406 281.20430430338479 280.00020007839305 36.211666107177734 5.6099472045898438 17098
407 281.19792565734224 280.0002001462932 36.198749542236328 5.6014060974121094 17140
408 281.19158448009046 280.00020021379436 36.192394256591797 5.608281135559082 17182
409 281.18528054768717 280.00020028089921 36.200466156005859 5.6213021278381348 17224
410 281.17901363759648 280.00020034760979 36.201770782470703 5.5342187881469727 17265
411 281.17278352867805 280.00020041392867 36.201095581054688 5.6162500381469727 17307
412 281.16659000117767 280.00020047985817 36.215259552001953 5.5990629196166992 17349
413 281.1604328367165 280.00020054540056 36.198539733886719 5.6059889793395996 17391
414 281.15431181828166 280.00020061055824 36.206928253173828 5.6014070510864258 17433
415 281.14822673021609 280.00020067533353 36.209011077880859 5.5959901809692383 17475
416 281.14217735820915 280.00020073972848 36.205364227294922 5.5827078819274902 17517
417 281.13616348928662 280.00020080374554 36.208541870117188 5.5989060401916504 17559
418 281.13018491180122 280.00020086738687 36.206821441650391 5.5964069366455078 17601
419 281.1242414154234 280.00020093065484 36.198593139648438 5.5372400283813477 17643
420 281.11833279113182 280.00020099355157 36.208595275878906 5.6097922325134277 17685
421 281.11245883120381 280.00020105607933 36.212966918945312 5.6167697906494141 17727
422 281.10661932920675 280.00020111824017 36.198539733886719 5.610990047454834 17769
423 281.10081407998854 280.00020118003664 36.195884704589844 5.6178641319274902 17811
424 281.09504287966848 280.00020124147045 36.203384399414062 5.5232810974121094 17853
425 281.0893055256289 280.00020130254416 36.193801879882812 5.6164059638977051 17895
426 281.0836018165059 280.00020136325958 36.192241668701172 5.599635124206543 17937
427 281.07793155218042 280.00020142361899 36.20098876953125 5.5259370803833008 17979
428 281.07229453377016 280.00020148362449 36.198802947998047 5.604374885559082 18021
429 281.06669056362028 280.00020154327831 36.192344665527344 5.5894269943237305 18063
430 281.0611194452955 280.00020160258225 36.208126068115234 5.5604681968688965 18105
431 281.0555809835713 280.00020166153871 36.202239990234375 5.542396068572998 18146
432 281.05007498442552 280.00020172014956 36.194427490234375 5.5959382057189941 18188
433 281.04460125503039 280.00020177841674 36.190780639648438 5.6015629768371582 18230
434 281.03915960374383 280.00020183634268 36.194114685058594 5.6024999618530273 18272
435 281.03374984010196 280.0002018939291 36.183803558349609 5.5997920036315918 18314
436 281.0283717748103 280.00020195117804 36.191249847412109 5.5790619850158691 18356
437 281.02302521973633 280.00020200809166 36.188331604003906 5.630885124206543 18398
438 281.01770998790147 280.00020206467178 36.202239990234375 5.6146869659423828 18440
439 281.01242589347282 280.00020212092045 36.186302185058594 5.5276041030883789 18482
440 281.00717275175595 280.00020217683959 36.175418853759766 5.527864933013916 18524
441 281.00195037918684 280.00020223243126 36.184738159179688 5.5093750953674316 18566
442 280.99675859332416 280.00020228769733 36.181510925292969 5.5217189788818359 18608
443 280.99159721284218 280.00020234263974 36.180728912353516 5.5211977958679199 18649
444 280.98646605752253 280.00020239726052 36.180728912353516 5.5427608489990234 18691
445 280.98136494824735 280.00020245156128 36.18927001953125 5.5272397994995117 18733
446 280.97629370699161 280.00020250554422 36.184322357177734 5.523125171661377 18775
447 280.97125215681609 280.00020255921106 36.183437347412109 5.524895191192627 18817
448 280.96624012185919 280.00020261256361 36.181873321533203 5.5104689598083496 18859
449 280.96125742733125 280.00020266560398 36.195053100585938 5.5520310401916504 18901
450 280.95630389950611 280.00020271833375 36.204116821289062 5.6015620231628418 18943
451 280.95137936571462 280.00020277075492 36.198749542236328 5.5997400283813477 18985
452 280.9464836543375 280.00020282286943 36.195831298828125 5.5103650093078613 19027
453 280.94161659479835 280.00020287467868 36.185623168945312 5.5797920227050781 19068
454 280.93677801755683 280.00020292618501 36.193489074707031 5.6020312309265137 19110
455 280.93196775410183 280.00020297738973 36.182292938232422 5.5611982345581055 19152
456 280.92718563694439 280.00020302829495 36.183853149414062 5.6036977767944336 19194
457 280.92243149961143 280.00020307890225 36.18963623046875 5.5430731773376465 19236
458 280.91770517663861 280.00020312921345 36.186977386474609 5.5282812118530273 19278
459 280.9130065035643 280.00020317923043 36.189739227294922 5.5923957824707031 19320
460 280.90833531692215 280.00020322895466 36.195365905761719 5.6029691696166992 19362
461 280.9036914542354 280.0002032783882 36.192657470703125 5.6167187690734863 19404
462 280.89907475401003 280.00020332753252 36.185832977294922 5.6115632057189941 19446
463 280.89448505572824 280.00020337638938 36.192134857177734 5.6151561737060547 19488
464 280.88992219984254 280.00020342496055 36.192657470703125 5.5264592170715332 19530
465 280.8853860277689 280.00020347324772 36.182292938232422 5.5407810211181641 19572
466 280.88087638188068 280.0002035212525 36.195522308349609 5.5973949432373047 19614
467 280.87639310550298 280.00020356897664 36.192970275878906 5.5929169654846191 19655
468 280.8719360429053 280.00020361642157 36.187030792236328 5.6242709159851074 19697
469 280.86750503929659 280.00020366358916 36.1878662109375 5.6125001907348633 19739
470 280.86309994081842 280.00020371048095 36.183906555175781 5.6027607917785645 19781
471 280.85872059453959 280.00020375709863 36.199893951416016 5.6222920417785645 19823
472 280.85436684844944 280.00020380344398 36.200157165527344 5.608489990234375 19865
473 280.85003855145271 280.00020384951841 36.188491821289062 5.5503640174865723 19907
474 280.84573555336277 280.00020389532341 36.194114685058594 5.5459380149841309 19949
475 280.8414577048967 280.00020394086062 36.200675964355469 5.6314058303833008 19991
476 280.83720485766895 280.00020398613185 36.206302642822266 5.5978121757507324 20033
477 280.83297686418564 280.00020403113842 36.196666717529297 5.6095318794250488 20075
478 280.82877357783906 280.00020407588198 36.197917938232422 5.5696358680725098 20117
479 280.82459485290195 280.00020412036412 36.195209503173828 5.5860419273376465 20159
480 280.82044054452172 280.00020416458631 36.191303253173828 5.5961971282958984 20201
481 280.81631050871505 280.00020420855014 36.201511383056641 5.5714058876037598 20243
482 280.81220460236239 280.00020425225711 36.196720123291016 5.6158342361450195 20285
483 280.80812268320227 280.00020429570867 36.198020935058594 5.5348958969116211 20327
484 280.80406460982613 280.00020433890649 36.194061279296875 5.5505728721618652 20369
485 280.80003024167274 280.00020438185203 36.220470428466797 5.5504169464111328 20411
486 280.79601943902281 280.00020442454655 36.201042175292969 5.5692191123962402 20453
487 280.79203206299383 280.00020446699176 36.207603454589844 5.5698962211608887 20495
488 280.78806797553455 280.00020450918907 36.199012756347656 5.5471348762512207 20537
489 280.78412703942007 280.00020455113997 36.201198577880859 5.5559377670288086 20578
490 280.78020911824609 280.00020459284593 36.20916748046875 5.556145191192627 20620
491 280.77631407642446 280.00020463430837 36.213176727294922 5.6024479866027832 20662
492 280.77244177917754 280.00020467552849 36.212448120117188 5.5400519371032715 20704
493 280.76859209253331 280.00020471650811 36.205886840820312 5.6118230819702148 20746
494 280.76476488331986 280.0002047572483 36.204532623291016 5.6131248474121094 20788
495 280.7609600191613 280.00020479775071 36.203384399414062 5.6195311546325684 20830
496 280.7571773684719 280.00020483801671 36.208126068115234 5.6025519371032715 20872
497 280.75341680045176 280.00020487804761 36.209217071533203 5.5931248664855957 20914
498 280.74967818508122 280.00020491784488 36.203907012939453 5.5978641510009766 20956
499 280.74596139311672 280.00020495740984 36.206562042236328 5.5870828628540039 20998
500 280.74226629608535 280.00020499674378 36.206562042236328 5.5228128433227539 21040
501 280.73859276628065 280.00020503584818 36.198696136474609 5.6149997711181641 21082
502 280.73494067675722 280.00020507472419 36.189582824707031 5.599635124206543 21124
503 280.73130990132648 280.00020511337345 36.200572967529297 5.6046872138977051 21166
504 280.7277003145515 280.00020515179733 36.205520629882812 6.3529171943664551 21209
505 280.72411179174281 280.00020518999668 36.247657775878906 5.7453651428222656 21251
506 280.72054420895341 280.00020522797325 36.234428405761719 5.6169271469116211 21293
507 280.71699744297439 280.00020526572825 36.213905334472656 5.626406192779541 21335
508 280.71347137133029 280.00020530326299 36.210781097412109 5.6213030815124512 21377
509 280.7099658722741 280.00020534057859 36.206146240234375 5.6392707824707031 21419
510 280.70648082478385 280.00020537767654 36.204063415527344 5.6002078056335449 21461
511 280.70301610855705 280.00020541455814 36.208854675292969 5.6215620040893555 21503
512 280.69957160400662 280.00020545122447 36.192863464355469 5.6256771087646484 21545
513 280.69614719225677 280.00020548767708 36.218231201171875 5.6430201530456543 21587
514 280.69274275513806 280.00020552391686 36.216041564941406 5.6036968231201172 21629
515 280.68935817518366 280.0002055599457 36.214321136474609 5.5553641319274902 21671
516 280.68599333562435 280.00020559576404 36.19708251953125 5.5320830345153809 21713
517 280.68264812038473 280.0002056313736 36.208644866943359 5.5319271087646484 21755
518 280.67932241407914 280.00020566677529 36.201198577880859 5.5289058685302734 21797
519 280.67601610200649 280.00020570197074 36.201770782470703 5.5905208587646484 21838
520 280.67272907014711 280.00020573696088 36.198123931884766 5.6011462211608887 21880
521 280.66946120515786 280.00020577174706 36.202552795410156 5.6192178726196289 21922
522 280.66621239436836 280.00020580633031 36.207969665527344 5.6186461448669434 21964
523 280.66298252577678 280.00020584071194 36.204689025878906 5.6139578819274902 22006
524 280.65977148804569 280.00020587489303 36.208438873291016 5.5492191314697266 22048
525 280.65657917049782 280.00020590887499 36.204425811767578 5.622291088104248 22090
526 280.65340546311245 280.00020594265885 36.189323425292969 5.5830202102661133 22132
527 280.65025025652113 280.0002059762457 36.190311431884766 5.5457301139831543 22174
528 280.64711344200367 280.00020600963671 36.190521240234375 5.5284900665283203 22216
529 280.64399491148424 280.00020604283321 36.185050964355469 5.5367708206176758 22258
530 280.64089455752747 280.00020607583627 36.185520172119141 5.549738883972168 22300
531 280.6378122733347 280.00020610864686 36.182968139648438 5.5517702102661133 22342
532 280.63474795273947 280.00020614126629 36.196666717529297 5.624791145324707 22384
533 280.63170149020453 280.00020617369557 36.197498321533203 5.6284890174865723 22426
534 280.62867278081751 280.00020620593585 36.184009552001953 5.5944271087646484 22468
535 280.62566172028716 280.00020623798838 36.187862396240234 5.529843807220459 22509
536 280.6226682049396 280.000206269854 36.186927795410156 5.5741667747497559 22551
537 280.61969213171471 280.00020630153409 36.183231353759766 5.5906248092651367 22593
538 280.61673339816207 280.00020633302938 36.184894561767578 5.5950517654418945 22635
539 280.61379190243775 280.00020636434135 36.187187194824219 5.5855212211608887 22677
540 280.61086754330017 280.0002063954708 36.185104370117188 5.6028118133544922 22719
541 280.6079602201068 280.00020642641897 36.191352844238281 5.6147909164428711 22761
542 280.6050698328101 280.00020645718695 36.1917724609375 5.5931768417358398 22803
543 280.60219628195449 280.00020648777564 36.192604064941406 5.593386173248291 22845
544 280.59933946867227 280.00020651818613 36.183177947998047 5.5367708206176758 22887
545 280.59649929468037 280.0002065484195 36.180988311767578 5.5477080345153809 22929
546 280.5936756622765 280.00020657847688 36.181873321533203 5.5803651809692383 22971
547 280.59086847433616 280.00020660835918 36.180885314941406 5.5919790267944336 23013
548 280.58807763430843 280.00020663806737 36.187969207763672 5.530886173248291 23054
549 280.58530304621331 280.00020666760264 36.181926727294922 5.5822920799255371 23096
550 280.58254461463753 280.00020669696596 36.200679779052734 5.5533342361450195 23138
551 280.57980224473164 280.00020672615813 36.191249847412109 5.5752081871032715 23180
552 280.57707584220645 280.00020675518033 36.182914733886719 5.607968807220459 23222
553 280.57436531332962 280.00020678403376 36.184947967529297 5.6095309257507324 23264
554 280.57167056492216 280.00020681271906 36.186248779296875 5.5906767845153809 23306
555 280.56899150435549 280.00020684123734 36.189010620117188 5.6170310974121094 23348
556 280.56632803954773 280.0002068695897 36.198959350585938 5.6056771278381348 23390
557 280.56368007896072 280.00020689777705 36.195571899414062 5.6072921752929688 23432
558 280.5610475315965 280.00020692580017 36.199272155761719 5.5354170799255371 23474
559 280.5584303069943 280.00020695366038 36.193595886230469 5.5388550758361816 23516
560 280.5558283152269 280.00020698135836 36.189842224121094 5.5436978340148926 23558
561 280.55324146689804 280.00020700889507 36.197605133056641 5.6141138076782227 23600
562 280.55066967313866 280.00020703627155 36.198593139648438 5.6000518798828125 23642
563 280.54811284560395 280.00020706348874 36.193489074707031 5.6153120994567871 23684
564 280.54557089647051 280.00020709054746 36.206352233886719 5.5898442268371582 23726
565 280.54304373843257 280.00020711744878 36.1949462890625 5.6049480438232422 23768
566 280.54053128469951 280.00020714419367 36.186092376708984 5.5444269180297852 23809
567 280.53803344899234 280.00020717078291 36.195987701416016 5.5319790840148926 23851
568 280.53555014554081 280.00020719721743 36.195571899414062 5.6008329391479492 23893
569 280.53308128908066 280.00020722349825 36.180103302001953 5.5240621566772461 23935
570 280.53062679484975 280.00020724962593 36.193019866943359 5.6173958778381348 23977
571 280.52818657858609 280.00020727560195 36.181667327880859 5.5500521659851074 24019
572 280.52576055652406 280.00020730142671 36.186248779296875 5.6004171371459961 24061
573 280.52334864539171 280.00020732710129 36.186302185058594 5.6139059066772461 24103
574 280.52095076240795 280.00020735262649 36.189167022705078 5.5916152000427246 24145
575 280.51856682527955 280.00020737800321 36.190521240234375 5.5314059257507324 24187
576 280.51619675219786 280.00020740323254 36.190780639648438 5.5306768417358398 24229
577 280.51384046183654 280.00020742831504 36.193855285644531 5.5352611541748047 24270
578 280.51149787334811 280.00020745325162 36.201404571533203 5.6001558303833008 24312
579 280.50916890636148 280.00020747804331 36.192966461181641 5.5413022041320801 24354
580 280.50685348097892 280.00020750269061 36.201873779296875 5.6051039695739746 24396
581 280.50455151777322 280.0002075271949 36.202293395996094 5.6405210494995117 24438
582 280.50226293778496 280.00020755155663 36.2034912109375 5.6217179298400879 24480
583 280.4999876625198 280.00020757577676 36.207656860351562 5.6252598762512207 24522
584 280.49772561394536 280.00020759985597 36.207084655761719 5.6226038932800293 24564
585 280.49547671448892 280.00020762379535 36.1995849609375 5.6055731773376465 24606
586 280.4932408870344 280.00020764759546 36.19708251953125 5.6034369468688965 24648
587 280.49101805491972 280.00020767125727 36.193073272705078 5.5368227958679199 24690
588 280.48880814193393 280.00020769478152 36.198593139648438 5.6199469566345215 24732
589 280.48661107231482 280.00020771816924 36.190052032470703 5.5273442268371582 24774
590 280.4844267707461 280.00020774142092 36.185260772705078 5.6181769371032715 24816
591 280.48225516235476 280.00020776453744 36.196979522705078 5.5922398567199707 24858
592 280.48009617270822 280.00020778751986 36.188491821289062 5.587134838104248 24900
593 280.47794972781219 280.00020781036847 36.190521240234375 5.5990619659423828 24942
594 280.4758157541076 280.0002078330844 36.180572509765625 5.6087498664855957 24984
595 280.47369417846812 280.00020785566835 36.201095581054688 5.5942192077636719 25026
596 280.47158492819784 280.0002078781211 36.193904876708984 5.5955729484558105 25068
597 280.46948793102837 280.00020790044351 36.189998626708984 5.6146359443664551 25110
598 280.46740311511672 280.00020792263609 36.188697814941406 5.5868229866027832 25152
599 280.46533040904205 280.00020794469975 36.200157165527344 5.5881772041320801 25194
600 280.46326974180408 280.00020796663534 36.187759399414062 5.6148438453674316 25236
601 280.46122104281983 280.00020798844366 36.18963623046875 5.5695829391479492 25278
602 280.45918424192149 280.00020801012533 36.170780181884766 5.5391149520874023 25319
603 280.45715926935412 280.00020803168093 36.179897308349609 5.5348958969116211 25361
604 280.45514605577262 280.00020805311141 36.182292938232422 5.5978131294250488 25403
605 280.45314453223989 280.00020807441734 36.188541412353516 5.6043229103088379 25445
606 280.45115463022432 280.0002080955997 36.183124542236328 5.5221362113952637 25487
607 280.44917628159703 280.00020811665894 36.192813873291016 5.516146183013916 25529
608 280.44720941862965 280.00020813759613 36.194843292236328 5.5190620422363281 25571
609 280.44525397399212 280.00020815841157 36.198177337646484 5.5953121185302734 25613
610 280.44330988075018 280.00020817910621 36.192550659179688 5.5973958969116211 25655
611 280.44137707236314 280.00020819968091 36.194427490234375 5.6055731773376465 25697
612 280.43945548268107 280.00020822013602 36.195938110351562 5.608489990234375 25739
613 280.43754504594347 280.00020824047243 36.197345733642578 5.6398959159851074 25781
614 280.43564569677579 280.00020826069084 36.194217681884766 5.6192188262939453 25823
615 280.433757370188 280.00020828079187 36.192657470703125 5.6087498664855957 25865
616 280.43188000157204 280.00020830077625 36.190990447998047 5.5985422134399414 25906
617 280.43001352669938 280.00020832064473 36.188541412353516 5.6238551139831543 25948
618 280.42815788171902 280.00020834039782 36.194324493408203 5.6014580726623535 25990
619 280.42631300315526 280.00020836003642 36.194271087646484 5.6046347618103027 26032
620 280.42447882790503 280.00020837956112 36.194843292236328 5.5286450386047363 26074
621 280.4226552932368 280.0002083989724 36.202915191650391 5.6220831871032715 26116
622 280.42084233678662 280.0002084182712 36.208175659179688 5.5505728721618652 26158
623 280.41903989655771 280.00020843745784 36.195938110351562 5.5735940933227539 26200
624 280.41724791091718 280.00020845653341 36.198646545410156 5.6146359443664551 26242
625 280.41546631859444 280.00020847549837 36.238227844238281 6.4693751335144043 26285
626 280.41369505867857 280.00020849435322 36.221199035644531 5.613853931427002 26327
627 280.41193407061672 280.00020851309893 36.200000762939453 5.5998959541320801 26369
628 280.41018329421149 280.00020853173567 36.206039428710938 5.6313018798828125 26411
629 280.40844266961932 280.00020855026452 36.205730438232422 5.6081771850585938 26453
630 280.40671213734788 280.00020856868576 36.196460723876953 5.5948948860168457 26495
631 280.4049916382545 280.00020858700032 36.197708129882812 5.6063542366027832 26537
632 280.40328111354387 280.00020860520868 36.193386077880859 5.608853816986084 26579
633 280.40158050476589 280.00020862331149 36.201980590820312 5.7007298469543457 26621
634 280.39988975381362 280.00020864130948 36.222812652587891 5.6076560020446777 26663
635 280.3982088029216 280.00020865920311 36.206039428710938 5.6038541793823242 26705
636 280.39653759466341 280.00020867699294 36.190052032470703 5.6011447906494141 26747
637 280.39487607195008 280.0002086946796 36.192760467529297 5.6146869659423828 26789
638 280.39322417802754 280.00020871226383 36.191822052001953 5.6070828437805176 26831
639 280.39158185647517 280.00020872974619 36.190467834472656 5.6003122329711914 26873
640 280.38994905120364 280.0002087471272 36.196041107177734 5.5969791412353516 26915
641 280.38832570645303 280.00020876440755 36.195781707763672 5.6138019561767578 26957
642 280.38671176679048 280.0002087815879 36.190574645996094 5.5551562309265137 26999
643 280.38510717710892 280.00020879866855 36.202709197998047 5.5626559257507324 27041
644 280.3835118826247 280.00020881565041 36.208072662353516 5.5785942077636719 27083
645 280.38192582887564 280.0002088325337 36.1956787109375 5.5976037979125977 27125
646 280.38034896171962 280.00020884931922 36.196823120117188 5.604374885559082 27167
647 280.37878122733201 280.00020886600765 36.205783843994141 5.5883331298828125 27209
648 280.37722257220429 280.00020888259934 36.193439483642578 5.5957818031311035 27250
649 280.37567294314209 280.00020889909507 36.209323883056641 5.6141672134399414 27292
650 280.37413228726342 280.00020891549519 36.202552795410156 5.5526561737060547 27334
651 280.37260055199613 280.00020893180044 36.201980590820312 5.5450520515441895 27376
652 280.3710776850773 280.00020894801105 36.205467224121094 5.5154170989990234 27418
653 280.36956363455045 280.00020896412815 36.195102691650391 5.6132287979125977 27460
654 280.36805834876412 280.00020898015168 36.198905944824219 5.6033339500427246 27502
655 280.36656177636996 280.00020899608268 36.194896697998047 5.5940098762512207 27544
656 280.36507386632098 280.00020901192136 36.195571899414062 5.5831780433654785 27586
657 280.36359456786982 280.00020902766829 36.192813873291016 5.5700531005859375 27628
658 280.36212383056699 280.00020904332399 36.199531555175781 5.6106767654418945 27670
659 280.36066160425895 280.00020905888925 36.198749542236328 5.6106247901916504 27712
660 280.35920783908648 280.00020907436442 36.198646545410156 5.5801558494567871 27754
661 280.35776248548314 280.00020908975017 36.190834045410156 5.6112499237060547 27796
662 280.35632549417306 280.00020910504691 36.190677642822266 5.5797920227050781 27838
663 280.3548968161698 280.00020912025502 36.186355590820312 5.6067190170288086 27880
664 280.35347640277428 280.0002091353752 36.186561584472656 5.6023960113525391 27922
665 280.35206420557307 280.00020915040778 36.195209503173828 5.620884895324707 27963
666 280.35066017643692 280.00020916535357 36.187240600585938 5.5297918319702148 28005
667 280.34926426751895 280.00020918021283 36.196456909179688 5.59588623046875 28047
668 280.34787643125304 280.00020919498621 36.193801879882812 5.6178641319274902 28089
669 280.34649662035218 280.00020920967421 36.189895629882812 5.6203641891479492 28131
670 280.34512478780664 280.00020922427728 36.201614379882812 5.6020841598510742 28173
671 280.34376088688276 280.00020923879589 36.185939788818359 5.6058340072631836 28215
672 280.34240487112083 280.00020925323048 36.178176879882812 5.6011462211608887 28257
673 280.34105669433382 280.00020926758174 36.184532165527344 5.5403652191162109 28299
674 280.33971631060564 280.00020928185 36.183383941650391 5.5973429679870605 28341
675 280.33838367428956 280.00020929603579 36.189895629882812 5.6280207633972168 28383
676 280.3370587400068 280.00020931013955 36.200313568115234 5.6006770133972168 28425
677 280.33574146264448 280.00020932416191 36.197605133056641 5.6388540267944336 28467
678 280.33443179735457 280.00020933810305 36.203334808349609 5.6302080154418945 28509
679 280.33312969955222 280.00020935196392 36.193801879882812 5.599635124206543 28551
680 280.33183512491382 280.00020936574452 36.191612243652344 5.5541138648986816 28593
681 280.33054802937602 280.00020937944549 36.1832275390625 5.5482301712036133 28635
682 280.32926836913379 280.00020939306739 36.187030792236328 5.6097922325134277 28677
683 280.32799610063921 280.00020940661045 36.189167022705078 5.5755729675292969 28719
684 280.32673118059955 280.00020942007541 36.190208435058594 5.5743751525878906 28761
685 280.32547356597638 280.00020943346271 36.202499389648438 5.5835409164428711 28803
686 280.32422321398337 280.00020944677254 36.202762603759766 5.5510420799255371 28845
687 280.32298008208528 280.00020946000558 36.192447662353516 5.5334892272949219 28887
688 280.3217441279964 280.00020947316227 36.200260162353516 5.5386981964111328 28928
689 280.32051530967891 280.00020948624274 36.198436737060547 5.5406250953674316 28970
690 280.31929358534171 280.00020949924794 36.199947357177734 5.5921878814697266 29012
691 280.31807891343868 280.00020951217812 36.202915191650391 5.6049480438232422 29054
692 280.31687125266745 280.00020952503343 36.196041107177734 5.6029691696166992 29096
693 280.31567056196786 280.00020953781473 36.190834045410156 5.5313019752502441 29138
694 280.31447680052048 280.00020955052207 36.200000762939453 5.5391669273376465 29180
695 280.31328992774542 280.00020956315632 36.194530487060547 5.5442709922790527 29222
696 280.31210990330061 280.00020957571769 36.18572998046875 5.6066150665283203 29264
697 280.3109366870807 280.0002095882063 36.181144714355469 5.5844268798828125 29306
698 280.30977023921548 280.00020960062318 36.178905487060547 5.546511173248291 29348
699 280.30861052006867 280.00020961296821 36.173175811767578 5.6334900856018066 29390
700 280.30745749023612 280.00020962524206 36.190624237060547 5.6083331108093262 29432
701 280.3063111105451 280.00020963744527 36.180988311767578 5.6620311737060547 29474
702 280.30517134205257 280.00020964957793 36.186927795410156 5.595365047454834 29516
703 280.30403814604352 280.00020966164061 36.182083129882812 5.5708341598510742 29557
704 280.3029114840304 280.00020967363372 36.174530029296875 5.545989990234375 29599
705 280.30179131775105 280.00020968555805 36.183956146240234 5.6038541793823242 29641
706 280.30067760916774 280.00020969741331 36.178279876708984 5.6236982345581055 29683
707 280.29957032046599 280.00020970920025 36.184844970703125 5.585625171661377 29725
708 280.29846941405259 280.00020972091937 36.181144714355469 5.5409889221191406 29767
709 280.29737485255538 280.0002097325708 36.185050964355469 5.6176037788391113 29809
710 280.29628659882081 280.0002097441552 36.177135467529297 5.5870838165283203 29851
711 280.29520461591346 280.00020975567276 36.186927795410156 5.5854158401489258 29893
712 280.29412886711447 280.00020976712403 36.175102233886719 5.6238021850585938 29935
713 280.29305931592012 280.00020977850915 36.170364379882812 5.5923957824707031 29977
714 280.29199592604078 280.00020978982906 36.180885314941406 5.6018228530883789 30019
715 280.29093866139988 280.00020980108343 36.183124542236328 5.6121869087219238 30061
716 280.28988748613193 280.000209812273 36.184478759765625 5.6176562309265137 30103
717 280.28884236458214 280.00020982339839 36.180831909179688 5.6028118133544922 30145
718 280.28780326130425 280.00020983445955 36.175209045410156 5.5210418701171875 30186
719 280.28677014106046 280.00020984545694 36.179634094238281 5.624114990234375 30228
720 280.28574296881914 280.00020985639111 36.184322357177734 5.5713019371032715 30270
721 280.28472170975419 280.00020986726219 36.175258636474609 5.6032290458679199 30312
722 280.28370632924361 280.00020987807079 36.175571441650391 5.5661458969116211 30354
723 280.28269679286842 280.00020988881744 36.175678253173828 5.6292710304260254 30396
724 280.28169306641155 280.00020989950195 36.182552337646484 5.5966148376464844 30438
725 280.28069511585653 280.00020991012502 36.173698425292969 5.6146879196166992 30480
726 280.27970290738597 280.00020992068698 36.188907623291016 5.6013021469116211 30522
727 280.27871640738124 280.00020993118818 36.184947967529297 5.6064062118530273 30564
728 280.27773558242046 280.00020994162901 36.186458587646484 5.5977082252502441 30606
729 280.2767603992778 280.0002099520097 36.184844970703125 5.6088018417358398 30648
730 280.27579082492224 280.0002099623307 36.183490753173828 5.570000171661377 30690
731 280.2748268265164 280.00020997259242 36.186199188232422 5.5745320320129395 30732
732 280.2738683714154 280.00020998279501 36.188488006591797 5.5253639221191406 30774
733 280.27291542716563 280.00020999293901 36.181198120117188 5.6135411262512207 30815
734 280.27196796150395 280.00021000302479 36.184947967529297 5.5184378623962402 30857
735 280.27102594235606 280.00021001305254 36.174636840820312 5.6065630912780762 30899
736 280.27008933783594 280.00021002302253 36.173801422119141 5.5748958587646484 30941
737 280.26915811624451 280.00021003293529 36.175571441650391 5.5490617752075195 30983
738 280.26823224606824 280.00021004279102 36.169322967529297 5.5397920608520508 31025
739 280.26731169597878 280.00021005259032 36.168125152587891 5.625885009765625 31067
740 280.26639643483082 280.00021006233322 36.171977996826172 5.6099481582641602 31109
741 280.26548643166234 280.00021007201997 36.172187805175781 5.5480728149414062 31151
742 280.26458165569221 280.00021008165118 36.182758331298828 5.5374479293823242 31193
743 280.26368207631987 280.00021009122725 36.181564331054688 5.540989875793457 31234
744 280.26278766312453 280.00021010074823 36.181301116943359 5.516146183013916 31276
745 280.26189838586328 280.00021011021437 36.188331604003906 5.9398441314697266 31319
746 280.26101421447072 280.00021011962627 36.246196746826172 5.6906771659851074 31361
747 280.26013511905751 280.00021012898429 36.185470581054688 5.5686979293823242 31403
748 280.25926106990966 280.00021013828842 36.178333282470703 5.5353131294250488 31445
749 280.2583920374874 280.00021014753924 36.178802490234375 5.5555210113525391 31487
750 280.25752799242389 280.00021015673678 36.176353454589844 5.5228128433227539 31529
751 280.25666890552469 280.00021016588181 36.177238464355469 5.5726051330566406 31571
752 280.25581474776635 280.00021017497409 36.172969818115234 5.6226558685302734 31612
753 280.25496549029543 280.00021018401435 36.172031402587891 5.6759381294250488 31655
754 280.25412110442778 280.00021019300289 36.209583282470703 5.6196870803833008 31697
755 280.25328156164755 280.00021020193975 36.171562194824219 5.6192708015441895 31739
756 280.25244683360557 280.00021021082523 36.172550201416016 5.5945310592651367 31781
757 280.25161689211922 280.00021021965995 36.170574188232422 5.6040620803833008 31822
758 280.25079170917093 280.00021022844385 36.173801422119141 5.5876560211181641 31864
759 280.24997125690743 280.00021023717761 36.169479370117188 5.5802087783813477 31906
760 280.24915550763859 280.00021024586107 36.172813415527344 5.5600519180297852 31948
761 280.24834443383651 280.00021025449507 36.168750762939453 5.5970830917358398 31990
762 280.24753800813494 280.00021026307928 36.165260314941406 5.616875171661377 32032
763 280.24673620332788 280.00021027161438 36.163803100585938 5.6161980628967285 32074
764 280.24593899236874 280.00021028010059 36.158435821533203 5.5948948860168457 32116
765 280.24514634836942 280.0002102885382 36.164165496826172 5.5928130149841309 32158
766 280.24435824459954 280.00021029692755 36.166770935058594 5.5950517654418945 32200
767 280.24357465448526 280.00021030526881 36.1644287109375 5.5915617942810059 32242
768 280.24279555160871 280.00021031356232 36.167709350585938 5.5184369087219238 32283
769 280.24202090970653 280.00021032180837 36.164585113525391 5.6063542366027832 32325
770 280.24125070266962 280.00021033000706 36.165676116943359 5.6049480438232422 32367
771 280.24048490454169 280.00021033815875 36.164947509765625 5.6013550758361816 32409
772 280.23972348951872 280.00021034626411 36.178386688232422 5.6013541221618652 32451
773 280.23896643194769 280.00021035432292 36.172969818115234 5.6407809257507324 32493
774 280.23821370632635 280.00021036233551 36.184478759765625 5.6177091598510742 32535
775 280.2374652873014 280.0002103703024 36.17010498046875 5.6039590835571289 32577
776 280.23672114966877 280.00021037822364 36.159217834472656 5.6211462020874023 32619
777 280.23598126837129 280.00021038609964 36.161979675292969 5.589634895324707 32661
778 280.23524561849939 280.00021039393062 36.161457061767578 5.6044268608093262 32703
779 280.23451417528918 280.00021040171674 36.161354064941406 5.5329160690307617 32745
780 280.23378691412171 280.00021040945825 36.158645629882812 5.5264592170715332 32787
781 280.23306381052282 280.00021041715581 36.163124084472656 5.5383849143981934 32829
782 280.23234484016126 280.00021042480915 36.162967681884766 5.5174479484558105 32871
783 280.23162997884873 280.00021043241867 36.173126220703125 5.5452089309692383 32912
784 280.23091920253859 280.00021043998481 36.158748626708984 5.5251049995422363 32954
785 280.23021248732499 280.00021044750781 36.165885925292969 5.6120829582214355 32996
786 280.2295098094425 280.00021045498767 36.162708282470703 5.5837497711181641 33038
787 280.22881114526467 280.00021046242495 36.164531707763672 5.6098442077636719 33080
788 280.22811647130362 280.00021046981965 36.178592681884766 5.6142182350158691 33122
789 280.22742576420922 280.00021047717217 36.169063568115234 5.6024999618530273 33164
790 280.22673900076796 280.00021048448275 36.162395477294922 5.5956768989562988 33206
791 280.22605615790252 280.00021049175155 36.170520782470703 5.6167178153991699 33248
792 280.22537721267099 280.00021049897873 36.175678253173828 5.611666202545166 33290
793 280.22470214226558 280.00021050616493 36.182605743408203 5.59375 33332
794 280.22403092401231 280.00021051330998 36.166355133056641 5.530156135559082 33374
795 280.2233635353702 280.00021052041421 36.159061431884766 5.5577611923217773 33415
796 280.2226999539302 280.00021052747798 36.166458129882812 5.5259900093078613 33457
797 280.2220401574146 280.00021053450143 36.165988922119141 5.5403118133544922 33499
798 280.22138412367644 280.00021054148488 36.180572509765625 5.5374479293823242 33541
799 280.22073183069824 280.00021054842841 36.175834655761719 5.5963020324707031 33583
800 280.22008325659186 280.00021055533244 36.176719665527344 5.6041669845581055 33625
801 280.21943837959725 280.00021056219714 36.167655944824219 5.6015100479125977 33667
802 280.21879717808184 280.00021056902267 36.173698425292969 5.6144270896911621 33709
803 280.21815963054007 280.00021057580926 36.169582366943359 5.6102080345153809 33751
804 280.21752571559216 280.0002105825572 36.169113159179688 5.5895829200744629 33793
805 280.21689541198373 280.00021058926689 36.171718597412109 5.5407290458679199 33835
806 280.21626869858483 280.00021059593803 36.178279876708984 5.6164069175720215 33876
807 280.21564555438965 280.00021060257137 36.166927337646484 5.5347919464111328 33918
808 280.21502595851518 280.00021060916697 36.166820526123047 5.6011462211608887 33960
809 280.21440989020084 280.00021061572488 36.161563873291016 5.6177082061767578 34002
810 280.21379732880791 280.00021062224556 36.160259246826172 5.5398950576782227 34044
811 280.21318825381832 280.00021062872912 36.164737701416016 5.5968751907348633 34086
812 280.21258264483447 280.00021063517573 36.172916412353516 5.5979681015014648 34128
813 280.21198048157817 280.00021064158574 36.168643951416016 5.6096348762512207 34170
814 280.21138174389012 280.00021064795919 36.168331146240234 5.6178131103515625 34212
815 280.21078641172915 280.00021065429667 36.170364379882812 5.6180729866027832 34254
816 280.21019446517153 280.00021066059782 36.167186737060547 5.5992708206176758 34296
817 280.20960588441028 280.0002106668631 36.162605285644531 5.6118230819702148 34338
818 280.20902064975434 280.00021067309291 36.157081604003906 5.6147918701171875 34379
819 280.20843874162841 280.00021067928725 36.183490753173828 5.6103129386901855 34421
820 280.20786014057154 280.00021068544635 36.17010498046875 5.5948958396911621 34463
821 280.20728482723706 280.0002106915706 36.165000915527344 5.538020133972168 34505
822 280.20671278239155 280.0002106976599 36.168178558349609 5.6018218994140625 34547
823 280.20614398691419 280.0002107037148 36.168853759765625 5.6065101623535156 34589
824 280.20557842179659 280.00021070973503 36.169322967529297 5.6066150665283203 34631
825 280.20501606814122 280.00021071572121 36.182083129882812 5.6169271469116211 34673
826 280.20445690716173 280.00021072167345 36.176509857177734 5.5762500762939453 34715
827 280.20390092018175 280.00021072759182 36.167865753173828 5.5936460494995117 34757
828 280.20334808863413 280.00021073347671 36.171562194824219 5.6331768035888672 34799
829 280.20279839406084 280.00021073932828 36.178958892822266 5.5522909164428711 34841
830 280.20225181811179 280.00021074514643 36.172969818115234 5.612760066986084 34883
831 280.20170834254446 280.00021075093167 36.165626525878906 5.6183328628540039 34925
832 280.20116794922336 280.00021075668417 36.169895172119141 5.596613883972168 34967
833 280.20063062011911 280.00021076240392 36.166458129882812 5.5366659164428711 35008
834 280.20009633730797 280.00021076809122 36.168491363525391 5.6008338928222656 35050
835 280.1995650829715 280.00021077374652 36.167655944824219 5.557136058807373 35092
836 280.19903683939526 280.00021077936952 36.172084808349609 5.5827078819274902 35134
837 280.19851158896893 280.00021078496087 36.178646087646484 5.5872921943664551 35176
838 280.19798931418541 280.0002107905205 36.172031402587891 5.5818228721618652 35218
839 280.1974699976397 280.00021079604846 36.167655944824219 5.534480094909668 35260
840 280.19695362202947 280.00021080154528 36.173019409179688 5.5148439407348633 35302
841 280.19644017015338 280.00021080701077 36.165103912353516 5.5361461639404297 35343
842 280.19592962491089 280.00021081244557 36.173385620117188 5.5967698097229004 35385
843 280.19542196930183 280.00021081784956 36.163646697998047 5.6169271469116211 35427
844 280.19491718642541 280.00021082322274 36.164478302001953 5.5991659164428711 35469
845 280.19441525948014 280.00021082856586 36.152084350585938 5.5487499237060547 35511
846 280.19391617176291 280.00021083387855 36.162864685058594 5.5291662216186523 35553
847 280.19341990666828 280.0002108391613 36.162967681884766 5.6010408401489258 35595
848 280.19292644768836 280.00021084441408 36.170364379882812 5.538489818572998 35637
849 280.19243577841189 280.00021084963731 36.166145324707031 5.5963020324707031 35679
850 280.19194788252366 280.00021085483081 36.158592224121094 5.6269268989562988 35721
851 280.19146274380438 280.00021085999509 36.168853759765625 5.608489990234375 35763
852 280.19098034612944 280.00021086513016 36.167240142822266 5.5913019180297852 35805
853 280.19050067346893 280.00021087023617 36.168178558349609 5.5787501335144043 35847
854 280.19002370988693 280.00021087531366 36.159477233886719 5.5904169082641602 35888
855 280.1895494395406 280.00021088036198 36.167606353759766 5.6200518608093262 35930
856 280.18907784668022 280.00021088538222 36.173126220703125 5.5632290840148926 35972
857 280.18860891564816 280.00021089037375 36.173801422119141 5.6036458015441895 36014
858 280.18814263087876 280.00021089533743 36.165363311767578 5.5707812309265137 36056
859 280.18767897689736 280.00021090027298 36.166927337646484 5.591771125793457 36098
860 280.18721793832003 280.00021090518072 36.161979675292969 5.529634952545166 36140
861 280.186759499853 280.00021091006073 36.163436889648438 5.5960941314697266 36182
862 280.18630364629223 280.00021091491328 36.162914276123047 5.5309891700744629 36224
863 280.1858503625225 280.00021091973844 36.163074493408203 5.6097922325134277 36266
864 280.18539963351736 280.00021092453642 36.159114837646484 5.5828127861022949 36307
865 280.18495144433842 280.00021092930729 36.160781860351562 5.6432809829711914 36349
866 280.18450578013466 280.00021093405149 36.223178863525391 6.3208332061767578 36392
867 280.18406262614235 280.00021093876859 36.200103759765625 5.639531135559082 36434
868 280.18362196768391 280.00021094345942 36.176353454589844 5.6132287979125977 36476
869 280.18318379016813 280.00021094812377 36.170520782470703 5.6345310211181641 36518
870 280.18274807908892 280.0002109527619 36.192501068115234 5.6219282150268555 36560
871 280.18231482002557 280.00021095737384 36.175155639648438 5.6241140365600586 36602
872 280.18188399864147 280.00021096195991 36.170730590820312 5.5146870613098145 36644
873 280.18145560068444 280.00021096652023 36.165779113769531 5.5749478340148926 36686
874 280.18102961198554 280.00021097105474 36.167137145996094 5.8860421180725098 36729
875 280.18060601845883 280.00021097556379 36.189010620117188 5.5694789886474609 36770
876 280.18018480610101 280.00021098004777 36.194843292236328 5.5661978721618652 36812
877 280.17976596099078 280.00021098450623 36.16619873046875 5.5577597618103027 36854
878 280.17934946928852 280.00021098893984 36.165626525878906 5.5467710494995117 36896
879 280.17893531723558 280.00021099334839 36.159946441650391 5.5407290458679199 36938
880 280.1785234911539 280.00021099773227 36.171092987060547 5.605259895324707 36980
881 280.17811397744561 280.00021100209153 36.160625457763672 5.5506248474121094 37022
882 280.17770676259255 280.00021100642618 36.1636962890625 5.6076040267944336 37064
883 280.17730183315592 280.00021101073668 36.169322967529297 5.5788021087646484 37106
884 280.17689917577525 280.00021101502296 36.169685363769531 5.6022391319274902 37148
885 280.17649877716855 280.00021101928508 36.165157318115234 5.5503120422363281 37190
886 280.17610062413206 280.00021102352349 36.164115905761719 5.5478129386901855 37231
887 280.1757047035386 280.00021102773786 36.162189483642578 5.6017189025878906 37273
888 280.1753110023385 280.00021103192898 36.163490295410156 5.5426559448242188 37315
889 280.17491950755846 280.00021103609629 36.165729522705078 5.6014060974121094 37357
890 280.17453020630086 280.00021104024034 36.169998168945312 5.5947918891906738 37399
891 280.17414308574422 280.00021104436121 36.163436889648438 5.6113018989562988 37441
892 280.17375813314158 280.00021104845905 36.162448883056641 5.5970830917358398 37483
893 280.17337533582111 280.00021105253398 36.160625457763672 5.5798439979553223 37525
894 280.172994681185 280.0002110565859 36.158958435058594 5.579218864440918 37567
895 280.1726161567093 280.0002110606153 36.159793853759766 5.5816669464111328 37609
896 280.17223974994357 280.00021106462214 36.155624389648438 5.5836458206176758 37651
897 280.17186544851006 280.0002110686064 36.145885467529297 5.6157808303833008 37692
898 280.1714932401037 280.00021107256856 36.163387298583984 5.6070308685302734 37734
899 280.17112311249161 280.00021107650855 36.153385162353516 5.5456252098083496 37776
900 280.17075505351255 280.00021108042642 36.150466918945312 5.5412502288818359 37818
901 280.17038905107631 280.00021108432259 36.159061431884766 5.5230212211608887 37860
902 280.17002509316359 280.00021108819692 36.162448883056641 5.6183338165283203 37902
903 280.16966316782589 280.00021109204943 36.156509399414062 5.625363826751709 37944
904 280.16930326318413 280.00021109588079 36.1566162109375 5.5408329963684082 37986
905 280.16894536742939 280.00021109969043 36.153282165527344 5.6160941123962402 38028
906 280.16858946882144 280.00021110347899 36.154582977294922 5.6192708015441895 38070
907 280.16823555568914 280.00021110724629 36.156459808349609 5.6323962211608887 38112
908 280.16788361642983 280.00021111099272 36.157970428466797 5.5672402381896973 38153
909 280.16753363950852 280.00021111471818 36.150936126708984 5.6118230819702148 38195
910 280.16718561345795 280.0002111184229 36.163387298583984 5.6140108108520508 38237
911 280.16683952687805 280.00021112210692 36.158645629882812 5.6026558876037598 38279
912 280.16649536843556 280.00021112577042 36.151092529296875 5.5990099906921387 38321
913 280.16615312686361 280.00021112941351 36.150730133056641 5.6089057922363281 38363
914 280.16581279096124 280.00021113303654 36.160312652587891 5.6196870803833008 38405
915 280.16547434959341 280.00021113663911 36.159271240234375 5.6099481582641602 38447
916 280.1651377916898 280.00021114022178 36.165626525878906 5.5703120231628418 38489
917 280.1648031062457 280.00021114378438 36.157241821289062 5.580625057220459 38531
918 280.16447028232022 280.00021114732726 36.152240753173828 5.5140109062194824 38573
919 280.16413930903667 280.00021115085053 36.156925201416016 5.6068229675292969 38614
920 280.16381017558246 280.00021115435402 36.159793853759766 5.5251040458679199 38656
921 280.16348287120798 280.00021115783829 36.155052185058594 5.6061978340148926 38698
922 280.16315738522673 280.00021116130301 36.166561126708984 5.5949478149414062 38740
923 280.16283370701478 280.00021116474852 36.152500152587891 5.6340618133544922 38782
924 280.16251182601064 280.00021116817487 36.166145324707031 5.6023430824279785 38824
925 280.16219173171447 280.00021117158218 36.154220581054688 5.5957808494567871 38866
926 280.161873413688 280.00021117497073 36.142185211181641 5.5455207824707031 38908
927 280.16155686155406 280.00021117834046 36.157501220703125 5.606874942779541 38950
928 280.16124206499654 280.00021118169133 36.152290344238281 5.5232291221618652 38992
929 280.16092901375941 280.00021118502366 36.15234375 5.5923957824707031 39034
930 280.16061769764713 280.00021118833757 36.148593902587891 5.6020832061767578 39075
931 280.16030810652347 280.00021119163324 36.144062042236328 5.5701570510864258 39117
932 280.16000023031177 280.00021119491055 36.147811889648438 5.5068750381469727 39159
933 280.15969405899466 280.00021119816978 36.151615142822266 5.5334382057189941 39201
934 280.15938958261302 280.00021120141076 36.149894714355469 5.5252609252929688 39243
935 280.1590867912663 280.00021120463413 36.148906707763672 5.6110939979553223 39285
936 280.15878567511203 280.00021120783941 36.148281097412109 5.5407290458679199 39326
937 280.15848622436522 280.00021121102696 36.173488616943359 5.5972399711608887 39368
938 280.15818842929838 280.00021121419701 36.158645629882812 5.5761981010437012 39410
939 280.15789228024096 280.0002112173496 36.164218902587891 5.5819268226623535 39452
940 280.15759776757898 280.00021122048457 36.162029266357422 5.5461978912353516 39494
941 280.15730488175495 280.00021122360238 36.158332824707031 5.6181769371032715 39536
942 280.15701361326705 280.00021122670279 36.170677185058594 5.5899481773376465 39578
943 280.15672395266955 280.00021122978632 36.164741516113281 5.588749885559082 39620
944 280.15643589057186 280.00021123285262 36.163436889648438 5.5702080726623535 39662
945 280.15614941763829 280.00021123590221 36.16583251953125 5.6284370422363281 39704
946 280.15586452458808 280.00021123893464 36.168647766113281 5.5976037979125977 39746
947 280.1555812021947 280.00021124195075 36.156719207763672 5.5299482345581055 39788
948 280.15529944128565 280.00021124495004 36.164531707763672 5.5974478721618652 39829
949 280.15501923274229 280.00021124793284 36.168022155761719 5.6103639602661133 39871
950 280.1547405674994 280.00021125089916 36.170207977294922 5.5655732154846191 39913
951 280.15446343654463 280.00021125384927 36.16583251953125 5.5717182159423828 39955
952 280.15418783091877 280.00021125678307 36.1605224609375 5.611353874206543 39997
953 280.15391374171486 280.00021125970068 36.160209655761719 5.5538539886474609 40039
954 280.15364116007817 280.00021126260219 36.159217834472656 5.5972919464111328 40081
955 280.15337007720598 280.00021126548796 36.154060363769531 5.5451040267944336 40123
956 280.15310048434696 280.0002112683577 36.166770935058594 5.5900001525878906 40165
957 280.15283237280119 280.0002112712117 36.157135009765625 5.6210927963256836 40207
958 280.15256573391957 280.00021127405017 36.171821594238281 5.6026558876037598 40249
959 280.15230055910382 280.0002112768729 36.161716461181641 5.5846881866455078 40290
960 280.15203683980599 280.00021127968006 36.181041717529297 5.6067190170288086 40332
961 280.15177456752815 280.00021128247192 36.182811737060547 5.625521183013916 40374
962 280.15151373382218 280.00021128524861 36.158176422119141 5.5331249237060547 40416
963 280.15125433028959 280.00021128800978 36.176456451416016 5.5426559448242188 40458
964 280.15099634858092 280.00021129075606 36.172187805175781 5.5799999237060547 40500
965 280.15073978039555 280.0002112934871 36.165676116943359 5.5544791221618652 40542
966 280.15048461748182 280.00021129620325 36.165313720703125 5.5447402000427246 40584
967 280.15023085163619 280.00021129890484 36.169010162353516 5.5482292175292969 40626
968 280.14997847470306 280.00021130159126 36.167083740234375 5.5236978530883789 40668
969 280.14972747857485 280.00021130426313 36.160362243652344 5.5436458587646484 40710
970 280.14947785519144 280.00021130692028 36.164844512939453 5.5358338356018066 40752
971 280.14922959653978 280.00021130956304 36.170261383056641 5.5875000953674316 40793
972 280.14898269465385 280.00021131219108 36.168750762939453 5.5355210304260254 40835
973 280.14873714161439 280.00021131480509 36.164894104003906 5.5242710113525391 40877
974 280.1484929295483 280.00021131740476 36.167396545410156 5.5624480247497559 40919
975 280.14825005062903 280.00021131999011 36.166355133056641 5.5758848190307617 40961
976 280.14800849707535 280.00021132256154 36.15625 5.5242710113525391 41003
977 280.14776826115195 280.00021132511864 36.161041259765625 5.5980730056762695 41045
978 280.14752933516883 280.00021132766204 36.166664123535156 5.6102609634399414 41087
979 280.14729171148093 280.00021133019163 36.174480438232422 5.6025519371032715 41129
980 280.14705538248791 280.00021133270729 36.161769866943359 5.587864875793457 41170
981 280.14682034063418 280.00021133520926 36.173019409179688 5.5865621566772461 41212
982 280.14658657840835 280.00021133769758 36.176250457763672 5.5853118896484375 41254
983 280.14635408834289 280.00021134017231 36.166873931884766 5.5481247901916504 41296
984 280.14612286301411 280.00021134263397 36.171821594238281 5.5838022232055664 41338
985 280.14589289504181 280.00021134508177 36.169166564941406 5.5310420989990234 41380
986 280.14566417708903 280.0002113475166 36.166404724121094 6.6109380722045898 41423
987 280.1454367018618 280.0002113499379 36.24359130859375 5.7180719375610352 41465
988 280.14521046210893 280.00021135234618 36.191303253173828 5.6266670227050781 41507
989 280.14498545062156 280.00021135474145 36.177394866943359 5.6117711067199707 41549
990 280.14476166023314 280.00021135712365 36.172397613525391 5.6123428344726562 41591
991 280.14453908381921 280.00021135949299 36.175937652587891 5.6179690361022949 41633
992 280.1443177142969 280.00021136184938 36.175991058349609 5.5775518417358398 41675
993 280.1440975446248 280.00021136419304 36.175312042236328 5.6263542175292969 41717
994 280.14387856780303 280.00021136652413 36.166355133056641 5.6140098571777344 41759
995 280.14366077687242 280.00021136884249 36.183906555175781 5.6222400665283203 41801
996 280.14344416491457 280.00021137114834 36.168228149414062 5.6022920608520508 41843
997 280.14322872505181 280.00021137344169 36.158855438232422 5.6070308685302734 41885
998 280.14301445044669 280.00021137572264 36.161979675292969 5.5983858108520508 41927
999 280.14280133430174 280.00021137799115 36.163074493408203 5.5590620040893555 41969
1000 280.14258936985937 280.00021138024755 36.165573120117188 5.605781078338623 42011
