iteration internal-T external-T loop-time(ms) wall-time(ms)
0 300 280 5.56859 7
1 299.933 280 5.5801 14
2 299.868 280 5.55557 22
3 299.803 280 5.51479 29
4 299.739 280 5.53516 36
5 299.676 280 5.57953 44
6 299.613 280 5.57333 51
7 299.552 280 5.47188 58
8 299.491 280 5.51302 65
9 299.431 280 5.49583 73
10 299.371 280 5.54604 80
11 299.313 280 5.55245 87
12 299.255 280 5.5451 94
13 299.198 280 5.54651 102
14 299.141 280 5.55104 109
15 299.085 280 5.53766 116
16 299.03 280 5.52094 124
17 298.975 280 5.54396 131
18 298.921 280 5.49687 138
19 298.868 280 5.54255 145
20 298.815 280 5.50995 153
21 298.763 280 5.54536 160
22 298.711 280 5.49536 167
23 298.66 280 5.55937 174
24 298.609 280 5.53625 182
25 298.559 280 5.52229 189
26 298.51 280 5.55302 196
27 298.461 280 5.50412 203
28 298.412 280 5.52224 211
29 298.364 280 5.54042 218
30 298.316 280 5.53354 225
31 298.269 280 5.52276 232
32 298.222 280 5.49953 240
33 298.176 280 5.51615 247
34 298.13 280 5.55276 254
35 298.085 280 5.53672 261
36 298.04 280 5.47787 269
37 297.996 280 5.48641 276
38 297.951 280 5.54989 283
39 297.908 280 5.51286 290
40 297.864 280 5.54385 298
41 297.821 280 5.5025 305
42 297.779 280 5.54391 312
43 297.737 280 5.51609 319
44 297.695 280 5.5238 327
45 297.653 280 5.5488 334
46 297.612 280 5.55349 341
47 297.571 280 5.54104 348
48 297.531 280 5.4874 356
49 297.491 280 5.54047 363
50 297.451 280 5.5476 370
51 297.411 280 5.54594 377
52 297.372 280 5.54307 385
53 297.333 280 5.50323 392
54 297.295 280 5.52266 399
55 297.257 280 5.56156 406
56 297.219 280 5.53172 414
57 297.181 280 5.5488 421
58 297.144 280 5.49729 428
59 297.107 280 5.54865 435
60 297.07 280 5.53505 443
61 297.033 280 5.53422 450
62 296.997 280 5.52896 457
63 296.961 280 5.51021 465
64 296.925 280 5.56693 472
65 296.89 280 5.52568 479
66 296.854 280 5.54912 486
67 296.819 280 5.58693 494
68 296.784 280 5.53349 501
69 296.75 280 5.55021 508
70 296.716 280 5.50641 516
71 296.682 280 5.54318 523
72 296.648 280 5.55323 530
73 296.614 280 5.55484 537
74 296.581 280 5.54078 545
75 296.548 280 5.5324 552
76 296.515 280 5.51646 559
77 296.482 280 5.50385 566
78 296.449 280 5.55375 574
79 296.417 280 5.52396 581
80 296.385 280 5.53635 588
81 296.353 280 5.49844 595
82 296.321 280 5.53 603
83 296.29 280 5.55286 610
84 296.259 280 5.53604 617
85 296.228 280 5.53245 624
86 296.197 280 5.54245 632
87 296.166 280 5.53547 639
88 296.135 280 5.53312 646
89 296.105 280 5.53719 653
90 296.075 280 5.54969 661
91 296.045 280 5.52385 668
92 296.015 280 5.51489 675
93 295.985 280 5.53531 682
94 295.956 280 5.51036 690
95 295.926 280 5.54583 697
96 295.897 280 5.54979 704
97 295.868 280 5.52307 711
98 295.839 280 5.50307 719
99 295.81 280 5.53854 726
100 295.782 280 5.53401 733
101 295.753 280 5.52396 740
102 295.725 280 5.4875 748
103 295.697 280 5.55417 755
104 295.669 280 5.55646 762
105 295.641 280 5.5474 769
106 295.614 280 5.53781 777
107 295.586 280 5.57177 784
108 295.559 280 5.60578 792
109 295.532 280 5.5425 799
110 295.505 280 5.51734 806
111 295.478 280 5.50292 813
112 295.451 280 5.52917 821
113 295.424 280 5.51917 828
114 295.398 280 5.51276 835
115 295.371 280 5.54771 842
116 295.345 280 5.53016 850
117 295.319 280 5.52463 857
118 295.293 280 5.52276 864
119 295.267 280 5.52266 871
120 295.241 280 5.50901 879
121 295.215 280 5.82239 886
122 295.19 280 5.83922 894
123 295.164 280 5.64042 902
124 295.139 280 5.60115 909
125 295.114 280 5.6301 917
126 295.089 280 5.64854 924
127 295.064 280 6.02979 932
128 295.039 280 5.68219 940
129 295.015 280 5.60891 947
130 294.99 280 5.54318 954
131 294.965 280 5.545 962
132 294.941 280 5.57099 969
133 294.917 280 5.52479 976
134 294.893 280 5.54786 983
135 294.869 280 5.54203 991
136 294.845 280 5.53656 998
137 294.821 280 5.50536 1005
138 294.797 280 5.53932 1012
139 294.773 280 5.5013 1020
140 294.75 280 5.5176 1027
141 294.726 280 5.47787 1034
142 294.703 280 5.55688 1041
143 294.68 280 5.53818 1049
144 294.657 280 5.55875 1056
145 294.634 280 5.5124 1063
146 294.611 280 5.50042 1070
147 294.588 280 5.5526 1078
148 294.565 280 5.53766 1085
149 294.543 280 5.55604 1092
150 294.52 280 5.52823 1100
151 294.497 280 5.54109 1107
152 294.475 280 5.58687 1114
153 294.453 280 5.54088 1121
154 294.431 280 5.54073 1129
155 294.409 280 5.56141 1136
156 294.387 280 5.53406 1143
157 294.365 280 5.49177 1151
158 294.343 280 5.5424 1158
159 294.321 280 5.49687 1165
160 294.299 280 5.47474 1172
161 294.278 280 5.54458 1180
162 294.256 280 5.55062 1187
163 294.235 280 5.50807 1194
164 294.213 280 5.52463 1201
165 294.192 280 5.48438 1209
166 294.171 280 5.55771 1216
167 294.15 280 5.49359 1223
168 294.129 280 5.54891 1230
169 294.108 280 5.51385 1238
170 294.087 280 5.55396 1245
171 294.066 280 5.55016 1252
172 294.045 280 5.55266 1259
173 294.025 280 5.52156 1267
174 294.004 280 5.49083 1274
175 293.984 280 5.55328 1281
176 293.963 280 5.55464 1288
177 293.943 280 5.51203 1296
178 293.923 280 5.52531 1303
179 293.902 280 5.48099 1310
180 293.882 280 5.53146 1317
181 293.862 280 5.52088 1325
182 293.842 280 5.54797 1332
183 293.822 280 5.55323 1339
184 293.802 280 5.55469 1346
185 293.783 280 5.52839 1354
186 293.763 280 5.5087 1361
187 293.743 280 5.53188 1368
188 293.724 280 5.53464 1375
189 293.704 280 5.51609 1383
190 293.685 280 5.52708 1390
191 293.665 280 5.51583 1397
192 293.646 280 5.54328 1404
193 293.627 280 5.54589 1412
194 293.608 280 5.52318 1419
195 293.589 280 5.5362 1426
196 293.57 280 5.55104 1433
197 293.551 280 5.55917 1441
198 293.532 280 5.50958 1448
199 293.513 280 5.53979 1455
200 293.494 280 5.49787 1463
201 293.475 280 5.51974 1470
202 293.457 280 5.5625 1477
203 293.438 280 5.5563 1484
204 293.419 280 5.53698 1492
205 293.401 280 5.53031 1499
206 293.382 280 5.47312 1506
207 293.364 280 5.54651 1513
208 293.346 280 5.54083 1521
209 293.327 280 5.52776 1528
210 293.309 280 5.51766 1535
211 293.291 280 5.49797 1543
212 293.273 280 5.50677 1550
213 293.255 280 5.47057 1557
214 293.237 280 5.55026 1564
215 293.219 280 5.5301 1571
216 293.201 280 5.53948 1579
217 293.183 280 5.54354 1586
218 293.166 280 5.53714 1593
219 293.148 280 5.51656 1601
220 293.13 280 5.52495 1608
221 293.113 280 5.54458 1615
222 293.095 280 5.53724 1622
223 293.078 280 5.5301 1630
224 293.06 280 5.5499 1637
225 293.043 280 5.535 1644
226 293.026 280 5.5412 1651
227 293.008 280 5.52359 1659
228 292.991 280 5.5462 1666
229 292.974 280 5.54578 1673
230 292.957 280 5.48677 1680
231 292.94 280 5.5376 1688
232 292.923 280 5.54875 1695
233 292.906 280 5.56516 1702
234 292.889 280 5.52385 1709
235 292.872 280 5.52542 1717
236 292.855 280 5.54042 1724
237 292.838 280 5.54646 1731
238 292.821 280 5.54125 1738
239 292.805 280 5.52552 1746
240 292.788 280 5.53625 1753
241 292.772 280 5.54172 1760
242 292.755 280 5.50036 1767
243 292.738 280 5.55745 1775
244 292.722 280 5.53531 1782
245 292.706 280 5.5274 1789
246 292.689 280 5.55177 1797
247 292.673 280 5.51385 1804
248 292.657 280 5.55698 1811
249 292.64 280 5.46245 1818
250 292.624 280 5.5324 1826
251 292.608 280 5.5462 1833
252 292.592 280 5.5499 1840
253 292.576 280 5.53302 1847
254 292.56 280 5.51557 1855
255 292.544 280 5.53271 1862
256 292.528 280 5.50141 1869
257 292.512 280 5.48219 1876
258 292.496 280 5.55432 1884
259 292.481 280 5.48688 1891
260 292.465 280 5.55052 1898
261 292.449 280 5.54417 1905
262 292.434 280 5.53219 1913
263 292.418 280 5.49583 1920
264 292.402 280 5.5512 1927
265 292.387 280 5.55489 1934
266 292.371 280 5.50766 1942
267 292.356 280 5.5951 1949
268 292.34 280 5.65344 1956
269 292.325 280 5.52745 1964
270 292.31 280 5.56229 1971
271 292.294 280 5.54323 1978
272 292.279 280 5.52948 1986
273 292.264 280 5.56563 1993
274 292.249 280 5.49755 2000
275 292.234 280 5.48271 2007
276 292.219 280 5.50859 2015
277 292.204 280 5.53813 2022
278 292.189 280 5.52818 2029
279 292.174 280 5.49177 2036
280 292.159 280 5.52995 2043
281 292.144 280 5.50365 2051
282 292.129 280 5.5388 2058
283 292.114 280 5.53464 2065
284 292.099 280 5.50083 2072
285 292.084 280 5.54521 2080
286 292.07 280 5.51359 2087
287 292.055 280 5.53042 2094
288 292.04 280 5.53729 2101
289 292.026 280 5.57016 2109
290 292.011 280 5.5562 2116
291 291.997 280 5.49891 2123
292 291.982 280 5.55734 2131
293 291.968 280 5.51099 2138
294 291.953 280 5.54162 2145
295 291.939 280 5.5501 2152
296 291.925 280 5.54714 2160
297 291.91 280 5.48031 2167
298 291.896 280 5.47203 2174
299 291.882 280 5.51318 2181
300 291.867 280 5.54818 2189
301 291.853 280 5.53234 2196
302 291.839 280 5.53792 2203
303 291.825 280 5.53693 2210
304 291.811 280 5.56276 2218
305 291.797 280 5.54302 2225
306 291.783 280 5.50547 2232
307 291.769 280 5.51578 2240
308 291.755 280 5.50745 2247
309 291.741 280 5.49359 2254
310 291.727 280 5.49537 2261
311 291.713 280 5.5463 2268
312 291.699 280 5.54286 2276
313 291.686 280 5.54542 2283
314 291.672 280 5.54344 2290
315 291.658 280 5.54448 2298
316 291.644 280 5.51651 2305
317 291.631 280 5.5425 2312
318 291.617 280 5.54359 2319
319 291.604 280 5.50599 2327
320 291.59 280 5.54526 2334
321 291.576 280 5.55682 2341
322 291.563 280 5.52703 2348
323 291.549 280 5.51062 2356
324 291.536 280 5.53198 2363
325 291.523 280 5.53609 2370
326 291.509 280 5.50615 2377
327 291.496 280 5.55026 2385
328 291.483 280 5.53953 2392
329 291.469 280 5.55011 2399
330 291.456 280 5.55354 2406
331 291.443 280 5.55906 2414
332 291.43 280 5.53672 2421
333 291.416 280 5.53125 2428
334 291.403 280 5.52156 2436
335 291.39 280 5.51391 2443
336 291.377 280 5.50109 2450
337 291.364 280 5.54136 2457
338 291.351 280 5.53958 2465
339 291.338 280 5.51219 2472
340 291.325 280 5.53375 2479
341 291.312 280 5.5188 2486
342 291.299 280 5.48901 2493
343 291.286 280 5.54437 2501
344 291.273 280 5.52854 2508
345 291.261 280 5.46208 2515
346 291.248 280 5.54599 2522
347 291.235 280 5.48391 2530
348 291.222 280 5.49698 2537
349 291.21 280 5.52677 2544
350 291.197 280 5.54474 2551
351 291.184 280 5.55333 2559
352 291.171 280 5.47797 2566
353 291.159 280 5.55214 2573
354 291.146 280 5.47578 2580
355 291.134 280 5.55787 2588
356 291.121 280 5.47432 2595
357 291.109 280 5.54365 2602
358 291.096 280 5.53125 2609
359 291.084 280 5.57182 2617
360 291.071 280 5.50187 2624
361 291.059 280 5.55349 2631
362 291.047 280 5.49318 2638
363 291.034 280 5.5599 2646
364 291.022 280 5.56792 2653
365 291.01 280 5.55333 2660
366 290.997 280 5.53636 2668
367 290.985 280 5.55396 2675
368 290.973 280 5.54547 2682
369 290.961 280 5.53573 2689
370 290.948 280 5.50135 2697
371 290.936 280 5.55312 2704
372 290.924 280 5.53406 2711
373 290.912 280 5.47135 2718
374 290.9 280 5.50786 2726
375 290.888 280 5.5813 2733
376 290.876 280 5.50099 2740
377 290.864 280 5.52792 2747
378 290.852 280 5.53911 2755
379 290.84 280 5.53401 2762
380 290.828 280 5.53016 2769
381 290.816 280 5.5149 2776
382 290.804 280 5.5476 2784
383 290.792 280 5.55292 2791
384 290.781 280 5.49214 2798
385 290.769 280 5.50917 2805
386 290.757 280 5.5437 2813
387 290.745 280 5.53073 2820
388 290.734 280 5.49083 2827
389 290.722 280 5.4974 2834
390 290.71 280 5.5299 2842
391 290.698 280 5.52417 2849
392 290.687 280 5.54073 2856
393 290.675 280 5.54568 2863
394 290.664 280 5.51396 2871
395 290.652 280 5.55422 2878
396 290.641 280 5.55635 2885
397 290.629 280 5.56161 2892
398 290.617 280 5.49255 2900
399 290.606 280 5.55458 2907
400 290.595 280 5.50932 2914
401 290.583 280 5.56161 2922
402 290.572 280 5.61682 2929
403 290.56 280 5.54625 2936
404 290.549 280 5.49714 2944
405 290.538 280 5.50766 2951
406 290.526 280 5.49792 2958
407 290.515 280 5.54708 2965
408 290.504 280 5.52088 2973
409 290.492 280 5.52651 2980
410 290.481 280 5.56682 2987
411 290.47 280 5.56125 2995
412 290.459 280 5.53599 3002
413 290.447 280 5.54708 3009
414 290.436 280 5.50812 3016
415 290.425 280 5.52146 3024
416 290.414 280 5.51312 3031
417 290.403 280 5.52396 3038
418 290.392 280 5.48115 3045
419 290.381 280 5.50099 3052
420 290.37 280 5.54823 3060
421 290.359 280 5.5162 3067
422 290.348 280 5.51318 3074
423 290.337 280 5.51328 3081
424 290.326 280 5.49469 3089
425 290.315 280 5.5213 3096
426 290.304 280 5.53141 3103
427 290.293 280 5.54615 3110
428 290.282 280 5.52786 3118
429 290.271 280 5.5312 3125
430 290.261 280 5.55349 3132
431 290.25 280 5.54974 3140
432 290.239 280 5.51833 3147
433 290.228 280 5.54609 3154
434 290.217 280 5.53615 3161
435 290.207 280 5.52432 3169
436 290.196 280 5.53521 3176
437 290.185 280 5.53521 3183
438 290.175 280 5.53349 3190
439 290.164 280 5.50969 3198
440 290.153 280 5.5462 3205
441 290.143 280 5.52724 3212
442 290.132 280 5.48896 3219
443 290.122 280 5.53062 3227
444 290.111 280 5.50573 3234
445 290.1 280 5.50734 3241
446 290.09 280 5.53771 3248
447 290.079 280 5.52453 3256
448 290.069 280 5.55615 3263
449 290.059 280 5.52161 3270
450 290.048 280 5.53167 3277
451 290.038 280 5.52682 3285
452 290.027 280 5.53562 3292
453 290.017 280 5.5426 3299
454 290.006 280 5.53266 3306
455 289.996 280 5.51021 3314
456 289.986 280 5.53141 3321
457 289.975 280 5.47083 3328
458 289.965 280 5.52339 3335
459 289.955 280 5.54802 3343
460 289.945 280 5.52745 3350
461 289.934 280 5.53021 3357
462 289.924 280 5.54391 3364
463 289.914 280 5.53734 3372
464 289.904 280 5.54448 3379
465 289.894 280 5.54896 3386
466 289.883 280 5.50953 3393
467 289.873 280 5.53365 3401
468 289.863 280 5.56865 3408
469 289.853 280 5.55526 3415
470 289.843 280 5.52463 3423
471 289.833 280 5.55162 3430
472 289.823 280 5.52818 3437
473 289.813 280 5.63557 3445
474 289.803 280 6.19125 3453
475 289.793 280 6.49438 3462
476 289.783 280 5.89552 3470
477 289.773 280 6.14713 3478
478 289.763 280 5.85026 3486
479 289.753 280 6.14297 3495
480 289.743 280 5.75833 3502
481 289.733 280 5.64292 3510
482 289.723 280 5.6101 3517
483 289.713 280 5.56125 3524
484 289.704 280 5.49787 3532
485 289.694 280 5.48995 3539
486 289.684 280 5.54162 3546
487 289.674 280 5.54432 3553
488 289.664 280 5.52766 3561
489 289.655 280 5.52151 3568
490 289.645 280 5.50953 3575
491 289.635 280 5.50016 3582
492 289.625 280 5.53672 3590
493 289.616 280 5.55557 3597
494 289.606 280 5.5413 3604
495 289.596 280 5.57261 3612
496 289.587 280 5.51844 3619
497 289.577 280 5.5512 3626
498 289.567 280 5.51281 3633
499 289.558 280 5.54109 3641
500 289.548 280 5.50182 3648
501 289.539 280 5.50031 3655
502 289.529 280 5.50245 3662
503 289.52 280 5.49839 3670
504 289.51 280 5.50203 3677
505 289.501 280 5.53479 3684
506 289.491 280 5.4876 3691
507 289.482 280 5.49406 3698
508 289.472 280 5.5113 3706
509 289.463 280 5.51609 3713
510 289.453 280 5.52661 3720
511 289.444 280 5.55526 3728
512 289.434 280 5.54776 3735
513 289.425 280 5.52573 3742
514 289.416 280 5.54682 3749
515 289.406 280 5.50266 3756
516 289.397 280 5.50042 3764
517 289.388 280 5.56167 3771
518 289.378 280 5.52625 3778
519 289.369 280 5.51156 3786
520 289.36 280 5.50406 3793
521 289.351 280 5.5226 3800
522 289.341 280 5.55182 3807
523 289.332 280 5.58161 3815
524 289.323 280 5.79828 3823
525 289.314 280 5.99708 3831
526 289.305 280 5.63911 3838
527 289.295 280 5.53833 3846
528 289.286 280 5.52125 3853
529 289.277 280 5.48151 3860
530 289.268 280 5.54589 3867
531 289.259 280 5.5424 3875
532 289.25 280 5.55104 3882
533 289.241 280 5.49745 3889
534 289.232 280 5.5275 3896
535 289.222 280 5.55011 3904
536 289.213 280 5.52719 3911
537 289.204 280 5.54552 3918
538 289.195 280 5.52557 3925
539 289.186 280 5.5399 3933
540 289.177 280 5.55979 3940
541 289.168 280 5.53537 3947
542 289.159 280 5.52896 3954
543 289.151 280 5.5363 3962
544 289.142 280 5.56375 3969
545 289.133 280 5.48552 3976
546 289.124 280 5.54677 3983
547 289.115 280 5.53292 3991
548 289.106 280 5.53958 3998
549 289.097 280 5.4801 4005
550 289.088 280 5.52958 4012
551 289.079 280 5.53729 4020
552 289.071 280 5.54662 4027
553 289.062 280 5.54583 4034
554 289.053 280 5.53318 4041
555 289.044 280 5.53625 4049
556 289.035 280 5.52906 4056
557 289.027 280 5.53693 4063
558 289.018 280 5.55427 4070
559 289.009 280 5.55885 4078
560 289.001 280 5.54563 4085
561 288.992 280 5.55224 4092
562 288.983 280 5.50703 4100
563 288.974 280 5.53109 4107
564 288.966 280 5.52641 4114
565 288.957 280 5.51953 4121
566 288.949 280 5.5449 4129
567 288.94 280 5.5399 4136
568 288.931 280 5.54667 4143
569 288.923 280 5.53979 4150
570 288.914 280 5.53599 4158
571 288.906 280 5.5388 4165
572 288.897 280 5.57958 4172
573 288.888 280 5.54557 4179
574 288.88 280 5.54021 4187
575 288.871 280 5.54057 4194
576 288.863 280 5.51193 4201
577 288.854 280 5.53443 4209
578 288.846 280 5.53167 4216
579 288.837 280 5.55927 4223
580 288.829 280 5.56656 4231
581 288.821 280 5.49349 4238
582 288.812 280 5.4949 4245
583 288.804 280 5.53458 4252
584 288.795 280 5.54474 4259
585 288.787 280 5.54182 4267
586 288.779 280 5.54 4274
587 288.77 280 5.49427 4281
588 288.762 280 5.54609 4288
589 288.754 280 5.53344 4296
590 288.745 280 5.54995 4303
591 288.737 280 5.48896 4310
592 288.729 280 5.52802 4318
593 288.72 280 5.49 4325
594 288.712 280 5.54292 4332
595 288.704 280 5.52927 4339
596 288.695 280 5.53609 4346
597 288.687 280 5.52823 4354
598 288.679 280 5.4775 4361
599 288.671 280 5.49422 4368
600 288.663 280 5.53849 4376
601 288.654 280 5.54443 4383
602 288.646 280 5.54745 4390
603 288.638 280 5.52068 4397
604 288.63 280 5.5074 4405
605 288.622 280 5.485 4412
606 288.614 280 5.52203 4419
607 288.605 280 5.53901 4426
608 288.597 280 5.50484 4434
609 288.589 280 5.5537 4441
610 288.581 280 5.55531 4448
611 288.573 280 5.53078 4455
612 288.565 280 5.49271 4463
613 288.557 280 5.52563 4470
614 288.549 280 5.53073 4477
615 288.541 280 5.5325 4484
616 288.533 280 5.4999 4492
617 288.525 280 5.48693 4499
618 288.517 280 5.53464 4506
619 288.509 280 5.54865 4513
620 288.501 280 5.50766 4521
621 288.493 280 5.50958 4528
622 288.485 280 5.5212 4535
623 288.477 280 5.53505 4542
624 288.469 280 5.54109 4550
625 288.461 280 5.54328 4557
626 288.453 280 5.46885 4564
627 288.445 280 5.55594 4571
628 288.437 280 5.54286 4579
629 288.43 280 5.55599 4586
630 288.422 280 5.48901 4593
631 288.414 280 5.54323 4600
632 288.406 280 5.54547 4608
633 288.398 280 5.54495 4615
634 288.39 280 5.5226 4622
635 288.383 280 5.53047 4629
636 288.375 280 5.5163 4637
637 288.367 280 5.53484 4644
638 288.359 280 5.53917 4651
639 288.351 280 5.51651 4658
640 288.344 280 5.51318 4666
641 288.336 280 5.53099 4673
642 288.328 280 5.5451 4680
643 288.32 280 5.53943 4687
644 288.313 280 5.55396 4695
645 288.305 280 5.53438 4702
646 288.297 280 5.49375 4709
647 288.29 280 5.54313 4716
648 288.282 280 5.54412 4724
649 288.274 280 5.52901 4731
650 288.267 280 5.49932 4738
651 288.259 280 5.52662 4745
652 288.251 280 5.47906 4753
653 288.244 280 5.50917 4760
654 288.236 280 5.54047 4767
655 288.229 280 5.55182 4774
656 288.221 280 5.53464 4782
657 288.214 280 5.51672 4789
658 288.206 280 5.52865 4796
659 288.198 280 5.53271 4803
660 288.191 280 5.53109 4811
661 288.183 280 5.54286 4818
662 288.176 280 5.53969 4825
663 288.168 280 5.53547 4832
664 288.161 280 5.52146 4840
665 288.153 280 5.53547 4847
666 288.146 280 5.54391 4854
667 288.138 280 5.5462 4861
668 288.131 280 5.53323 4869
669 288.123 280 5.49271 4876
670 288.116 280 5.48479 4883
671 288.109 280 5.53786 4890
672 288.101 280 5.55896 4898
673 288.094 280 5.50672 4905
674 288.086 280 5.5351 4912
675 288.079 280 5.53271 4919
676 288.072 280 5.49859 4927
677 288.064 280 5.52844 4934
678 288.057 280 5.5274 4941
679 288.049 280 5.49719 4948
680 288.042 280 5.52812 4956
681 288.035 280 5.55047 4963
682 288.027 280 5.57625 4970
683 288.02 280 5.55807 4978
684 288.013 280 5.51927 4985
685 288.006 280 5.51338 4992
686 287.998 280 5.52729 4999
687 287.991 280 5.54281 5007
688 287.984 280 5.50656 5014
689 287.977 280 5.53844 5021
690 287.969 280 5.48516 5028
691 287.962 280 5.52844 5036
692 287.955 280 5.55578 5043
693 287.948 280 5.56901 5050
694 287.94 280 5.53792 5057
695 287.933 280 5.5463 5065
696 287.926 280 5.52703 5072
697 287.919 280 5.55537 5079
698 287.912 280 5.97474 5087
699 287.905 280 5.91068 5095
700 287.897 280 5.66156 5103
701 287.89 280 5.57688 5110
702 287.883 280 5.57094 5117
703 287.876 280 5.58505 5125
704 287.869 280 6.02802 5133
705 287.862 280 5.63786 5140
706 287.855 280 5.58771 5147
707 287.848 280 5.51911 5155
708 287.841 280 5.54745 5162
709 287.833 280 5.53312 5169
710 287.826 280 5.53875 5177
711 287.819 280 5.49609 5184
712 287.812 280 5.51729 5191
713 287.805 280 5.54135 5198
714 287.798 280 5.54698 5206
715 287.791 280 5.54224 5213
716 287.784 280 5.5375 5220
717 287.777 280 5.49771 5227
718 287.77 280 5.53021 5235
719 287.763 280 5.53661 5242
720 287.756 280 5.50286 5249
721 287.749 280 5.53646 5256
722 287.742 280 5.53479 5264
723 287.736 280 5.52542 5271
724 287.729 280 5.48823 5278
725 287.722 280 5.48167 5285
726 287.715 280 5.52755 5292
727 287.708 280 5.51432 5300
728 287.701 280 5.50901 5307
729 287.694 280 5.51094 5314
730 287.687 280 5.53995 5321
731 287.68 280 5.50875 5329
732 287.673 280 5.52901 5336
733 287.667 280 5.53838 5343
734 287.66 280 5.55516 5350
735 287.653 280 5.55401 5358
736 287.646 280 5.57036 5365
737 287.639 280 5.48938 5372
738 287.633 280 5.54151 5379
739 287.626 280 5.50109 5387
740 287.619 280 5.52974 5394
741 287.612 280 5.47318 5401
742 287.605 280 5.53036 5408
743 287.599 280 5.48641 5416
744 287.592 280 5.51458 5423
745 287.585 280 5.54 5430
746 287.578 280 5.49755 5437
747 287.572 280 5.50615 5445
748 287.565 280 5.52516 5452
749 287.558 280 5.54193 5459
750 287.552 280 5.55516 5466
751 287.545 280 5.53156 5474
752 287.538 280 5.52531 5481
753 287.531 280 5.51656 5488
754 287.525 280 5.51562 5495
755 287.518 280 5.51083 5502
756 287.512 280 5.55604 5510
757 287.505 280 5.51411 5517
758 287.498 280 5.51781 5524
759 287.492 280 5.54266 5531
760 287.485 280 5.50417 5539
761 287.478 280 5.52411 5546
762 287.472 280 5.54245 5553
763 287.465 280 5.4638 5560
764 287.459 280 5.51776 5568
765 287.452 280 5.48818 5575
766 287.445 280 5.55448 5582
767 287.439 280 5.55099 5589
768 287.432 280 5.55943 5597
769 287.426 280 5.54224 5604
770 287.419 280 5.53714 5611
771 287.413 280 5.53839 5618
772 287.406 280 5.52662 5626
773 287.4 280 5.50766 5633
774 287.393 280 5.4874 5640
775 287.387 280 5.50453 5647
776 287.38 280 5.50839 5655
777 287.374 280 5.50724 5662
778 287.367 280 5.53615 5669
779 287.361 280 5.5174 5676
780 287.354 280 5.53234 5684
781 287.348 280 5.52385 5691
782 287.341 280 5.52536 5698
783 287.335 280 5.51708 5705
784 287.329 280 5.5049 5712
785 287.322 280 5.53807 5720
786 287.316 280 5.54771 5727
787 287.309 280 5.53411 5734
788 287.303 280 5.49245 5741
789 287.297 280 5.53552 5749
790 287.29 280 5.54245 5756
791 287.284 280 5.49984 5763
792 287.277 280 5.52865 5770
793 287.271 280 5.5524 5778
794 287.265 280 5.5426 5785
795 287.258 280 5.52615 5792
796 287.252 280 5.53797 5799
797 287.246 280 5.48474 5807
798 287.239 280 5.54385 5814
799 287.233 280 5.53156 5821
800 287.227 280 5.54589 5829
801 287.221 280 5.55328 5836
802 287.214 280 5.55073 5843
803 287.208 280 5.53958 5850
804 287.202 280 5.53583 5858
805 287.195 280 5.53438 5865
806 287.189 280 5.51198 5872
807 287.183 280 5.49708 5879
808 287.177 280 5.52078 5887
809 287.17 280 5.54297 5894
810 287.164 280 5.5575 5901
811 287.158 280 5.55391 5908
812 287.152 280 5.47583 5916
813 287.146 280 5.57 5923
814 287.139 280 5.54344 5930
815 287.133 280 5.55552 5938
816 287.127 280 5.55213 5945
817 287.121 280 5.52818 5952
818 287.115 280 5.50922 5959
819 287.108 280 5.49672 5967
820 287.102 280 5.55047 5974
821 287.096 280 5.52557 5981
822 287.09 280 5.54906 5988
823 287.084 280 5.51797 5996
824 287.078 280 5.53203 6003
825 287.072 280 5.51906 6010
826 287.066 280 5.5487 6017
827 287.059 280 5.52005 6025
828 287.053 280 5.54042 6032
829 287.047 280 5.54021 6039
830 287.041 280 5.50839 6046
831 287.035 280 5.52161 6054
832 287.029 280 5.52422 6061
833 287.023 280 5.54187 6068
834 287.017 280 5.52115 6075
835 287.011 280 5.53886 6083
836 287.005 280 5.52917 6090
837 286.999 280 5.53635 6097
838 286.993 280 5.53245 6104
839 286.987 280 5.51438 6112
840 286.981 280 5.50344 6119
841 286.975 280 5.53302 6126
842 286.969 280 5.54417 6133
843 286.963 280 5.57208 6141
844 286.957 280 5.6163 6148
845 286.951 280 5.63479 6156
846 286.945 280 5.49995 6163
847 286.939 280 5.53365 6170
848 286.933 280 5.51562 6177
849 286.927 280 5.49354 6185
850 286.921 280 5.5338 6192
851 286.915 280 5.52401 6199
852 286.909 280 5.5425 6206
853 286.903 280 5.52823 6214
854 286.897 280 5.52708 6221
855 286.892 280 5.555 6228
856 286.886 280 5.53781 6235
857 286.88 280 5.53828 6243
858 286.874 280 5.5287 6250
859 286.868 280 5.50516 6257
860 286.862 280 5.55292 6264
861 286.856 280 5.54208 6272
862 286.85 280 5.5275 6279
863 286.845 280 5.55047 6286
864 286.839 280 5.54833 6294
865 286.833 280 5.5437 6301
866 286.827 280 5.53625 6308
867 286.821 280 5.52922 6315
868 286.815 280 5.53521 6323
869 286.81 280 5.50948 6330
870 286.804 280 5.46922 6337
871 286.798 280 5.52885 6344
872 286.792 280 5.53505 6352
873 286.786 280 5.53219 6359
874 286.781 280 5.54146 6366
875 286.775 280 5.53203 6374
876 286.769 280 5.50469 6381
877 286.763 280 5.52609 6388
878 286.758 280 5.53172 6395
879 286.752 280 5.52776 6403
880 286.746 280 5.56734 6410
881 286.74 280 5.55849 6417
882 286.735 280 5.53333 6424
883 286.729 280 5.55146 6432
884 286.723 280 5.54688 6439
885 286.717 280 5.54193 6446
886 286.712 280 5.53521 6454
887 286.706 280 5.55667 6461
888 286.7 280 5.48177 6468
889 286.695 280 5.49703 6475
890 286.689 280 5.52714 6482
891 286.683 280 5.54479 6490
892 286.678 280 5.54271 6497
893 286.672 280 5.52552 6504
894 286.666 280 5.54187 6512
895 286.661 280 5.50974 6519
896 286.655 280 5.51026 6526
897 286.649 280 5.48963 6533
898 286.644 280 5.5175 6540
899 286.638 280 5.50182 6548
900 286.633 280 5.50927 6555
901 286.627 280 5.55568 6562
902 286.621 280 5.55901 6569
903 286.616 280 5.52125 6577
904 286.61 280 5.54089 6584
905 286.605 280 5.54286 6591
906 286.599 280 5.53193 6598
907 286.594 280 5.52995 6606
908 286.588 280 5.53167 6613
909 286.582 280 5.54474 6620
910 286.577 280 5.52052 6627
911 286.571 280 5.52802 6635
912 286.566 280 5.55208 6642
913 286.56 280 5.52557 6649
914 286.555 280 5.52573 6656
915 286.549 280 5.55266 6664
916 286.544 280 5.5476 6671
917 286.538 280 5.49917 6678
918 286.533 280 5.51948 6685
919 286.527 280 5.55078 6693
920 286.522 280 5.49083 6700
921 286.516 280 5.50807 6707
922 286.511 280 5.58136 6715
923 286.505 280 5.55734 6722
924 286.5 280 5.55974 6729
925 286.494 280 5.53453 6737
926 286.489 280 5.47766 6744
927 286.483 280 5.53823 6751
928 286.478 280 5.53156 6758
929 286.473 280 5.55417 6766
930 286.467 280 5.6388 6773
931 286.462 280 5.595 6780
932 286.456 280 5.57974 6788
933 286.451 280 5.59906 6795
934 286.446 280 5.56177 6803
935 286.44 280 5.57505 6810
936 286.435 280 5.57094 6817
937 286.429 280 5.54182 6825
938 286.424 280 5.6025 6832
939 286.419 280 5.51766 6839
940 286.413 280 5.52208 6846
941 286.408 280 5.5374 6854
942 286.403 280 5.54708 6861
943 286.397 280 5.5424 6868
944 286.392 280 5.59766 6876
945 286.387 280 5.48172 6883
946 286.381 280 5.5401 6890
947 286.376 280 5.53365 6897
948 286.371 280 5.48734 6905
949 286.365 280 5.47635 6912
950 286.36 280 5.49839 6919
951 286.355 280 5.48568 6926
952 286.349 280 5.51385 6933
953 286.344 280 5.53875 6941
954 286.339 280 5.49099 6948
955 286.333 280 5.50354 6955
956 286.328 280 5.54281 6962
957 286.323 280 5.5162 6970
958 286.318 280 5.52339 6977
959 286.312 280 5.52307 6984
960 286.307 280 5.52651 6991
961 286.302 280 5.57047 6999
962 286.297 280 5.54125 7006
963 286.291 280 5.52344 7013
964 286.286 280 5.52292 7020
965 286.281 280 5.54031 7028
966 286.276 280 5.53276 7035
967 286.271 280 5.52068 7042
968 286.265 280 5.56078 7050
969 286.26 280 5.52974 7057
970 286.255 280 5.49016 7064
971 286.25 280 5.54156 7071
972 286.245 280 5.53161 7079
973 286.239 280 5.54542 7086
974 286.234 280 5.5026 7093
975 286.229 280 5.54505 7100
976 286.224 280 5.53276 7108
977 286.219 280 5.48891 7115
978 286.214 280 5.53745 7122
979 286.208 280 5.53865 7129
980 286.203 280 5.53974 7137
981 286.198 280 5.51 7144
982 286.193 280 5.54859 7151
983 286.188 280 5.53385 7158
984 286.183 280 5.53896 7166
985 286.178 280 5.53344 7173
986 286.173 280 5.5338 7180
987 286.167 280 5.54266 7187
988 286.162 280 5.48438 7195
989 286.157 280 5.55562 7202
990 286.152 280 5.51943 7209
991 286.147 280 5.48906 7216
992 286.142 280 5.52896 7224
993 286.137 280 5.50255 7231
994 286.132 280 5.52125 7238
995 286.127 280 5.50854 7245
996 286.122 280 5.5299 7253
997 286.117 280 5.55073 7260
998 286.112 280 5.5575 7267
999 286.107 280 5.53589 7274
1000 286.102 280 5.54286 7282
1001 286.097 280 5.53797 7289
1002 286.092 280 5.51896 7296
1003 286.087 280 5.49844 7304
1004 286.082 280 5.54688 7311
1005 286.077 280 5.54547 7318
1006 286.072 280 5.54552 7325
1007 286.067 280 5.54719 7333
1008 286.062 280 5.54568 7340
1009 286.057 280 5.5363 7347
1010 286.052 280 5.55391 7354
1011 286.047 280 5.55406 7362
1012 286.042 280 5.56812 7369
1013 286.037 280 5.58026 7376
1014 286.032 280 5.49495 7384
1015 286.027 280 5.51365 7391
1016 286.022 280 5.54677 7398
1017 286.017 280 5.52594 7405
1018 286.012 280 5.53974 7413
1019 286.007 280 5.50609 7420
1020 286.002 280 5.53703 7427
1021 285.997 280 5.54698 7435
1022 285.992 280 5.50615 7442
1023 285.987 280 5.49911 7449
1024 285.982 280 5.49333 7456
1025 285.978 280 5.49385 7463
1026 285.973 280 5.55318 7471
1027 285.968 280 5.51885 7478
1028 285.963 280 5.55542 7485
1029 285.958 280 5.52349 7492
1030 285.953 280 5.48885 7500
1031 285.948 280 5.5201 7507
1032 285.943 280 5.49844 7514
1033 285.939 280 5.53052 7521
1034 285.934 280 5.55109 7529
1035 285.929 280 5.54609 7536
1036 285.924 280 5.54495 7543
1037 285.919 280 5.52812 7550
1038 285.914 280 5.52047 7558
1039 285.909 280 5.5399 7565
1040 285.905 280 5.53391 7572
1041 285.9 280 5.51906 7579
1042 285.895 280 5.51167 7587
1043 285.89 280 5.48828 7594
1044 285.885 280 5.54037 7601
1045 285.881 280 5.53495 7608
1046 285.876 280 5.54646 7616
1047 285.871 280 5.5525 7623
1048 285.866 280 5.53333 7630
1049 285.861 280 5.53188 7637
1050 285.857 280 5.50693 7645
1051 285.852 280 5.5138 7652
1052 285.847 280 5.53854 7659
1053 285.842 280 5.55552 7667
1054 285.838 280 5.53448 7674
1055 285.833 280 5.52162 7681
1056 285.828 280 5.54828 7688
1057 285.823 280 5.52063 7696
1058 285.819 280 5.525 7703
1059 285.814 280 5.54182 7710
1060 285.809 280 5.5276 7717
1061 285.804 280 5.52854 7725
1062 285.8 280 5.55224 7732
1063 285.795 280 5.52844 7739
1064 285.79 280 5.55271 7746
1065 285.786 280 5.53609 7754
1066 285.781 280 5.52109 7761
1067 285.776 280 5.55068 7768
1068 285.771 280 5.55344 7775
1069 285.767 280 5.54432 7783
1070 285.762 280 5.54063 7790
1071 285.757 280 5.53568 7797
1072 285.753 280 5.50776 7804
1073 285.748 280 5.52859 7812
1074 285.743 280 5.53318 7819
1075 285.739 280 5.53849 7826
1076 285.734 280 5.55766 7833
1077 285.729 280 5.53255 7841
1078 285.725 280 5.51844 7848
1079 285.72 280 5.50953 7855
1080 285.716 280 5.51641 7862
1081 285.711 280 5.5588 7870
1082 285.706 280 5.53656 7877
1083 285.702 280 5.53833 7884
1084 285.697 280 5.54391 7891
1085 285.692 280 5.48042 7899
1086 285.688 280 5.50328 7906
1087 285.683 280 5.46396 7913
1088 285.679 280 5.52187 7920
1089 285.674 280 5.54807 7928
1090 285.669 280 5.48833 7935
1091 285.665 280 5.45495 7942
1092 285.66 280 5.49479 7949
1093 285.656 280 5.5537 7956
1094 285.651 280 5.49573 7964
1095 285.647 280 5.4913 7971
1096 285.642 280 5.50604 7978
1097 285.638 280 5.53156 7985
1098 285.633 280 5.53781 7993
1099 285.628 280 5.52198 8000
1100 285.624 280 5.50427 8007
1101 285.619 280 5.5326 8014
1102 285.615 280 5.51323 8022
1103 285.61 280 5.50667 8029
1104 285.606 280 5.51432 8036
1105 285.601 280 5.54448 8043
1106 285.597 280 5.54292 8051
1107 285.592 280 5.51667 8058
1108 285.588 280 5.49495 8065
1109 285.583 280 5.55042 8072
1110 285.579 280 5.49724 8080
1111 285.574 280 5.55422 8087
1112 285.57 280 5.54172 8094
1113 285.565 280 5.49458 8101
1114 285.561 280 5.51854 8108
1115 285.556 280 5.52151 8116
1116 285.552 280 5.5275 8123
1117 285.547 280 5.5401 8130
1118 285.543 280 5.53995 8138
1119 285.538 280 5.52229 8145
1120 285.534 280 5.53797 8152
1121 285.53 280 5.54818 8159
1122 285.525 280 5.53312 8167
1123 285.521 280 5.55787 8174
1124 285.516 280 5.53312 8181
1125 285.512 280 5.51438 8188
1126 285.507 280 5.54037 8196
1127 285.503 280 5.53161 8203
1128 285.499 280 5.5251 8210
1129 285.494 280 5.55823 8217
1130 285.49 280 5.5 8225
1131 285.485 280 5.54396 8232
1132 285.481 280 5.51766 8239
1133 285.477 280 5.54646 8246
1134 285.472 280 5.51833 8254
1135 285.468 280 5.52974 8261
1136 285.463 280 5.5437 8268
1137 285.459 280 5.54573 8275
1138 285.455 280 5.52135 8283
1139 285.45 280 5.52688 8290
1140 285.446 280 5.49328 8297
1141 285.442 280 5.5426 8304
1142 285.437 280 5.51729 8312
1143 285.433 280 5.56854 8319
1144 285.428 280 5.53703 8326
1145 285.424 280 5.54557 8334
1146 285.42 280 5.53589 8341
1147 285.415 280 5.55474 8348
1148 285.411 280 5.53651 8355
1149 285.407 280 5.54094 8363
1150 285.402 280 5.54448 8370
1151 285.398 280 5.55057 8377
1152 285.394 280 5.50224 8384
1153 285.39 280 5.59583 8392
1154 285.385 280 5.52891 8399
1155 285.381 280 5.5012 8406
1156 285.377 280 5.51302 8414
1157 285.372 280 5.49026 8421
1158 285.368 280 5.54208 8428
1159 285.364 280 5.5512 8435
1160 285.359 280 5.55776 8443
1161 285.355 280 5.53318 8450
1162 285.351 280 5.51974 8457
1163 285.347 280 5.5224 8464
1164 285.342 280 5.54682 8472
1165 285.338 280 5.5401 8479
1166 285.334 280 5.53328 8486
1167 285.33 280 5.50578 8493
1168 285.325 280 5.50604 8501
1169 285.321 280 5.56526 8508
1170 285.317 280 6.41484 8516
1171 285.313 280 6.16094 8525
1172 285.309 280 5.77906 8532
1173 285.304 280 6.05588 8541
1174 285.3 280 5.75578 8549
1175 285.296 280 6.30146 8557
1176 285.292 280 5.73292 8565
1177 285.287 280 5.56406 8572
1178 285.283 280 5.66187 8579
1179 285.279 280 5.53865 8587
1180 285.275 280 5.54646 8594
1181 285.271 280 5.54833 8601
1182 285.266 280 5.50901 8608
1183 285.262 280 5.54037 8616
1184 285.258 280 5.54359 8623
1185 285.254 280 5.51479 8630
1186 285.25 280 5.51708 8637
1187 285.246 280 5.49401 8645
1188 285.241 280 5.50641 8652
1189 285.237 280 5.48635 8659
1190 285.233 280 5.58365 8666
1191 285.229 280 5.62224 8674
1192 285.225 280 5.555 8681
1193 285.221 280 5.48292 8688
1194 285.216 280 5.51792 8696
1195 285.212 280 5.51458 8703
1196 285.208 280 5.53359 8710
1197 285.204 280 5.54349 8717
1198 285.2 280 5.52974 8725
1199 285.196 280 5.50213 8732
1200 285.192 280 5.48422 8739
1201 285.188 280 5.53964 8747
1202 285.183 280 5.55588 8754
1203 285.179 280 5.47526 8761
1204 285.175 280 5.54224 8768
1205 285.171 280 5.50266 8775
1206 285.167 280 5.54047 8783
1207 285.163 280 5.5425 8790
1208 285.159 280 5.54589 8797
1209 285.155 280 5.55906 8805
1210 285.151 280 5.56297 8812
1211 285.147 280 5.54167 8819
1212 285.143 280 5.54463 8826
1213 285.138 280 5.50182 8834
1214 285.134 280 5.54698 8841
1215 285.13 280 5.53719 8848
1216 285.126 280 5.53234 8855
1217 285.122 280 5.49146 8863
1218 285.118 280 5.54088 8870
1219 285.114 280 5.5538 8877
1220 285.11 280 5.78813 8885
1221 285.106 280 5.94 8893
1222 285.102 280 5.60151 8901
1223 285.098 280 5.50505 8908
1224 285.094 280 5.47318 8915
1225 285.09 280 5.55193 8922
1226 285.086 280 5.51198 8930
1227 285.082 280 5.4999 8937
1228 285.078 280 5.51359 8944
1229 285.074 280 5.535 8951
1230 285.07 280 5.5238 8959
1231 285.066 280 5.53026 8966
1232 285.062 280 5.53146 8973
1233 285.058 280 5.53406 8980
1234 285.054 280 5.57536 8988
1235 285.05 280 5.57031 8995
1236 285.046 280 5.5226 9002
1237 285.042 280 5.55766 9010
1238 285.038 280 5.54344 9017
1239 285.034 280 5.55594 9024
1240 285.03 280 5.5538 9032
1241 285.026 280 5.53578 9039
1242 285.022 280 5.53604 9046
1243 285.018 280 5.54552 9053
1244 285.014 280 5.53115 9061
1245 285.01 280 5.57688 9068
1246 285.006 280 5.52885 9075
1247 285.003 280 5.47901 9083
1248 284.999 280 5.56073 9090
1249 284.995 280 5.53948 9097
1250 284.991 280 5.53589 9104
1251 284.987 280 5.49609 9112
1252 284.983 280 5.54401 9119
1253 284.979 280 5.50469 9126
1254 284.975 280 5.54745 9133
1255 284.971 280 5.53964 9141
1256 284.967 280 5.53188 9148
1257 284.963 280 5.54161 9155
1258 284.959 280 5.54276 9162
1259 284.956 280 5.53287 9170
1260 284.952 280 5.53646 9177
1261 284.948 280 5.5301 9184
1262 284.944 280 5.51104 9191
1263 284.94 280 5.53385 9199
1264 284.936 280 5.49885 9206
1265 284.932 280 5.53203 9213
1266 284.928 280 5.53161 9220
1267 284.925 280 5.49849 9228
1268 284.921 280 5.52693 9235
1269 284.917 280 5.53927 9242
1270 284.913 280 5.56161 9249
1271 284.909 280 5.54938 9257
1272 284.905 280 5.53047 9264
1273 284.901 280 5.54682 9271
1274 284.898 280 5.52057 9278
1275 284.894 280 5.53115 9286
1276 284.89 280 5.54245 9293
1277 284.886 280 5.53635 9300
1278 284.882 280 5.54313 9307
1279 284.878 280 5.49849 9315
1280 284.875 280 5.54979 9322
1281 284.871 280 5.51135 9329
1282 284.867 280 5.48839 9336
1283 284.863 280 5.46484 9344
1284 284.859 280 5.49 9351
1285 284.856 280 5.54885 9358
1286 284.852 280 5.53135 9365
1287 284.848 280 5.53807 9373
1288 284.844 280 5.54323 9380
1289 284.84 280 5.54021 9387
1290 284.837 280 5.54125 9394
1291 284.833 280 5.55047 9402
1292 284.829 280 5.54359 9409
1293 284.825 280 5.52969 9416
1294 284.822 280 5.48792 9423
1295 284.818 280 5.55693 9431
1296 284.814 280 5.52536 9438
1297 284.81 280 5.54943 9445
1298 284.807 280 5.53177 9452
1299 284.803 280 5.53734 9460
1300 284.799 280 5.53771 9467
1301 284.795 280 5.53427 9474
1302 284.792 280 5.52948 9481
1303 284.788 280 5.5451 9489
1304 284.784 280 5.50761 9496
1305 284.78 280 5.5512 9503
1306 284.777 280 5.52417 9510
1307 284.773 280 5.56151 9518
1308 284.769 280 5.53068 9525
1309 284.765 280 5.50234 9532
1310 284.762 280 5.5413 9539
1311 284.758 280 5.5062 9547
1312 284.754 280 5.5188 9554
1313 284.751 280 5.53292 9561
1314 284.747 280 5.49031 9568
1315 284.743 280 5.5263 9576
1316 284.74 280 5.51969 9583
1317 284.736 280 5.55964 9590
1318 284.732 280 5.49776 9597
1319 284.728 280 5.53698 9605
1320 284.725 280 5.50057 9612
1321 284.721 280 5.52932 9619
1322 284.717 280 5.53641 9626
1323 284.714 280 5.55557 9634
1324 284.71 280 5.53391 9641
1325 284.706 280 5.49125 9648
1326 284.703 280 5.54677 9655
1327 284.699 280 5.52708 9663
1328 284.695 280 5.4938 9670
1329 284.692 280 5.49052 9677
1330 284.688 280 5.54365 9684
1331 284.685 280 5.52208 9692
1332 284.681 280 5.52974 9699
1333 284.677 280 5.53547 9706
1334 284.674 280 5.54911 9713
1335 284.67 280 5.50375 9721
1336 284.666 280 5.48839 9728
1337 284.663 280 5.54484 9735
1338 284.659 280 5.52995 9742
1339 284.655 280 5.54281 9750
1340 284.652 280 5.55802 9757
1341 284.648 280 5.4774 9764
1342 284.645 280 5.54089 9771
1343 284.641 280 5.48526 9779
1344 284.637 280 5.54031 9786
1345 284.634 280 5.55349 9793
1346 284.63 280 5.50818 9800
1347 284.627 280 5.54422 9808
1348 284.623 280 5.54458 9815
1349 284.62 280 5.51042 9822
1350 284.616 280 5.51964 9829
1351 284.612 280 5.5213 9837
1352 284.609 280 5.55438 9844
1353 284.605 280 5.54198 9851
1354 284.602 280 5.54693 9858
1355 284.598 280 5.50427 9866
1356 284.595 280 5.52516 9873
1357 284.591 280 5.51787 9880
1358 284.587 280 5.48042 9887
1359 284.584 280 5.49656 9894
1360 284.58 280 5.56016 9902
1361 284.577 280 5.4687 9909
1362 284.573 280 5.55927 9916
1363 284.57 280 5.50141 9923
1364 284.566 280 5.50453 9931
1365 284.563 280 5.51641 9938
1366 284.559 280 5.51948 9945
1367 284.556 280 5.52016 9952
1368 284.552 280 5.53354 9960
1369 284.548 280 5.50208 9967
1370 284.545 280 5.52917 9974
1371 284.541 280 5.51417 9981
1372 284.538 280 5.52849 9988
1373 284.534 280 5.52938 9996
1374 284.531 280 5.56812 10003
1375 284.527 280 5.53443 10010
1376 284.524 280 5.54364 10018
1377 284.52 280 5.54979 10025
1378 284.517 280 5.5326 10032
1379 284.513 280 5.53776 10039
1380 284.51 280 5.52839 10047
1381 284.506 280 5.54234 10054
1382 284.503 280 5.50151 10061
1383 284.5 280 5.52964 10068
1384 284.496 280 5.51005 10076
1385 284.493 280 5.50562 10083
1386 284.489 280 5.95802 10091
1387 284.486 280 5.95849 10098
1388 284.482 280 5.63625 10106
1389 284.479 280 5.5588 10113
1390 284.475 280 5.57943 10121
1391 284.472 280 5.61375 10128
1392 284.468 280 6.03266 10136
1393 284.465 280 5.64932 10143
1394 284.461 280 5.55229 10151
1395 284.458 280 5.55818 10158
1396 284.455 280 5.54542 10165
1397 284.451 280 5.52427 10173
1398 284.448 280 5.53328 10180
1399 284.444 280 5.53177 10187
1400 284.441 280 5.51984 10194
1401 284.437 280 5.58094 10202
1402 284.434 280 5.57432 10209
1403 284.431 280 5.49537 10216
1404 284.427 280 5.49719 10224
1405 284.424 280 5.5513 10231
1406 284.42 280 5.49656 10238
1407 284.417 280 5.51984 10245
1408 284.414 280 5.56568 10253
1409 284.41 280 5.54526 10260
1410 284.407 280 5.54557 10267
1411 284.403 280 5.51828 10274
1412 284.4 280 5.48266 10282
1413 284.397 280 5.55823 10289
1414 284.393 280 5.52604 10296
1415 284.39 280 5.55438 10303
1416 284.387 280 5.53021 10311
1417 284.383 280 5.49448 10318
1418 284.38 280 5.4875 10325
1419 284.376 280 5.52682 10332
1420 284.373 280 5.54339 10340
1421 284.37 280 5.5599 10347
1422 284.366 280 5.50437 10354
1423 284.363 280 5.49031 10361
1424 284.36 280 5.54 10369
1425 284.356 280 5.5425 10376
1426 284.353 280 5.49526 10383
1427 284.35 280 5.60375 10391
1428 284.346 280 5.59682 10398
1429 284.343 280 5.52958 10405
1430 284.34 280 5.5663 10413
1431 284.336 280 5.53219 10420
1432 284.333 280 5.49771 10427
1433 284.33 280 5.4738 10434
1434 284.326 280 5.53698 10442
1435 284.323 280 5.52203 10449
1436 284.32 280 5.51088 10456
1437 284.316 280 5.54865 10463
1438 284.313 280 5.54141 10471
1439 284.31 280 5.54865 10478
1440 284.306 280 5.49521 10485
1441 284.303 280 5.55917 10492
1442 284.3 280 5.47437 10500
1443 284.297 280 5.52943 10507
1444 284.293 280 5.57526 10514
1445 284.29 280 5.54042 10521
1446 284.287 280 5.55661 10529
1447 284.283 280 5.53208 10536
1448 284.28 280 5.53771 10543
1449 284.277 280 5.50213 10550
1450 284.274 280 5.52865 10558
1451 284.27 280 5.53693 10565
1452 284.267 280 5.51641 10572
1453 284.264 280 5.53406 10579
1454 284.26 280 5.53833 10587
1455 284.257 280 5.52927 10594
1456 284.254 280 5.51474 10601
1457 284.251 280 5.54885 10608
1458 284.247 280 5.5188 10616
1459 284.244 280 5.55406 10623
1460 284.241 280 5.5513 10630
1461 284.238 280 5.49531 10637
1462 284.234 280 5.52911 10645
1463 284.231 280 5.51161 10652
1464 284.228 280 5.54755 10659
1465 284.225 280 5.52875 10666
1466 284.221 280 5.53797 10674
1467 284.218 280 5.54177 10681
1468 284.215 280 5.51266 10688
1469 284.212 280 5.53734 10695
1470 284.209 280 5.54568 10703
1471 284.205 280 5.52693 10710
1472 284.202 280 5.52526 10717
1473 284.199 280 5.53287 10724
1474 284.196 280 5.55266 10732
1475 284.193 280 5.47599 10739
1476 284.189 280 5.53552 10746
1477 284.186 280 5.55302 10753
1478 284.183 280 5.52557 10761
1479 284.18 280 5.54114 10768
1480 284.177 280 5.52437 10775
1481 284.173 280 5.52745 10782
1482 284.17 280 5.52198 10790
1483 284.167 280 5.54448 10797
1484 284.164 280 5.50917 10804
1485 284.161 280 5.52672 10811
1486 284.157 280 5.49135 10819
1487 284.154 280 5.53635 10826
1488 284.151 280 5.53109 10833
1489 284.148 280 5.48927 10840
1490 284.145 280 5.53714 10847
1491 284.142 280 5.56068 10855
1492 284.138 280 5.52656 10862
1493 284.135 280 5.51896 10869
1494 284.132 280 5.53687 10876
1495 284.129 280 5.53745 10884
1496 284.126 280 5.53469 10891
1497 284.123 280 5.55167 10898
1498 284.12 280 5.55078 10906
1499 284.116 280 5.54313 10913
1500 284.113 280 5.54495 10920
1501 284.11 280 5.55083 10927
1502 284.107 280 5.52224 10935
1503 284.104 280 5.49417 10942
1504 284.101 280 5.50578 10949
1505 284.098 280 5.50573 10956
1506 284.095 280 5.54255 10964
1507 284.091 280 5.53667 10971
1508 284.088 280 5.53562 10978
1509 284.085 280 5.54807 10985
1510 284.082 280 5.53302 10993
1511 284.079 280 5.53833 11000
1512 284.076 280 5.5526 11007
1513 284.073 280 5.51995 11014
1514 284.07 280 5.54583 11022
1515 284.067 280 5.5012 11029
1516 284.064 280 5.55151 11036
1517 284.06 280 5.54073 11043
1518 284.057 280 5.51198 11051
1519 284.054 280 5.53422 11058
1520 284.051 280 5.53328 11065
1521 284.048 280 5.54927 11072
1522 284.045 280 5.51818 11080
1523 284.042 280 5.49109 11087
1524 284.039 280 5.49568 11094
1525 284.036 280 5.53859 11101
1526 284.033 280 5.53089 11109
1527 284.03 280 5.49531 11116
1528 284.027 280 5.49078 11123
1529 284.024 280 5.49161 11130
1530 284.02 280 5.47411 11137
1531 284.017 280 5.53323 11145
1532 284.014 280 5.57943 11152
1533 284.011 280 5.57318 11159
1534 284.008 280 5.56297 11167
1535 284.005 280 5.52688 11174
1536 284.002 280 5.48469 11181
1537 283.999 280 5.53828 11188
1538 283.996 280 5.55323 11196
1539 283.993 280 5.53771 11203
1540 283.99 280 5.54307 11210
1541 283.987 280 5.50891 11217
1542 283.984 280 5.47995 11225
1543 283.981 280 5.52484 11232
1544 283.978 280 5.51588 11239
1545 283.975 280 5.54286 11246
1546 283.972 280 5.50141 11254
1547 283.969 280 5.52141 11261
1548 283.966 280 5.5337 11268
1549 283.963 280 5.49203 11275
1550 283.96 280 5.54359 11283
1551 283.957 280 5.52115 11290
1552 283.954 280 5.50906 11297
1553 283.951 280 5.50682 11304
1554 283.948 280 5.53818 11312
1555 283.945 280 5.54187 11319
1556 283.942 280 5.53318 11326
1557 283.939 280 5.52641 11333
1558 283.936 280 5.55344 11341
1559 283.933 280 5.52495 11348
1560 283.93 280 5.50484 11355
1561 283.927 280 5.5338 11362
1562 283.924 280 5.5374 11370
1563 283.921 280 5.54911 11377
1564 283.918 280 5.51995 11384
1565 283.915 280 5.52396 11391
1566 283.912 280 5.49687 11399
1567 283.909 280 5.48151 11406
1568 283.906 280 5.50495 11413
1569 283.903 280 5.54859 11420
1570 283.9 280 5.50495 11428
1571 283.897 280 5.52448 11435
1572 283.894 280 5.54016 11442
1573 283.892 280 5.5 11449
1574 283.889 280 5.525 11457
1575 283.886 280 5.51974 11464
1576 283.883 280 5.53703 11471
1577 283.88 280 5.50516 11478
1578 283.877 280 5.53891 11485
1579 283.874 280 5.57484 11493
1580 283.871 280 5.52833 11500
1581 283.868 280 5.5149 11507
1582 283.865 280 5.55255 11515
1583 283.862 280 5.53609 11522
1584 283.859 280 5.47422 11529
1585 283.856 280 5.51198 11536
1586 283.853 280 5.51271 11543
1587 283.851 280 5.50344 11551
1588 283.848 280 5.48891 11558
1589 283.845 280 5.50672 11565
1590 283.842 280 5.53438 11572
1591 283.839 280 5.57286 11580
1592 283.836 280 5.52552 11587
1593 283.833 280 5.52417 11594
1594 283.83 280 5.49568 11601
1595 283.827 280 5.54073 11609
1596 283.824 280 5.5574 11616
1597 283.822 280 5.5538 11623
1598 283.819 280 5.54005 11630
1599 283.816 280 5.53344 11638
1600 283.813 280 5.54333 11645
1601 283.81 280 5.50693 11652
1602 283.807 280 5.51021 11660
1603 283.804 280 5.54771 11667
1604 283.801 280 5.49089 11674
1605 283.799 280 5.53198 11681
1606 283.796 280 5.5474 11689
1607 283.793 280 5.54969 11696
1608 283.79 280 5.49328 11703
1609 283.787 280 5.54526 11710
1610 283.784 280 5.5462 11718
1611 283.781 280 5.50958 11725
1612 283.779 280 5.54984 11732
1613 283.776 280 5.53838 11739
1614 283.773 280 5.55615 11747
1615 283.77 280 5.53948 11754
1616 283.767 280 5.54391 11761
1617 283.764 280 5.51745 11768
1618 283.762 280 5.52469 11776
1619 283.759 280 5.53073 11783
1620 283.756 280 5.54635 11790
1621 283.753 280 5.50885 11797
1622 283.75 280 5.50875 11805
1623 283.747 280 5.52224 11812
1624 283.745 280 5.50073 11819
1625 283.742 280 5.51495 11826
1626 283.739 280 5.52891 11834
1627 283.736 280 5.53156 11841
1628 283.733 280 5.54713 11848
1629 283.73 280 5.51349 11855
1630 283.728 280 5.4901 11862
1631 283.725 280 5.53411 11870
1632 283.722 280 5.49693 11877
1633 283.719 280 5.54052 11884
1634 283.716 280 5.54854 11891
1635 283.714 280 5.49714 11899
1636 283.711 280 5.51932 11906
1637 283.708 280 5.52953 11913
1638 283.705 280 5.53099 11920
1639 283.703 280 5.53771 11928
1640 283.7 280 5.53635 11935
1641 283.697 280 5.54812 11942
1642 283.694 280 5.52974 11949
1643 283.691 280 5.55276 11957
1644 283.689 280 5.53901 11964
1645 283.686 280 5.52333 11971
1646 283.683 280 5.51672 11978
1647 283.68 280 5.52146 11986
1648 283.677 280 5.52917 11993
1649 283.675 280 5.52786 12000
1650 283.672 280 5.50839 12007
1651 283.669 280 5.54234 12015
1652 283.667 280 5.53667 12022
1653 283.664 280 5.48912 12029
1654 283.661 280 5.50203 12036
1655 283.658 280 5.52724 12044
1656 283.655 280 5.5512 12051
1657 283.653 280 5.54203 12058
1658 283.65 280 5.53734 12065
1659 283.647 280 5.5387 12073
1660 283.645 280 5.50453 12080
1661 283.642 280 5.5049 12087
1662 283.639 280 5.49667 12094
1663 283.636 280 5.50141 12102
1664 283.634 280 5.50354 12109
1665 283.631 280 5.51911 12116
1666 283.628 280 5.50682 12123
1667 283.625 280 5.53771 12130
1668 283.623 280 5.54385 12138
1669 283.62 280 5.55729 12145
1670 283.617 280 5.5313 12152
1671 283.615 280 5.54713 12160
1672 283.612 280 5.52563 12167
1673 283.609 280 5.545 12174
1674 283.606 280 5.53958 12181
1675 283.604 280 5.47167 12188
1676 283.601 280 5.51943 12196
1677 283.598 280 5.51318 12203
1678 283.596 280 5.52984 12210
1679 283.593 280 5.54229 12217
1680 283.59 280 5.53338 12225
1681 283.588 280 5.48177 12232
1682 283.585 280 5.52 12239
1683 283.582 280 5.54042 12246
1684 283.579 280 5.56214 12254
1685 283.577 280 5.49641 12261
1686 283.574 280 5.53411 12268
1687 283.571 280 5.48427 12276
1688 283.569 280 5.48724 12283
1689 283.566 280 5.49354 12290
1690 283.563 280 5.52964 12297
1691 283.561 280 5.5626 12304
1692 283.558 280 5.53818 12312
1693 283.555 280 5.54557 12319
1694 283.553 280 5.56771 12326
1695 283.55 280 5.58156 12334
1696 283.547 280 5.54563 12341
1697 283.545 280 5.51698 12348
1698 283.542 280 5.55083 12355
1699 283.539 280 5.54458 12363
1700 283.537 280 5.52177 12370
1701 283.534 280 5.51214 12377
1702 283.532 280 5.50437 12384
1703 283.529 280 5.54802 12392
1704 283.526 280 5.51167 12399
1705 283.524 280 5.52688 12406
1706 283.521 280 5.53219 12414
1707 283.518 280 5.50234 12421
1708 283.516 280 5.52443 12428
1709 283.513 280 5.54708 12435
1710 283.51 280 5.49495 12442
1711 283.508 280 5.55776 12450
1712 283.505 280 5.51099 12457
1713 283.503 280 5.52828 12464
1714 283.5 280 5.49411 12471
1715 283.497 280 5.54635 12479
1716 283.495 280 5.55234 12486
1717 283.492 280 5.53526 12493
1718 283.49 280 5.5026 12500
1719 283.487 280 5.53083 12508
1720 283.484 280 5.56698 12515
1721 283.482 280 5.54526 12522
1722 283.479 280 5.50589 12530
1723 283.477 280 5.50114 12537
1724 283.474 280 5.54135 12544
1725 283.471 280 5.51641 12551
1726 283.469 280 5.54266 12558
1727 283.466 280 5.53234 12566
1728 283.464 280 5.51234 12573
1729 283.461 280 5.54547 12580
1730 283.458 280 5.49974 12587
1731 283.456 280 5.5663 12595
1732 283.453 280 5.54286 12602
1733 283.451 280 5.5437 12609
1734 283.448 280 5.51604 12617
1735 283.446 280 5.55917 12624
1736 283.443 280 5.48344 12631
1737 283.44 280 5.49646 12638
1738 283.438 280 5.5551 12646
1739 283.435 280 5.53391 12653
1740 283.433 280 5.50057 12660
1741 283.43 280 5.49537 12667
1742 283.428 280 5.52365 12674
1743 283.425 280 5.54807 12682
1744 283.422 280 5.54713 12689
1745 283.42 280 5.54693 12696
1746 283.417 280 5.56302 12704
1747 283.415 280 5.49604 12711
1748 283.412 280 5.5413 12718
1749 283.41 280 5.53516 12725
1750 283.407 280 5.48875 12733
1751 283.405 280 5.53193 12740
1752 283.402 280 5.55896 12747
1753 283.4 280 5.5375 12754
1754 283.397 280 5.54792 12762
1755 283.395 280 5.53219 12769
1756 283.392 280 5.53885 12776
1757 283.389 280 5.53838 12783
1758 283.387 280 5.47172 12791
1759 283.384 280 5.52969 12798
1760 283.382 280 5.49448 12805
1761 283.379 280 5.50187 12812
1762 283.377 280 5.47401 12819
1763 283.374 280 5.53385 12827
1764 283.372 280 5.51547 12834
1765 283.369 280 5.54677 12841
1766 283.367 280 5.53432 12848
1767 283.364 280 5.50583 12856
1768 283.362 280 5.54771 12863
1769 283.359 280 5.53073 12870
1770 283.357 280 5.53927 12877
1771 283.354 280 5.50656 12885
1772 283.352 280 5.53297 12892
1773 283.349 280 5.54943 12899
1774 283.347 280 5.51828 12906
1775 283.344 280 5.53115 12914
1776 283.342 280 5.56089 12921
1777 283.339 280 5.52719 12928
1778 283.337 280 5.53516 12936
1779 283.334 280 5.54865 12943
1780 283.332 280 5.53208 12950
1781 283.329 280 5.54557 12957
1782 283.327 280 5.54193 12965
1783 283.324 280 5.5412 12972
1784 283.322 280 5.48865 12979
1785 283.32 280 5.54484 12986
1786 283.317 280 5.54578 12994
1787 283.315 280 5.5163 13001
1788 283.312 280 5.53156 13008
1789 283.31 280 5.47948 13015
1790 283.307 280 5.52078 13023
1791 283.305 280 5.54604 13030
1792 283.302 280 5.5362 13037
1793 283.3 280 5.54646 13044
1794 283.297 280 5.54406 13052
1795 283.295 280 5.53406 13059
1796 283.293 280 5.53271 13066
1797 283.29 280 5.48573 13073
1798 283.288 280 5.55432 13081
1799 283.285 280 5.55245 13088
1800 283.283 280 5.55036 13095
1801 283.28 280 5.55688 13103
1802 283.278 280 5.54646 13110
1803 283.275 280 5.48542 13117
1804 283.273 280 5.51698 13124
1805 283.271 280 5.52745 13132
1806 283.268 280 5.5401 13139
1807 283.266 280 5.55036 13146
1808 283.263 280 5.53865 13153
1809 283.261 280 5.49464 13161
1810 283.258 280 5.50963 13168
1811 283.256 280 5.49016 13175
1812 283.254 280 5.54615 13182
1813 283.251 280 5.52068 13190
1814 283.249 280 5.5376 13197
1815 283.246 280 5.54068 13204
1816 283.244 280 5.48151 13211
1817 283.242 280 5.52724 13219
1818 283.239 280 5.54573 13226
1819 283.237 280 5.52417 13233
1820 283.234 280 5.52885 13240
1821 283.232 280 5.53109 13248
1822 283.23 280 5.54203 13255
1823 283.227 280 5.52339 13262
1824 283.225 280 5.53427 13269
1825 283.222 280 5.53151 13277
1826 283.22 280 5.4938 13284
1827 283.218 280 5.52333 13291
1828 283.215 280 5.53542 13298
1829 283.213 280 5.52781 13306
1830 283.21 280 5.49937 13313
1831 283.208 280 5.52833 13320
1832 283.206 280 5.52109 13327
1833 283.203 280 5.52547 13334
1834 283.201 280 5.47646 13342
1835 283.199 280 5.52021 13349
1836 283.196 280 5.54146 13356
1837 283.194 280 5.50536 13363
1838 283.191 280 5.48797 13371
1839 283.189 280 5.56115 13378
1840 283.187 280 5.54088 13385
1841 283.184 280 5.49948 13392
1842 283.182 280 5.54495 13400
1843 283.18 280 5.50807 13407
1844 283.177 280 5.5151 13414
1845 283.175 280 5.50302 13421
1846 283.173 280 5.47344 13429
1847 283.17 280 5.49224 13436
1848 283.168 280 5.53302 13443
1849 283.166 280 5.48729 13450
1850 283.163 280 5.49849 13457
1851 283.161 280 5.55708 13465
1852 283.159 280 5.54344 13472
1853 283.156 280 5.55432 13479
1854 283.154 280 5.52557 13486
1855 283.152 280 5.53255 13494
1856 283.149 280 5.52589 13501
1857 283.147 280 5.55672 13508
1858 283.145 280 5.53156 13515
1859 283.142 280 5.52865 13523
1860 283.14 280 5.52417 13530
1861 283.138 280 5.54547 13537
1862 283.135 280 5.54713 13544
1863 283.133 280 5.49807 13552
1864 283.131 280 5.55495 13559
1865 283.128 280 5.5187 13566
1866 283.126 280 5.85625 13574
1867 283.124 280 5.90974 13582
1868 283.121 280 6.39552 13590
1869 283.119 280 5.69286 13598
1870 283.117 280 6.44672 13606
1871 283.114 280 6.14865 13615
1872 283.112 280 5.8138 13623
1873 283.11 280 5.6625 13630
1874 283.108 280 5.62031 13637
1875 283.105 280 5.49375 13645
1876 283.103 280 5.54297 13652
1877 283.101 280 5.52547 13659
1878 283.098 280 5.51958 13667
1879 283.096 280 5.5299 13674
1880 283.094 280 5.52682 13681
1881 283.092 280 5.55193 13688
1882 283.089 280 5.53531 13695
1883 283.087 280 5.53813 13703
1884 283.085 280 5.49271 13710
1885 283.082 280 5.54229 13717
1886 283.08 280 5.50776 13724
1887 283.078 280 5.61953 13732
1888 283.076 280 5.60255 13739
1889 283.073 280 5.50568 13747
1890 283.071 280 5.52396 13754
1891 283.069 280 5.48463 13761
1892 283.066 280 5.49214 13768
1893 283.064 280 5.49453 13775
1894 283.062 280 5.54375 13783
1895 283.06 280 5.53292 13790
1896 283.057 280 5.54651 13797
1897 283.055 280 5.56443 13805
1898 283.053 280 5.50807 13812
1899 283.051 280 5.55464 13819
1900 283.048 280 5.53937 13826
1901 283.046 280 5.55203 13834
1902 283.044 280 5.52047 13841
1903 283.042 280 5.54422 13848
1904 283.039 280 5.52437 13855
1905 283.037 280 5.54406 13863
1906 283.035 280 5.53578 13870
1907 283.033 280 5.52089 13877
1908 283.03 280 5.53406 13884
1909 283.028 280 5.51776 13892
1910 283.026 280 5.52812 13899
1911 283.024 280 5.53594 13906
1912 283.022 280 5.48979 13913
1913 283.019 280 5.53338 13921
1914 283.017 280 5.54615 13928
1915 283.015 280 5.56255 13935
1916 283.013 280 5.55432 13942
1917 283.01 280 6.19719 13951
1918 283.008 280 5.74969 13959
1919 283.006 280 5.6 13966
1920 283.004 280 5.50589 13973
1921 283.002 280 5.55688 13981
1922 282.999 280 5.49505 13988
1923 282.997 280 5.55109 13995
1924 282.995 280 5.51906 14002
1925 282.993 280 5.53276 14010
1926 282.991 280 5.50021 14017
1927 282.988 280 5.50375 14024
1928 282.986 280 5.52177 14031
1929 282.984 280 5.53922 14038
1930 282.982 280 5.54979 14046
1931 282.979 280 5.52844 14053
1932 282.977 280 5.55255 14060
1933 282.975 280 5.53229 14068
1934 282.973 280 5.52641 14075
1935 282.971 280 5.5663 14082
1936 282.969 280 5.53667 14089
1937 282.966 280 5.54755 14097
1938 282.964 280 5.47547 14104
1939 282.962 280 5.54463 14111
1940 282.96 280 5.49458 14118
1941 282.958 280 5.47714 14125
1942 282.956 280 5.5462 14133
1943 282.953 280 5.52917 14140
1944 282.951 280 5.53922 14147
1945 282.949 280 5.49937 14155
1946 282.947 280 5.49969 14162
1947 282.945 280 5.53672 14169
1948 282.942 280 5.55911 14176
1949 282.94 280 5.54276 14184
1950 282.938 280 5.51292 14191
1951 282.936 280 5.51458 14198
1952 282.934 280 5.50318 14205
1953 282.932 280 5.49609 14213
1954 282.93 280 5.54401 14220
1955 282.927 280 5.52437 14227
1956 282.925 280 5.54359 14234
1957 282.923 280 5.5337 14242
1958 282.921 280 5.56198 14249
1959 282.919 280 5.54276 14256
1960 282.917 280 5.55286 14263
1961 282.914 280 5.57943 14271
1962 282.912 280 5.52927 14278
1963 282.91 280 5.49776 14285
1964 282.908 280 5.53943 14293
1965 282.906 280 5.53792 14300
1966 282.904 280 5.4926 14307
1967 282.902 280 5.54307 14314
1968 282.9 280 5.47776 14321
1969 282.897 280 5.55729 14329
1970 282.895 280 5.53729 14336
1971 282.893 280 5.55281 14343
1972 282.891 280 5.505 14351
1973 282.889 280 5.49615 14358
1974 282.887 280 5.55109 14365
1975 282.885 280 5.54224 14372
1976 282.883 280 5.54724 14380
1977 282.88 280 5.54052 14387
1978 282.878 280 5.53953 14394
1979 282.876 280 5.54031 14401
1980 282.874 280 5.50406 14409
1981 282.872 280 5.50578 14416
1982 282.87 280 5.5724 14423
1983 282.868 280 5.54974 14430
1984 282.866 280 5.50219 14438
1985 282.863 280 5.51823 14445
1986 282.861 280 5.51969 14452
1987 282.859 280 5.52573 14459
1988 282.857 280 5.52891 14467
1989 282.855 280 5.54786 14474
1990 282.853 280 5.54552 14481
1991 282.851 280 5.49391 14488
1992 282.849 280 5.51005 14496
1993 282.847 280 5.53115 14503
1994 282.845 280 5.53651 14510
1995 282.843 280 5.55162 14517
1996 282.841 280 5.54245 14525
1997 282.838 280 5.51443 14532
1998 282.836 280 5.54839 14539
1999 282.834 280 5.5488 14546
2000 282.832 280 5.53573 14554
