iteration internal-T external-T loop-time(ms) calcT-time(ms) wall-time(ms)
0 300 280 92.006355285644531 14.589479446411133 106
1 299.52941176470586 280.0000049771603 91.979690551757812 14.566875457763672 213
2 299.12903123746594 280.00000921177121 91.93927001953125 14.736874580383301 320
3 298.77909166431755 280.00001291289522 91.891403198242188 14.843957901000977 427
4 298.46690224562025 280.00001621475604 91.881820678710938 14.735052108764648 534
5 298.18393889377279 280.00001920750816 91.825523376464844 14.711718559265137 641
6 297.92426262210012 280.00002195396547 91.814430236816406 14.934009552001953 748
7 297.68359997775019 280.0000244993256 91.812187194824219 14.701301574707031 855
8 297.45878626609931 280.00002687706007 91.810676574707031 14.98927116394043 962
9 297.24741703367158 280.00002911259958 91.786720275878906 14.717552185058594 1068
10 297.04762342582336 280.0000312257099 91.73724365234375 14.728489875793457 1175
11 296.85792341412753 280.00003323206556 91.770835876464844 15.090105056762695 1282
12 296.67712075391887 280.0000351443187 91.708747863769531 14.707863807678223 1389
13 296.50423472349524 280.00003697284194 91.723747253417969 14.722187995910645 1496
14 296.33845018687754 280.00003872625643 91.674896240234375 14.601354598999023 1602
15 296.17908137565081 280.00004041181523 91.654739379882812 14.524947166442871 1708
16 296.0255451271683 280.00004203568602 91.618751525878906 14.553853988647461 1815
17 295.87734076964318 280.00004360316433 91.624687194824219 14.538749694824219 1921
18 295.73403476545479 280.00004511883537 91.617446899414062 14.546613693237305 2028
19 295.59524881887472 280.00004658670019 91.620780944824219 14.59161376953125 2134
20 295.46065054612865 280.0000480102741 91.601089477539062 14.557708740234375 2240
21 295.32994606827083 280.00004939266574 91.613853454589844 14.550728797912598 2347
22 295.20287406639409 280.00005073663846 91.614112854003906 14.583541870117188 2453
23 295.07920096277593 280.00005204466265 91.608024597167969 14.577916145324707 2560
24 294.95871697887003 280.00005331895744 91.592292785644531 14.694426536560059 2666
25 294.84123288337531 280.00005456152394 91.5745849609375 14.536354064941406 2772
26 294.72657728869478 280.000055774175 91.611976623535156 14.665520668029785 2879
27 294.61459438713541 280.0000569585581 91.632186889648438 14.733489990234375 2986
28 294.50514204267739 280.00005811617717 91.565521240234375 14.726406097412109 3092
29 294.39809017249939 280.00005924840781 91.586097717285156 14.622760772705078 3199
30 294.29331936633866 280.00006035651256 91.541824340820312 14.657292366027832 3305
31 294.19071970239742 280.00006144165428 91.570732116699219 14.724583625793457 3411
32 294.09018972669583 280.00006250490611 91.569427490234375 14.718593597412109 3518
33 293.99163556915897 280.00006354726094 91.560676574707031 14.712656021118164 3624
34 293.89497017472962 280.00006456963911 91.565521240234375 14.681822776794434 3731
35 293.8001126317435 280.00006557289663 91.574737548828125 14.664946556091309 3837
36 293.7069875829651 280.00006655783056 91.555259704589844 14.676822662353516 3944
37 293.61552470718834 280.00006752518459 91.548126220703125 15.291719436645508 4051
38 293.52565826135361 280.00006847565396 91.56109619140625 14.773282051086426 4157
39 293.43732667476957 280.00006940988999 91.573280334472656 14.739583015441895 4264
40 293.35047218838048 280.00007032850334 91.553176879882812 14.723645210266113 4370
41 293.26504053312004 280.00007123206848 91.576820373535156 14.72734260559082 4477
42 293.18098064230207 280.00007212112502 91.571037292480469 14.724687576293945 4583
43 293.09824439374802 280.00007299618233 91.569633483886719 14.736458778381348 4690
44 293.01678637798676 280.00007385772005 91.558746337890625 14.73713493347168 4796
45 292.93656368937104 280.00007470619261 91.57244873046875 14.712448120117188 4903
46 292.85753573740891 280.00007554202892 91.559112548828125 14.73656177520752 5009
47 292.77966407596864 280.00007636563595 91.5784912109375 14.888021469116211 5116
48 292.70291224833142 280.00007717739902 91.584739685058594 14.698073387145996 5223
49 292.62724564633379 280.00007797768427 91.578750610351562 14.68474006652832 5329
50 292.55263138206607 280.00007876683935 91.58026123046875 14.71817684173584 5436
51 292.47903817078213 280.00007954519555 91.56854248046875 14.721198081970215 5542
52 292.40643622385437 280.0000803130676 91.573127746582031 14.726822853088379 5649
53 292.33479715073389 280.00008107075575 91.539268493652344 14.677291870117188 5755
54 292.26409386901054 280.00008181854668 91.54083251953125 14.733124732971191 5862
55 292.19430052177233 280.00008255671355 91.577346801757812 14.743229866027832 5968
56 292.12539240154763 280.0000832855178 91.556404113769531 14.771457672119141 6075
57 292.05734588020817 280.00008400520966 91.548332214355469 14.767448425292969 6181
58 291.99013834426489 280.00008471602786 91.537811279296875 14.732812881469727 6288
59 291.92374813506473 280.00008541820159 91.555152893066406 14.828125 6394
60 291.85815449343607 280.00008611195057 91.553695678710938 14.729374885559082 6501
61 291.79333750839237 280.00008679748515 91.5386962890625 14.56583309173584 6607
62 291.72927806952964 280.0000874750076 91.508071899414062 14.586301803588867 6714
63 291.66595782280206 280.00008814471192 91.518592834472656 14.612083435058594 6820
64 291.6033591293866 280.00008880678496 91.510208129882812 14.708072662353516 6926
65 291.54146502737643 280.00008946140599 91.546356201171875 14.720937728881836 7033
66 291.48025919606914 280.00009010874726 91.519584655761719 14.701615333557129 7139
67 291.41972592263983 280.00009074897514 91.527084350585938 14.574843406677246 7246
68 291.35985007100578 280.00009138225033 91.492347717285156 14.627708435058594 7352
69 291.30061705270856 280.0000920087262 91.4964599609375 14.64020824432373 7458
70 291.24201279965826 280.0000926285519 91.500205993652344 14.621092796325684 7565
71 291.18402373859522 280.00009324187147 91.507553100585938 14.723437309265137 7671
72 291.12663676714004 280.0000938488227 91.497138977050781 14.587917327880859 7777
73 291.06983923130866 280.00009444953997 91.515472412109375 14.755208015441895 7884
74 291.01361890439205 280.0000950441522 91.526145935058594 14.748072624206543 7990
75 290.95796396709335 280.00009563278479 91.496040344238281 14.725051879882812 8097
76 290.90286298883603 280.00009621555853 91.497970581054688 14.746511459350586 8203
77 290.84830491015987 280.00009679259011 91.519943237304688 14.727812767028809 8310
78 290.79427902612559 280.00009736399295 91.505104064941406 14.69864559173584 8416
79 290.74077497066378 280.00009792987674 91.507553100585938 14.708907127380371 8522
80 290.68778270179598 280.0000984903478 91.498542785644531 14.543802261352539 8629
81 290.63529248767651 280.00009904550888 91.520416259765625 14.687239646911621 8735
82 290.58329489339491 280.0000995954594 91.494842529296875 14.569531440734863 8841
83 290.53178076849173 280.00010014029681 91.521408081054688 14.729166984558105 8948
84 290.48074123514016 280.00010068011466 91.490570068359375 14.713749885559082 9054
85 290.43016767695059 280.00010121500418 91.486770629882812 14.535676956176758 9160
86 290.38005172835835 280.00010174505383 91.472084045410156 14.536874771118164 9267
87 290.33038526455931 280.00010227034949 91.470626831054688 14.5625 9373
88 290.28116039195652 280.00010279097455 91.47442626953125 14.523124694824219 9479
89 290.23236943908978 280.00010330701048 91.476043701171875 14.569790840148926 9585
90 290.18400494801546 280.00010381853593 91.482757568359375 14.724374771118164 9692
91 290.13605966611232 280.00010432562755 91.491874694824219 14.553646087646484 9798
92 290.08852653828603 280.00010482836007 91.505104064941406 14.599532127380371 9904
93 290.04139869954997 280.00010532680608 91.5426025390625 14.592395782470703 10011
94 289.9946694679594 280.00010582103596 91.995262145996094 14.701874732971191 10118
95 289.94833233788074 280.00010631111923 92.032554626464844 14.770313262939453 10225
96 289.90238097357252 280.00010679712216 92.013076782226562 14.775729179382324 10332
97 289.85680920306697 280.00010727911058 92.003646850585938 14.784218788146973 10439
98 289.81161101232806 280.00010775714759 91.988746643066406 14.693801879882812 10545
99 289.76678053967652 280.00010823129548 92.017868041992188 14.786823272705078 10653
100 289.7223120704648 280.00010870161469 92.004112243652344 14.812135696411133 10760
101 289.6782000319879 280.00010916816433 92.028907775878906 14.660104751586914 10867
102 289.63443898861823 280.00010963100141 92.002708435058594 14.674115180969238 10974
103 289.59102363715255 280.00011009018232 92.02166748046875 14.735260009765625 11081
104 289.54794880236096 280.00011054576191 92.054267883300781 14.809427261352539 11188
105 289.50520943272306 280.00011099779346 92.048851013183594 14.744114875793457 11295
106 289.46280059634853 280.00011144632902 92.047134399414062 14.781093597412109 11402
107 289.42071747706592 280.00011189141958 92.029792785644531 14.673853874206543 11509
108 289.37895537067516 280.00011233311517 92.009010314941406 14.634687423706055 11615
109 289.33750968135513 280.0001127714641 92.050102233886719 14.776094436645508 11723
110 289.29637591821563 280.00011320651396 92.03656005859375 14.784791946411133 11830
111 289.25554969199175 280.00011363831101 92.066299438476562 14.782551765441895 11937
112 289.21502671186829 280.00011406690106 92.042709350585938 14.745311737060547 12044
113 289.17480278243204 280.00011449232807 92.04864501953125 14.757448196411133 12151
114 289.13487380074338 280.00011491463556 92.017189025878906 14.737447738647461 12258
115 289.09523575352188 280.00011533386606 92.0230712890625 14.679010391235352 12365
116 289.05588471444202 280.00011575006101 91.981353759765625 14.799530982971191 12472
117 289.01681684153192 280.00011616326083 92.016510009765625 14.789792060852051 12579
118 288.97802837467088 280.00011657350569 92.007499694824219 14.678593635559082 12686
119 288.9395156331824 280.00011698083455 91.992652893066406 14.578802108764648 12792
120 288.90127501351617 280.00011738528519 92.001091003417969 14.611823081970215 12899
121 288.86330298701699 280.00011778689503 92.000152587890625 14.660884857177734 13006
122 288.82559609777593 280.00011818570056 92.040420532226562 14.734218597412109 13113
123 288.78815096055814 280.00011858173787 92.007347106933594 14.773958206176758 13220
124 288.75096425880957 280.00011897504152 92.002029418945312 14.784791946411133 13327
125 288.71403274273047 280.00011936564658 92.018226623535156 14.734322547912598 13434
126 288.67735322742249 280.0001197535862 92.003021240234375 14.653124809265137 13541
127 288.64092259109736 280.00012013889358 92.024009704589844 14.763593673706055 13648
128 288.60473777335119 280.0001205216011 92.049736022949219 14.790573120117188 13755
129 288.56879577349719 280.00012090174056 92.049423217773438 14.766302108764648 13862
130 288.53309364895711 280.00012127934275 92.022186279296875 14.694426536560059 13969
131 288.49762851370781 280.0001216544386 91.992393493652344 14.689427375793457 14076
132 288.46239753677969 280.00012202705784 92.011039733886719 14.644219398498535 14183
133 288.42739794080728 280.0001223972298 92.012496948242188 14.62052059173584 14290
134 288.39262700062778 280.00012276498342 92.028022766113281 14.649114608764648 14396
135 288.35808204192625 280.00012313034716 92.046195983886719 14.755105018615723 14503
136 288.32376043992548 280.00012349334827 92.017555236816406 14.746509552001953 14610
137 288.28965961811923 280.00012385401453 92.043907165527344 14.790728569030762 14717
138 288.2557770470475 280.00012421237238 92.009063720703125 14.755208015441895 14824
139 288.222110243109 280.00012456844809 92.030937194824219 14.76270866394043 14931
140 288.1886567674145 280.00012492226767 92.061721801757812 14.785207748413086 15038
141 288.15541422467561 280.00012527385638 92.062705993652344 14.792135238647461 15145
142 288.12238026212844 280.00012562323894 92.043960571289062 14.746250152587891 15252
143 288.08955256849077 280.00012597043985 92.042083740234375 14.693281173706055 15359
144 288.05692887295481 280.00012631548327 92.022293090820312 14.724947929382324 15466
145 288.02450694420588 280.00012665839273 92.054893493652344 14.743282318115234 15573
146 287.99228458947732 280.00012699919125 92.027496337890625 14.757290840148926 15680
147 287.96025965362907 280.00012733790186 92.048591613769531 14.671718597412109 15787
148 287.92843001825821 280.00012767454695 92.067031860351562 14.786562919616699 15894
149 287.89679360083363 280.00012800914851 92.072288513183594 14.780417442321777 16001
150 287.86534835385913 280.00012834172804 92.024322509765625 14.673229217529297 16108
151 287.83409226405894 280.00012867230703 92.007186889648438 14.615052223205566 16215
152 287.80302335158916 280.00012900090644 92.000885009765625 14.630937576293945 16322
153 287.77213966927218 280.00012932754657 92.003387451171875 14.667291641235352 16429
154 287.74143930185227 280.00012965224806 92.015937805175781 14.780885696411133 16536
155 287.71092036527466 280.00012997503046 92.00213623046875 14.760051727294922 16643
156 287.68058100598364 280.00013029591372 91.989997863769531 14.599061965942383 16750
157 287.65041940024224 280.00013061491677 92.004638671875 14.60604190826416 16857
158 287.62043375347037 280.00013093205894 91.994949340820312 14.65192699432373 16963
159 287.59062229960227 280.00013124735875 92.0159912109375 14.781615257263184 17070
160 287.56098330046149 280.00013156083475 92.000419616699219 14.739948272705078 17177
161 287.53151504515404 280.00013187250465 92.025260925292969 14.729790687561035 17284
162 287.50221584947735 280.00013218238644 91.971923828125 14.693854331970215 17391
163 287.47308405534744 280.00013249049789 91.989013671875 14.654114723205566 17498
164 287.44411803024019 280.00013279685624 91.989273071289062 14.589115142822266 17605
165 287.41531616664759 280.00013310147807 92.012550354003906 14.719427108764648 17712
166 287.38667688155044 280.00013340438068 92.005523681640625 14.704948425292969 17819
167 287.35819861590409 280.00013370557997 92.008857727050781 14.603333473205566 17926
168 287.32987983413841 280.0001340050926 91.983955383300781 14.628958702087402 18032
169 287.30171902367016 280.00013430293444 92.006301879882812 14.782708168029785 18139
170 287.27371469443074 280.00013459912157 92.0074462890625 14.780417442321777 18246
171 287.24586537840264 280.0001348936687 92.014686584472656 14.688854217529297 18353
172 287.21816962917114 280.00013518659176 92.009635925292969 14.778959274291992 18460
173 287.19062602148728 280.00013547790576 92.006195068359375 14.75390625 18567
174 287.16323315084048 280.00013576762547 92.011039733886719 14.758489608764648 18674
175 287.13598963304349 280.00013605576549 92.029586791992188 14.734635353088379 18781
176 287.10889410382845 280.00013634234062 91.99609375 14.771927833557129 18888
177 287.08194521845132 280.00013662736461 92.003799438476562 14.762136459350586 18995
178 287.05514165130853 280.0001369108515 91.983489990234375 14.730417251586914 19102
179 287.02848209556106 280.00013719281554 91.982711791992188 14.800259590148926 19209
180 287.00196526277136 280.00013747326966 91.999847412109375 14.781874656677246 19316
181 286.97558988254411 280.00013775222811 91.985313415527344 14.770051956176758 19423
182 286.94935470218144 280.00013802970363 91.97869873046875 14.733020782470703 19530
183 286.92325848634277 280.00013830570953 92.018646240234375 14.734686851501465 19637
184 286.89730001671444 280.00013858025824 92.015830993652344 14.789688110351562 19744
185 286.87147809168795 280.0001388533629 92.016090393066406 14.743906021118164 19851
186 286.84579152604385 280.00013912503613 92.006820678710938 14.654427528381348 19958
187 286.8202391506461 280.00013939528975 92.026565551757812 14.746927261352539 20065
188 286.79481981214224 280.0001396641365 92.00250244140625 14.78828239440918 20172
189 286.7695323726694 280.00013993158842 92.012290954589844 14.74552059173584 20279
190 286.74437570957065 280.00014019765689 91.971038818359375 14.77385425567627 20386
191 286.71934871511473 280.00014046235407 91.990158081054688 14.794739723205566 20492
192 286.69445029622455 280.00014072569132 91.972915649414062 14.677239418029785 20599
193 286.66967937421026 280.00014098767991 91.943283081054688 14.601249694824219 20706
194 286.64503488451101 280.00014124833177 91.956565856933594 14.601563453674316 20813
195 286.62051577643922 280.00014150765725 91.946090698242188 14.597760200500488 20920
196 286.59612101293453 280.00014176566765 91.972503662109375 14.58031177520752 21027
197 286.57184957032007 280.00014202237372 91.940986633300781 14.599740028381348 21133
198 286.5477004380669 280.00014227778615 91.953437805175781 14.609062194824219 21240
199 286.52367261856136 280.00014253191569 91.973960876464844 14.600833892822266 21347
200 286.49976512688028 280.00014278477249 91.978851318359375 14.575676918029785 21454
201 286.47597699056843 280.00014303636686 91.991668701171875 14.620312690734863 21560
202 286.4523072494236 280.00014328670903 91.984115600585938 14.778073310852051 21667
203 286.42875495528455 280.000143535809 91.960624694824219 14.577186584472656 21774
204 286.40531917182386 280.00014378367683 91.965522766113281 14.59921932220459 21881
205 286.38199897434737 280.00014403032196 91.978225708007812 14.603124618530273 21988
206 286.35879344959415 280.00014427575439 91.931510925292969 14.638334274291992 22095
207 286.33570169554537 280.00014451998368 91.956718444824219 14.688593864440918 22202
208 286.31272282123336 280.00014476301885 91.950363159179688 14.791614532470703 22309
209 286.28985594655717 280.00014500486964 91.9722900390625 14.752603530883789 22416
210 286.26710020210072 280.00014524554484 91.95599365234375 14.779062271118164 22522
211 286.24445472895661 280.00014548505396 91.981460571289062 14.76130199432373 22629
212 286.22191867855116 280.00014572340569 91.980674743652344 14.808801651000977 22736
213 286.19949121247555 280.00014596060913 91.967658996582031 14.785311698913574 22843
214 286.17717150231874 280.00014619667292 91.955833435058594 14.775833129882812 22950
215 286.15495872950527 280.00014643160551 92.001930236816406 14.792604446411133 23057
216 286.13285208513491 280.00014666541557 91.984428405761719 14.792812347412109 23164
217 286.11085076982738 280.00014689811167 91.989059448242188 14.760259628295898 23271
218 286.08895399356874 280.00014712970227 91.987968444824219 14.758646011352539 23378
219 286.0671609755621 280.00014736019551 92.007705688476562 14.765000343322754 23485
220 286.04547094408014 280.00014758959935 91.966720581054688 14.724062919616699 23592
221 286.02388313632224 280.00014781792214 91.978019714355469 14.622344017028809 23699
222 286.00239679827251 280.00014804517161 91.988700866699219 14.714634895324707 23806
223 285.98101118456322 280.00014827135578 91.991043090820312 14.756509780883789 23913
224 285.95972555833782 280.0001484964825 91.961143493652344 14.823749542236328 24020
225 285.93853919111973 280.00014872055925 91.990989685058594 14.792499542236328 24127
226 285.91745136268196 280.00014894359401 91.957763671875 14.774999618530273 24234
227 285.89646136091955 280.00014916559394 91.98046875 14.774323463439941 24341
228 285.87556848172466 280.00014938656687 91.959739685058594 14.744114875793457 24448
229 285.854772028865 280.00014960651987 91.992080688476562 14.757968902587891 24555
230 285.83407131386235 280.00014982546014 92.007759094238281 14.770468711853027 24662
231 285.81346565587631 280.00015004339519 92.007919311523438 14.701927185058594 24769
232 285.79295438158806 280.00015026033202 92.014007568359375 14.660676956176758 24875
233 285.77253682508695 280.00015047627755 92.004112243652344 14.666927337646484 24982
234 285.75221232776067 280.00015069123896 91.997711181640625 14.697134971618652 25089
235 285.73198023818435 280.00015090522282 92.001144409179688 14.774374961853027 25196
236 285.71183991201605 280.00015111823643 92.002288818359375 14.744948387145996 25303
237 285.69179071189006 280.00015133028603 91.998489379882812 14.75505256652832 25410
238 285.67183200731455 280.00015154137861 91.969635009765625 14.756301879882812 25517
239 285.65196317457151 280.00015175152083 91.990829467773438 14.74552059173584 25624
240 285.63218359661619 280.00015196071894 91.978279113769531 14.78296947479248 25731
241 285.61249266298131 280.0001521689793 91.989639282226562 14.768593788146973 25838
242 285.59288976968043 280.00015237630862 91.955574035644531 14.785520553588867 25945
243 285.57337431911537 280.00015258271299 91.988853454589844 14.76619815826416 26052
244 285.55394571998363 280.00015278819899 91.97052001953125 14.77302074432373 26159
245 285.53460338718764 280.00015299277248 91.978439331054688 14.736615180969238 26266
246 285.51534674174735 280.00015319643967 91.963958740234375 14.775103569030762 26373
247 285.49617521071258 280.00015339920674 91.961250305175781 14.776561737060547 26480
248 285.4770882270771 280.00015360107972 91.945831298828125 14.757136344909668 26587
249 285.45808522969554 280.00015380206406 91.944374084472656 14.739114761352539 26694
250 285.43916566320013 280.00015400216631 91.943435668945312 14.785261154174805 26801
251 285.42032897792063 280.00015420139181 91.983642578125 14.788958549499512 26908
252 285.40157462980403 280.00015439974646 91.942237854003906 14.802811622619629 27014
253 285.38290208033675 280.00015459723619 91.968696594238281 14.775833129882812 27121
254 285.36431079646792 280.00015479386622 91.927345275878906 14.780364036560059 27228
255 285.34580025053384 280.00015498964245 91.989791870117188 14.791458129882812 27335
256 285.3273699201838 280.00015518457019 91.996353149414062 14.721667289733887 27442
257 285.30901928830764 280.00015537865517 91.941925048828125 14.795624732971191 27549
258 285.29074784296364 280.00015557190244 91.936302185058594 14.760259628295898 27656
259 285.27255507730854 280.00015576431758 91.948959350585938 14.594947814941406 27763
260 285.25444048952875 280.00015595590571 91.9644775390625 14.559270858764648 27870
261 285.23640358277123 280.0001561466724 91.946144104003906 14.590365409851074 27976
262 285.21844386507814 280.00015633662298 91.975311279296875 14.628645896911621 28083
263 285.20056084932042 280.00015652576201 91.982864379882812 14.791509628295898 28190
264 285.18275405313295 280.000156714095 92.01812744140625 14.779791831970215 28297
265 285.16502299885178 280.00015690162684 91.997291564941406 14.773801803588867 28404
266 285.14736721345133 280.00015708836276 91.962913513183594 14.655780792236328 28511
267 285.12978622848266 280.00015727430747 91.982498168945312 14.751614570617676 28618
268 285.1122795800145 280.0001574594657 91.952445983886719 14.767708778381348 28725
269 285.0948468085719 280.0001576438429 91.97515869140625 14.776719093322754 28832
270 285.0774874590798 280.0001578274435 91.986618041992188 14.794375419616699 28939
271 285.06020108080395 280.00015801027223 91.956298828125 14.585415840148926 29045
272 285.04298722729533 280.00015819233403 91.941871643066406 14.572031021118164 29152
273 285.02584545633505 280.0001583736335 91.939476013183594 14.619271278381348 29259
274 285.00877532987835 280.00015855417519 91.938125610351562 14.685051918029785 29366
275 284.99177641400178 280.00015873396342 91.960311889648438 14.772134780883789 29473
276 284.97484827885035 280.0001589130033 91.97479248046875 14.76130199432373 29580
277 284.95799049858482 280.000159091299 91.97052001953125 14.671146392822266 29686
278 284.94120265133103 280.0001592688551 91.968803405761719 14.780468940734863 29793
279 284.92448431912896 280.00015944567588 91.949012756347656 14.757186889648438 29900
280 284.90783508788394 280.00015962176604 91.946197509765625 14.698854446411133 30007
281 284.89125454731703 280.00015979712941 91.981353759765625 14.677864074707031 30114
282 284.87474229091737 280.00015997177093 91.975418090820312 14.604427337646484 30221
283 284.85829791589452 280.00016014569422 91.965049743652344 14.612709045410156 30328
284 284.8419210231321 280.00016031890374 91.951820373535156 14.60979175567627 30434
285 284.8256112171423 280.00016049140396 91.943069458007812 14.593229293823242 30541
286 284.80936810602037 280.00016066319881 91.943855285644531 14.605104446411133 30648
287 284.79319130139976 280.00016083429199 91.962081909179688 14.780521392822266 30755
288 284.77708041840913 280.00016100468815 91.97125244140625 14.76604175567627 30862
289 284.76103507562925 280.00016117439145 91.992706298828125 14.712813377380371 30969
290 284.74505489504986 280.00016134340513 92.004219055175781 14.69765567779541 31076
291 284.72913950202872 280.00016151173378 91.9996337890625 14.728489875793457 31183
292 284.71328852524954 280.00016167938111 91.993698120117188 14.711509704589844 31290
293 284.6975015966828 280.00016184635081 91.998855590820312 14.698385238647461 31397
294 284.68177835154444 280.00016201264725 91.956459045410156 14.727603912353516 31504
295 284.66611842825756 280.00016217827391 91.962448120117188 14.675573348999023 31610
296 284.65052146841316 280.00016234323471 91.952186584472656 14.711874961853027 31717
297 284.63498711673219 280.00016250753322 91.979270935058594 14.701770782470703 31824
298 284.61951502102812 280.00016267117337 91.974166870117188 14.743073463439941 31931
299 284.60410483216958 280.00016283415863 91.961982727050781 14.619217872619629 32038
300 284.58875620404427 280.0001629964928 91.954216003417969 14.640729904174805 32145
301 284.57346879352332 280.00016315817959 91.994743347167969 14.600676536560059 32252
302 284.55824226042444 280.00016331922239 91.967918395996094 14.609113693237305 32358
303 284.54307626747908 280.0001634796252 91.973747253417969 14.705989837646484 32465
304 284.52797048029623 280.00016363939102 91.990676879882812 14.799738883972168 32572
305 284.51292456733023 280.00016379852372 91.978279113769531 14.690103530883789 32679
306 284.49793819984609 280.00016395702642 91.965156555175781 14.658489227294922 32786
307 284.48301105188682 280.00016411490287 91.985260009765625 14.688697814941406 32893
308 284.46814280024165 280.00016427215633 91.979843139648438 14.666354179382324 33000
309 284.45333312441358 280.00016442879053 92.024581909179688 14.67244815826416 33107
310 284.43858170658814 280.00016458480849 91.990211486816406 14.780415534973145 33214
311 284.42388823160195 280.00016474021345 91.976455688476562 14.751562118530273 33321
312 284.40925238691273 280.00016489500882 91.976249694824219 14.77401065826416 33428
313 284.39467386256842 280.00016504919807 91.969688415527344 14.758907318115234 33535
314 284.38015235117803 280.00016520278427 91.970001220703125 14.752291679382324 33641
315 284.36568754788232 280.000165355771 92.012443542480469 14.768385887145996 33748
316 284.35127915032433 280.00016550816088 92.01812744140625 14.772811889648438 33855
317 284.33692685862138 280.00016565995747 91.987762451171875 14.743490219116211 33962
318 284.3226303753371 280.00016581116364 91.963592529296875 14.672656059265137 34069
319 284.30838940545294 280.00016596178278 91.978179931640625 14.705780982971191 34176
320 284.29420365634218 280.00016611181786 91.984222412109375 14.808384895324707 34283
321 284.28007283774156 280.00016626127206 91.991096496582031 14.782708168029785 34390
322 284.26599666172569 280.0001664101481 91.98724365234375 14.770572662353516 34497
323 284.25197484268023 280.00016655844939 91.989013671875 14.778177261352539 34604
324 284.23800709727658 280.00016670617885 91.963279724121094 14.715155601501465 34711
325 284.2240931444461 280.00016685333918 91.975990295410156 14.707395553588867 34818
326 284.21023270535534 280.00016699993392 91.971351623535156 14.766667366027832 34925
327 284.19642550338045 280.00016714596518 92.01031494140625 14.796459197998047 35032
328 284.18267126408364 280.00016729143653 91.985885620117188 14.697396278381348 35139
329 284.16896971518838 280.00016743635024 91.966041564941406 14.767030715942383 35246
330 284.15532058655623 280.00016758070979 91.991142272949219 14.782082557678223 35353
331 284.14172361016267 280.00016772451784 91.991874694824219 14.778332710266113 35460
332 284.12817852007464 280.00016786777701 91.948127746582031 14.621562957763672 35566
333 284.11468505242715 280.00016801049009 91.949424743652344 14.748749732971191 35673
334 284.10124294540083 280.00016815266019 91.959426879882812 14.79239559173584 35780
335 284.08785193920033 280.00016829428961 91.968284606933594 14.776406288146973 35887
336 284.07451177603116 280.00016843538157 91.943595886230469 14.790312767028809 35994
337 284.06122220007944 280.00016857593818 91.968490600585938 14.751145362854004 36101
338 284.04798295748969 280.00016871596245 91.916511535644531 14.640936851501465 36208
339 284.03479379634331 280.00016885545728 91.952033996582031 14.737604141235352 36315
340 284.0216544666394 280.00016899442488 91.900100708007812 14.799374580383301 36422
341 284.00856472027283 280.00016913286828 91.91583251953125 14.774271011352539 36529
342 283.99552431101398 280.00016927078968 91.932289123535156 14.734636306762695 36636
343 283.98253299448959 280.00016940819182 91.946357727050781 14.807448387145996 36743
344 283.96959052816271 280.00016954507743 91.932762145996094 14.757552146911621 36849
345 283.95669667131301 280.00016968144882 91.9222412109375 14.749792098999023 36956
346 283.94385118501748 280.00016981730892 91.930107116699219 14.759688377380371 37063
347 283.93105383213219 280.00016995265952 91.961250305175781 14.761405944824219 37170
348 283.91830437727236 280.00017008750382 91.956039428710938 14.772968292236328 37277
349 283.90560258679494 280.00017022184375 91.953544616699219 14.754635810852051 37384
350 283.89294822878043 280.00017035568214 91.967918395996094 14.664739608764648 37491
351 283.88034107301382 280.0001704890214 91.979270935058594 14.564790725708008 37598
352 283.86778089096782 280.00017062186367 91.946563720703125 14.61484432220459 37704
353 283.85526745578471 280.00017075421164 91.961616516113281 14.688438415527344 37811
354 283.84280054225968 280.00017088606751 91.955833435058594 14.666093826293945 37918
355 283.83037992682273 280.00017101743356 91.964065551757812 14.684374809265137 38025
356 283.81800538752293 280.00017114831235 91.970993041992188 14.697864532470703 38132
357 283.80567670401069 280.00017127870632 91.970367431640625 14.707708358764648 38239
358 283.79339365752219 280.00017140861769 91.966354370117188 14.759323120117188 38346
359 283.78115603086292 280.00017153804833 91.979843139648438 14.726718902587891 38453
360 283.76896360839066 280.00017166700104 91.991668701171875 14.781093597412109 38560
361 283.75681617600122 280.0001717954782 91.993072509765625 14.624531745910645 38666
362 283.74471352111186 280.00017192348133 91.981407165527344 14.728697776794434 38773
363 283.73265543264597 280.00017205101324 91.987136840820312 14.728333473205566 38880
364 283.72064170101748 280.00017217807624 91.983383178710938 14.569114685058594 38987
365 283.70867211811679 280.00017230467216 91.997291564941406 14.558281898498535 39094
366 283.69674647729511 280.00017243080333 91.981513977050781 14.771822929382324 39201
367 283.68486457334933 280.00017255647163 91.98577880859375 14.787447929382324 39308
368 283.67302620250916 280.00017268167994 91.988388061523438 14.809739112854004 39415
369 283.66123116242107 280.00017280642976 91.968231201171875 14.789166450500488 39522
370 283.64947925213477 280.00017293072352 91.955001831054688 14.656510353088379 39628
371 283.63777027208965 280.00017305456299 91.979164123535156 14.80020809173584 39735
372 283.62610402410081 280.00017317795078 91.999946594238281 14.775363922119141 39842
373 283.61448031134438 280.0001733008886 91.995048522949219 14.787239074707031 39949
374 283.60289893834585 280.00017342337867 91.974113464355469 14.756875038146973 40056
375 283.59135971096515 280.0001735454228 91.971351623535156 14.619167327880859 40163
376 283.57986243638476 280.00017366702326 91.956771850585938 14.621354103088379 40270
377 283.56840692309578 280.00017378818222 91.979736328125 14.558124542236328 40377
378 283.55699298088552 280.0001739089015 91.983596801757812 14.634323120117188 40484
379 283.54562042082489 280.00017402918274 91.991249084472656 14.790260314941406 40591
380 283.53428905525607 280.00017414902868 91.983177185058594 14.769427299499512 40697
381 283.5229986977788 280.0001742684409 92.022445678710938 14.736562728881836 40804
382 283.51174916324078 280.00017438742094 92.019638061523438 14.786041259765625 40911
383 283.50054026772301 280.00017450597142 91.995208740234375 14.776823043823242 41018
384 283.48937182852916 280.00017462409414 91.980934143066406 14.815781593322754 41125
385 283.4782436641737 280.00017474179089 92.038124084472656 14.780988693237305 41233
386 283.46715559437007 280.00017485906346 92.000679016113281 14.823490142822266 41340
387 283.45610744001914 280.00017497591386 92.001564025878906 14.788228988647461 41447
388 283.44509902319811 280.00017509234397 92.011093139648438 14.812396049499512 41554
389 283.43413016714896 280.00017520835559 91.997810363769531 14.764896392822266 41661
390 283.42320069626749 280.00017532395077 91.982658386230469 14.785885810852051 41768
391 283.41231043609258 280.00017543913128 91.996513366699219 14.652500152587891 41875
392 283.40145921329508 280.00017555389883 91.973434448242188 14.609740257263184 41981
393 283.39064685566734 280.00017566825545 91.977813720703125 14.584688186645508 42088
394 283.37987319211197 280.00017578220269 91.980262756347656 14.576666831970215 42195
395 283.36913805263282 280.00017589574253 91.989997863769531 14.639322280883789 42302
396 283.35844126832268 280.00017600887674 91.997550964355469 14.753072738647461 42409
397 283.34778267135499 280.00017612160707 92.022132873535156 14.741353988647461 42516
398 283.33716209497265 280.00017623393535 92.009170532226562 14.756355285644531 42623
399 283.32657937347818 280.00017634586283 92.014427185058594 14.752603530883789 42730
400 283.31603434222399 280.00017645739212 92.021926879882812 14.759323120117188 42837
401 283.30552683760283 280.00017656852447 92.03515625 14.741353988647461 42944
402 283.29505669703764 280.00017667926147 92.010055541992188 14.771771430969238 43051
403 283.284623758973 280.00017678960518 92.058853149414062 14.76953125 43158
404 283.27422786286451 280.00017689955672 92.031455993652344 14.786927223205566 43265
405 283.26386884917036 280.00017700911866 92.042503356933594 14.783385276794434 43372
406 283.25354655934171 280.00017711829213 92.029792785644531 14.786978721618652 43479
407 283.24326083581394 280.0001772270785 92.024322509765625 14.727343559265137 43586
408 283.23301152199787 280.00017733547992 91.994735717773438 14.570364952087402 43693
409 283.22279846226962 280.00017744349822 91.986564636230469 14.713438034057617 43800
410 283.21262150196355 280.00017755113447 92.017082214355469 14.795157432556152 43907
411 283.20248048736261 280.00017765839056 92.025520324707031 14.78515625 44014
412 283.19237526568952 280.00017776526795 92.008956909179688 14.791250228881836 44121
413 283.18230568509972 280.0001778717687 91.987190246582031 14.64395809173584 44227
414 283.17227159467092 280.00017797789377 92.007606506347656 14.616615295410156 44334
415 283.16227284439651 280.00017808364521 91.9964599609375 14.628230094909668 44441
416 283.15230928517667 280.0001781890245 91.975051879882812 14.643905639648438 44548
417 283.14238076881043 280.00017829403322 92.035362243652344 14.693124771118164 44655
418 283.13248714798755 280.00017839867257 92.009323120117188 14.78343677520752 44762
419 283.12262827628058 280.00017850294472 92.031143188476562 14.806145668029785 44869
420 283.11280400813723 280.00017860685085 92.043800354003906 14.776718139648438 44976
421 283.10301419887293 280.00017871039239 92.054794311523438 14.718488693237305 45083
422 283.09325870466199 280.00017881357115 92.023544311523438 14.745311737060547 45190
423 283.08353738253174 280.00017891638845 92.002761840820312 14.745365142822266 45297
424 283.0738500903534 280.00017901884553 91.96484375 14.75270938873291 45404
425 283.06419668683594 280.00017912094455 91.977027893066406 14.715000152587891 45511
426 283.05457703151802 280.00017922268648 91.962600708007812 14.648593902587891 45618
427 283.04499098476157 280.00017932407297 91.985054016113281 14.625520706176758 45724
428 283.0354384077433 280.00017942510544 91.972236633300781 14.645417213439941 45831
429 283.02591916244887 280.00017952578537 92.001197814941406 14.65510368347168 45938
430 283.01643311166572 280.00017962611423 91.977294921875 14.79354190826416 46045
431 283.00698011897543 280.00017972609362 91.968231201171875 14.812188148498535 46152
432 282.99756004874752 280.00017982572444 91.936721801757812 14.792916297912598 46259
433 282.98817276613261 280.00017992500875 91.969215393066406 14.793072700500488 46366
434 282.97881813705567 280.00018002394768 91.949737548828125 14.766406059265137 46473
435 282.96949602820939 280.00018012254264 91.928802490234375 14.637761116027832 46580
436 282.96020630704766 280.00018022079519 91.944740295410156 14.641613960266113 46686
437 282.95094884177905 280.0001803187065 91.922966003417969 14.720781326293945 46793
438 282.9417235013604 280.00018041627777 91.940780639648438 14.797187805175781 46900
439 282.93253015549072 280.00018051351117 91.934326171875 14.785625457763672 47007
440 282.92336867460494 280.00018061040697 91.930938720703125 14.754584312438965 47114
441 282.91423892986694 280.00018070696757 91.962760925292969 14.773646354675293 47221
442 282.90514079316472 280.00018080319376 91.95703125 14.769686698913574 47328
443 282.89607413710337 280.0001808990869 91.985260009765625 14.783802032470703 47435
444 282.88703883499926 280.00018099464836 91.977340698242188 14.783177375793457 47542
445 282.87803476087464 280.00018108987967 91.988746643066406 14.752290725708008 47649
446 282.86906178945105 280.00018118478187 91.981407165527344 14.799530982971191 47756
447 282.86011979614375 280.00018127935653 91.983695983886719 14.778750419616699 47863
448 282.85120865705676 280.00018137360524 91.964324951171875 14.78281307220459 47970
449 282.8423282489756 280.00018146752836 91.949272155761719 14.771980285644531 48077
450 282.83347844936372 280.00018156112804 91.95172119140625 14.759843826293945 48184
451 282.82465913635468 280.00018165440537 91.954216003417969 14.794947624206543 48291
452 282.81587018874899 280.00018174736113 91.973648071289062 14.683280944824219 48398
453 282.80711148600625 280.00018183999742 91.946510314941406 14.580780982971191 48504
454 282.79838290824193 280.00018193231483 91.955833435058594 14.796927452087402 48611
455 282.78968433622123 280.00018202431477 91.964424133300781 14.739687919616699 48718
456 282.78101565135324 280.00018211599905 91.954269409179688 14.670469284057617 48825
457 282.77237673568635 280.0001822073682 91.989013671875 14.730989456176758 48932
458 282.76376747190335 280.00018229842379 91.979736328125 14.72697925567627 49039
459 282.75518774331562 280.00018238916704 91.937347412109375 14.743749618530273 49146
460 282.74663743385895 280.000182479599 91.927345275878906 14.74333381652832 49253
461 282.73811642808766 280.00018256972123 91.959999084472656 14.769323348999023 49359
462 282.72962461116998 280.00018265953457 91.944114685058594 14.789271354675293 49466
463 282.72116186888366 280.00018274904045 91.962814331054688 14.777655601501465 49573
464 282.71272808761063 280.00018283824005 91.9453125 14.591718673706055 49680
465 282.7043231543322 280.0001829271344 91.97125244140625 14.768438339233398 49787
466 282.69594695662431 280.00018301572504 91.95599365234375 14.60505199432373 49894
467 282.68759938265379 280.0001831040131 91.934738159179688 14.708280563354492 50001
468 282.67928032117226 280.00018319199916 91.965415954589844 14.782863616943359 50108
469 282.67098966151241 280.00018327968513 91.975677490234375 14.75953197479248 50215
470 282.66272729358309 280.00018336707183 91.957237243652344 14.798281669616699 50322
471 282.65449310786562 280.00018345416038 91.967918395996094 14.608282089233398 50428
472 282.64628699540822 280.00018354095187 91.942291259765625 14.649895668029785 50535
473 282.63810884782231 280.00018362744794 91.965156555175781 14.776092529296875 50642
474 282.62995855727831 280.00018371364939 91.971038818359375 14.781302452087402 50749
475 282.62183601650077 280.00018379955696 91.939163208007812 14.649062156677246 50856
476 282.61374111876398 280.00018388517253 91.906982421875 14.608697891235352 50963
477 282.60567375788912 280.00018397049627 91.919586181640625 14.657082557678223 51069
478 282.59763382823843 280.00018405553078 91.928070068359375 14.613436698913574 51176
479 282.58962122471178 280.00018414027562 91.922966003417969 14.57984447479248 51283
480 282.58163584274314 280.00018422473272 91.947601318359375 14.79239559173584 51390
481 282.57367757829536 280.00018430890299 91.950469970703125 14.744948387145996 51497
482 282.56574632785674 280.00018439278767 91.943229675292969 14.709426879882812 51603
483 282.55784198843793 280.00018447638752 91.963333129882812 14.784790992736816 51710
484 282.54996445756666 280.00018455970405 91.9644775390625 14.612030982971191 51817
485 282.54211363328369 280.00018464273813 91.963798522949219 14.564740180969238 51924
486 282.53428941414126 280.00018472549073 91.93359375 14.618228912353516 52031
487 282.52649169919613 280.00018480796285 91.958122253417969 14.80744743347168 52138
488 282.51872038800821 280.00018489015599 91.971565246582031 14.796927452087402 52245
489 282.51097538063624 280.00018497207077 91.98577880859375 14.790624618530273 52352
490 282.50325657763301 280.00018505370838 91.972709655761719 14.764219284057617 52459
491 282.49556388004345 280.00018513506978 91.966873168945312 14.764636039733887 52566
492 282.4878971893994 280.0001852161563 91.969322204589844 14.759062767028809 52673
493 282.48025640771715 280.00018529696899 91.962028503417969 14.705677032470703 52780
494 282.47264143749356 280.00018537750844 91.991508483886719 14.728854179382324 52886
495 282.46505218170205 280.00018545777596 91.969581604003906 14.702759742736816 52993
496 282.45748854379042 280.00018553777255 91.937919616699219 14.683384895324707 53100
497 282.44995042767567 280.00018561749903 91.967605590820312 14.681875228881836 53207
498 282.44243773774173 280.00018569695675 91.951042175292969 14.696561813354492 53314
499 282.43495037883633 280.00018577614657 91.947654724121094 14.658749580383301 53421
500 282.42748825626677 280.00018585506956 91.922447204589844 14.678333282470703 53528
501 282.42005127579711 280.00018593372636 91.939949035644531 14.596563339233398 53634
502 282.4126393436448 280.00018601211855 91.987556457519531 14.716146469116211 53741
503 282.40525236647755 280.00018609024653 91.977706909179688 14.657447814941406 53848
504 282.39789025141005 280.00018616811172 91.979377746582031 14.688281059265137 53955
505 282.39055290600055 280.00018624571487 91.960311889648438 14.765260696411133 54062
506 282.38324023824822 280.00018632305694 91.968231201171875 14.80703067779541 54169
507 282.37595215658979 280.00018640013928 91.960365295410156 14.705677032470703 54276
508 282.36868856989622 280.0001864769622 91.965469360351562 14.671509742736816 54383
509 282.36144938746997 280.00018655352727 91.967864990234375 14.791250228881836 54490
510 282.354234519042 280.0001866298349 91.940315246582031 14.718593597412109 54597
511 282.34704387476859 280.00018670588662 91.981460571289062 14.663490295410156 54703
512 282.3398773652284 280.000186781683 91.970367431640625 14.679427146911621 54810
513 282.33273490141949 280.00018685722517 92.011039733886719 14.62343692779541 54917
514 282.32561639475682 280.0001869325136 91.983642578125 14.620729446411133 55024
515 282.31852175706859 280.00018700754987 91.984062194824219 14.611092567443848 55131
516 282.31145090059437 280.00018708233461 91.973648071289062 14.640832901000977 55238
517 282.30440373798132 280.00018715686855 91.985260009765625 14.599374771118164 55344
518 282.2973801822821 280.00018723115306 92.006507873535156 14.674374580383301 55451
519 282.29038014695158 280.00018730518866 92.021614074707031 14.762916564941406 55558
520 282.28340354584481 280.00018737897642 92.005050659179688 14.703853607177734 55665
521 282.27645029321343 280.00018745251731 91.963279724121094 14.602499961853027 55772
522 282.26952030370336 280.00018752581201 91.988700866699219 14.58885383605957 55879
523 282.26261349235256 280.00018759886171 91.992813110351562 14.654322624206543 55986
524 282.25572977458756 280.00018767166711 91.954269409179688 14.603073120117188 56092
525 282.2488690662218 280.00018774422927 91.989898681640625 14.603073120117188 56199
526 282.24203128345181 280.00018781654865 91.979583740234375 14.589374542236328 56306
527 282.23521634285618 280.00018788862678 91.975517272949219 14.68906307220459 56413
528 282.22842416139144 280.00018796046396 91.960830688476562 14.681094169616699 56520
529 282.22165465639063 280.00018803206132 91.95172119140625 14.569271087646484 56627
530 282.21490774556071 280.00018810341993 91.948226928710938 14.631563186645508 56733
531 282.20818334697952 280.00018817454043 91.971771240234375 14.591459274291992 56840
532 282.20148137909376 280.00018824542343 91.972343444824219 14.599115371704102 56947
533 282.19480176071647 280.00018831607025 91.979690551757812 14.629947662353516 57054
534 282.18814441102455 280.0001883864814 91.958595275878906 14.620364189147949 57161
535 282.18150924955683 280.00018845665807 91.986770629882812 14.593437194824219 57267
536 282.17489619621102 280.00018852660077 91.978645324707031 14.636458396911621 57374
537 282.16830517124146 280.00018859631058 91.981040954589844 14.605833053588867 57481
538 282.1617360952576 280.00018866578796 91.993232727050781 14.583802223205566 57588
539 282.15518888922065 280.00018873503433 91.993537902832031 14.578802108764648 57694
540 282.14866347444257 280.00018880405008 91.980934143066406 14.793802261352539 57801
541 282.14215977258215 280.00018887283647 92.006095886230469 14.779948234558105 57908
542 282.13567770564384 280.00018894139367 91.965934753417969 14.786093711853027 58015
543 282.12921719597654 280.00018900972327 92.000732421875 14.809427261352539 58122
544 282.12277816626835 280.00018907782538 91.988906860351562 14.753176689147949 58229
545 282.116360539548 280.00018914570109 91.953384399414062 14.694478988647461 58336
546 282.10996423918016 280.00018921335123 91.951980590820312 14.73869800567627 58443
547 282.10358918886448 280.00018928077685 91.98046875 14.770208358764648 58550
548 282.09723531263285 280.00018934797828 91.961509704589844 14.656719207763672 58657
549 282.09090253484788 280.00018941495688 91.987083435058594 14.739636421203613 58764
550 282.08459078020064 280.00018948171282 91.964324951171875 14.545365333557129 58871
551 282.0782999737084 280.00018954824725 91.967132568359375 14.574999809265137 58977
552 282.07203004071249 280.0001896145609 91.965728759765625 14.692030906677246 59084
553 282.06578090687719 280.00018968065478 91.965415954589844 14.757760047912598 59191
554 282.05955249818658 280.00018974652932 91.972183227539062 14.770468711853027 59298
555 282.05334474094298 280.00018981218534 92.002914428710938 14.756406784057617 59405
556 282.04715756176535 280.00018987762411 91.948593139648438 14.618698120117188 59512
557 282.0409908875867 280.00018994284551 91.984428405761719 14.647030830383301 59619
558 282.03484464565327 280.00019000785124 91.97015380859375 14.763280868530273 59726
559 282.02871876352077 280.00019007264132 92.020103454589844 14.772915840148926 59833
560 282.02261316905447 280.00019013721692 91.993545532226562 14.78807258605957 59940
561 282.01652779042587 280.00019020157873 91.965782165527344 14.75447940826416 60046
562 282.0104625561118 280.00019026572738 91.946144104003906 14.580312728881836 60153
563 282.00441739489202 280.00019032966389 91.949638366699219 14.586145401000977 60260
564 281.99839223584746 280.00019039338866 91.979164123535156 14.723801612854004 60367
565 281.99238700835838 280.000190456903 91.955154418945312 14.613489151000977 60474
566 281.98640164210315 280.00019052020707 91.941093444824219 14.598593711853027 60580
567 281.98043606705573 280.00019058330167 91.960884094238281 14.650208473205566 60687
568 281.97449021348399 280.00019064618766 91.970939636230469 14.788332939147949 60794
569 281.96856401194839 280.00019070886589 91.982551574707031 14.784738540649414 60901
570 281.96265739329999 280.00019077133715 91.962600708007812 14.751927375793457 61008
571 281.9567702886788 280.00019083360206 91.984481811523438 14.758489608764648 61115
572 281.95090262951186 280.00019089566081 91.989791870117188 14.695989608764648 61222
573 281.9450543475117 280.00019095751514 91.96484375 14.566354751586914 61329
574 281.93922537467483 280.00019101916507 91.923957824707031 14.599323272705078 61435
575 281.93341564328017 280.00019108061156 91.974632263183594 14.684218406677246 61542
576 281.92762508588629 280.00019114185528 91.977394104003906 14.784634590148926 61649
577 281.92185363533173 280.0001912028967 91.989059448242188 14.772031784057617 61756
578 281.91610122473145 280.00019126373689 91.977394104003906 14.762187957763672 61863
579 281.91036778747662 280.00019132437654 91.971305847167969 14.777396202087402 61970
580 281.9046532572321 280.00019138481593 91.969635009765625 14.733333587646484 62077
581 281.8989575679355 280.0001914450562 91.969947814941406 14.676667213439941 62184
582 281.89328065379533 280.00019150509775 91.948699951171875 14.657447814941406 62291
583 281.88762244928938 280.00019156494159 91.941612243652344 14.725936889648438 62398
584 281.88198288916294 280.00019162458824 91.950889587402344 14.758749961853027 62505
585 281.87636190842858 280.00019168403833 91.955467224121094 14.748749732971191 62612
586 281.87075944236284 280.00019174329265 91.961196899414062 14.749322891235352 62718
587 281.86517542650574 280.00019180235171 91.994216918945312 14.635469436645508 62825
588 281.85960979665884 280.00019186121659 91.997085571289062 14.605937957763672 62932
589 281.85406248888512 280.00019191988736 92.001350402832031 14.557968139648438 63039
590 281.84853343950527 280.00019197836525 92.024688720703125 14.612812995910645 63146
591 281.84302258509769 280.00019203665056 91.983070373535156 14.592761039733887 63253
592 281.83752986249715 280.00019209474419 91.972763061523438 14.568177223205566 63359
593 281.83205520879244 280.00019215264672 91.979896545410156 14.572552680969238 63466
594 281.82659856132602 280.00019221035882 91.957862854003906 14.603230476379395 63573
595 281.82115985769161 280.00019226788106 92.011093139648438 14.728593826293945 63680
596 281.8157390357336 280.00019232521407 91.988906860351562 14.744844436645508 63787
597 281.81033603354547 280.00019238235888 91.973487854003906 14.740989685058594 63894
598 281.80495078946763 280.00019243931558 91.957603454589844 14.764947891235352 64001
599 281.79958324208769 280.00019249608528 91.957809448242188 14.792760848999023 64108
600 281.79423333023703 280.00019255266841 91.948280334472656 14.794010162353516 64215
601 281.78890099299156 280.00019260906572 91.927970886230469 14.785208702087402 64322
602 281.78358616966904 280.00019266527784 91.933647155761719 14.755677223205566 64429
603 281.77828879982803 280.00019272130527 91.935211181640625 14.778854370117188 64535
604 281.77300882326682 280.00019277714887 91.939788818359375 14.674896240234375 64642
605 281.76774618002196 280.00019283280886 91.946144104003906 14.674635887145996 64749
606 281.76250081036716 280.00019288828645 91.928230285644531 14.696823120117188 64856
607 281.75727265481186 280.00019294358174 91.918487548828125 14.804374694824219 64963
608 281.75206165409986 280.00019299869575 91.916252136230469 14.792082786560059 65070
609 281.74686774920798 280.00019305362889 91.941612243652344 14.785312652587891 65177
610 281.74169088134573 280.00019310838178 91.937965393066406 14.790833473205566 65284
611 281.73653099195298 280.00019316295527 91.95880126953125 14.812603950500488 65391
612 281.73138802269887 280.0001932173497 91.964996337890625 14.792239189147949 65498
613 281.72626191548113 280.00019327156588 91.97869873046875 14.75275993347168 65605
614 281.72115261242493 280.00019332560413 91.953544616699219 14.758072853088379 65712
615 281.71606005588075 280.00019337946566 91.935417175292969 14.709114074707031 65819
616 281.71098418842433 280.00019343315034 91.962760925292969 14.704634666442871 65926
617 281.7059249528545 280.0001934866591 91.956405639648438 14.766926765441895 66033
618 281.70088229219294 280.00019353999249 91.957603454589844 14.804792404174805 66140
619 281.69585614968219 280.00019359315132 91.960731506347656 14.79197883605957 66247
620 281.6908464687852 280.0001936461361 91.927345275878906 14.802343368530273 66353
621 281.6858531931835 280.00019369894727 91.990524291992188 14.784427642822266 66460
622 281.68087626677681 280.00019375158547 91.94671630859375 14.760989189147949 66567
623 281.67591563368148 280.00019380405143 91.987030029296875 14.760260581970215 66674
624 281.67097123822919 280.00019385634573 91.964164733886719 14.796509742736816 66781
625 281.66604302496609 280.00019390846887 91.945991516113281 14.777655601501465 66888
626 281.66113093865204 280.00019396042154 91.95599365234375 14.771510124206543 66995
627 281.65623492425874 280.00019401220396 91.967918395996094 14.702655792236328 67102
628 281.65135492696959 280.00019406381705 91.937294006347656 14.785364151000977 67209
629 281.64649089217778 280.00019411526142 91.948173522949219 14.750052452087402 67316
630 281.64164276548576 280.00019416653737 91.98577880859375 14.784375190734863 67423
631 281.6368104927036 280.00019421764586 91.974319458007812 14.753749847412109 67530
632 281.63199401984883 280.00019426858699 91.943801879882812 14.777812957763672 67637
633 281.62719329314433 280.00019431936175 91.947135925292969 14.760364532470703 67744
634 281.62240825901875 280.00019436997059 91.976142883300781 14.643073081970215 67850
635 281.61763886410353 280.00019442041395 91.949165344238281 14.663281440734863 67957
636 281.61288505523368 280.00019447069218 91.942184448242188 14.643177032470703 68064
637 281.60814677944563 280.00019452080664 91.963127136230469 14.787187576293945 68171
638 281.60342398397711 280.00019457075706 91.945152282714844 14.739895820617676 68278
639 281.59871661626534 280.00019462054433 91.962913513183594 14.797032356262207 68385
640 281.59402462394627 280.00019467016892 91.972190856933594 14.783905982971191 68492
641 281.58934795485379 280.00019471963162 91.978279113769531 14.757760047912598 68599
642 281.5846865570191 280.00019476893272 91.975730895996094 14.777447700500488 68706
643 281.58004037866885 280.00019481807294 91.980575561523438 14.775729179382324 68813
644 281.57540936822448 280.00019486705258 91.973487854003906 14.785885810852051 68920
645 281.57079347430221 280.0001949158725 91.979476928710938 14.748386383056641 69027
646 281.5661926457106 280.00019496453297 91.988075256347656 14.685937881469727 69133
647 281.56160683145049 280.00019501303473 91.982757568359375 14.585156440734863 69240
648 281.55703598071415 280.00019506137812 91.983329772949219 14.568333625793457 69347
649 281.55248004288381 280.000195109564 91.990310668945312 14.760260581970215 69454
650 281.54793896753131 280.00019515759232 91.983329772949219 14.727656364440918 69561
651 281.54341270441682 280.00019520546431 91.955673217773438 14.77442741394043 69668
652 281.53890120348797 280.00019525317992 91.973594665527344 14.645833969116211 69775
653 281.53440441487908 280.00019530074007 91.9801025390625 14.702604293823242 69881
654 281.52992228891009 280.00019534814516 91.968490600585938 14.71442699432373 69988
655 281.52545477608601 280.00019539539568 91.973648071289062 14.750832557678223 70095
656 281.52100182709552 280.00019544249221 91.969482421875 14.758125305175781 70202
657 281.51656339281089 280.00019548943516 91.99749755859375 14.689167022705078 70309
658 281.51213942428592 280.00019553622502 91.963127136230469 14.661665916442871 70416
659 281.50772987275627 280.00019558286255 92.003959655761719 14.689479827880859 70523
660 281.50333468963828 280.0001956293479 91.991462707519531 14.693801879882812 70630
661 281.49895382652699 280.00019567568199 92.015731811523438 14.768280982971191 70737
662 281.49458723519751 280.00019572186517 91.9652099609375 14.655052185058594 70844
663 281.49023486760171 280.00019576789788 91.983642578125 14.65177059173584 70950
664 281.4858966758697 280.00019581378058 91.963386535644531 14.674478530883789 71057
665 281.48157261230716 280.00019585951378 91.979690551757812 14.660103797912598 71164
666 281.47726262939545 280.00019590509828 91.991142272949219 14.660988807678223 71271
667 281.47296667979072 280.00019595053431 91.995262145996094 14.650781631469727 71378
668 281.46868471632285 280.00019599582231 91.969062805175781 14.616615295410156 71485
669 281.46441669199493 280.00019604096281 91.977607727050781 14.624271392822266 71591
670 281.46016255998228 280.00019608595653 91.983642578125 14.749375343322754 71698
671 281.45592227363124 280.00019613080383 91.992393493652344 14.762552261352539 71805
672 281.4516957864596 280.00019617550515 91.970832824707031 14.646145820617676 71912
673 281.4474830521545 280.00019622006096 91.964950561523438 14.765677452087402 72019
674 281.44328402457216 280.00019626447187 91.98187255859375 14.811040878295898 72126
675 281.43909865773776 280.00019630873811 91.975784301757812 14.830207824707031 72233
676 281.43492690584344 280.00019635286048 91.940101623535156 14.790104866027832 72340
677 281.43076872324804 280.00019639683939 91.962242126464844 14.744167327880859 72447
678 281.42662406447704 280.00019644067544 91.917137145996094 14.671510696411133 72554
679 281.42249288422101 280.0001964843687 91.929374694824219 14.664896011352539 72661
680 281.41837513733475 280.00019652791974 91.961250305175781 14.791562080383301 72768
681 281.41427077883753 280.00019657132947 91.936508178710938 14.730937004089355 72875
682 281.41017976391083 280.00019661459794 91.950363159179688 14.643593788146973 72981
683 281.4061020478992 280.00019665772567 91.964218139648438 14.615676879882812 73088
684 281.40203758630844 280.00019670071327 91.939788818359375 14.603385925292969 73195
685 281.39798633480552 280.00019674356133 91.955001831054688 14.641510963439941 73302
686 281.39394824921737 280.00019678626984 91.923332214355469 14.638176918029785 73409
687 281.38992328553036 280.00019682883976 91.954429626464844 14.647707939147949 73515
688 281.38591139988944 280.00019687127144 91.931877136230469 14.725417137145996 73622
689 281.38191254859834 280.00019691356493 91.960105895996094 14.753853797912598 73729
690 281.37792668811738 280.00019695572138 91.917549133300781 14.777188301086426 73836
691 281.37395377506368 280.00019699774094 91.936668395996094 14.764166831970215 73943
692 281.36999376621065 280.00019703962369 91.927757263183594 14.653646469116211 74050
693 281.36604661848668 280.00019708137057 91.939323425292969 14.613124847412109 74157
694 281.36211228897486 280.00019712298194 91.940414428710938 14.595417022705078 74264
695 281.35819073491194 280.00019716445803 91.93499755859375 14.65177059173584 74370
696 281.35428191368845 280.00019720579968 91.933174133300781 14.766979217529297 74477
697 281.3503857828469 280.00019724700684 91.971038818359375 14.741823196411133 74584
698 281.34650230008242 280.00019728808041 91.975204467773438 14.66911506652832 74691
699 281.34263142324045 280.00019732902052 91.982292175292969 14.717499732971191 74798
700 281.33877311031756 280.00019736982796 91.956352233886719 14.62109375 74905
701 281.33492731946052 280.00019741050278 91.927970886230469 14.61328125 75011
702 281.33109400896467 280.00019745104549 91.92364501953125 14.730572700500488 75118
703 281.32727313727452 280.00019749145696 91.918075561523438 14.756250381469727 75225
704 281.3234646629827 280.00019753173711 91.939949035644531 14.787500381469727 75332
705 281.31966854482857 280.0001975718867 91.984321594238281 14.799687385559082 75439
706 281.31588474169882 280.000197611906 91.943695068359375 14.816094398498535 75546
707 281.312113212626 280.00019765179553 91.937446594238281 14.794061660766602 75653
708 281.30835391678806 280.00019769155546 91.925003051757812 14.800104141235352 75760
709 281.30460681350792 280.00019773118657 91.942863464355469 14.757811546325684 75867
710 281.30087186225273 280.00019777068923 91.931350708007812 14.769166946411133 75974
711 281.29714902263311 280.0001978100637 91.927810668945312 14.62989616394043 76081
712 281.29343825440327 280.0001978493105 91.917762756347656 14.669739723205566 76187
713 281.28973951745877 280.00019788843014 91.917343139648438 14.628698348999023 76294
714 281.28605277183783 280.00019792742273 91.920783996582031 14.719374656677246 76401
715 281.28237797771999 280.00019796628919 91.930000305175781 14.762760162353516 76508
716 281.2787150954245 280.00019800502935 91.896247863769531 14.548437118530273 76615
717 281.27506408541126 280.00019804364439 91.901771545410156 14.574739456176758 76721
718 281.2714249082797 280.00019808213386 91.936927795410156 14.598488807678223 76828
719 281.2677975247679 280.00019812049891 91.956352233886719 14.607343673706055 76935
720 281.26418189575202 280.00019815873912 91.9691162109375 14.688437461853027 77042
721 281.26057798224599 280.00019819685593 91.922500610351562 14.544530868530273 77148
722 281.25698574540144 280.00019823484917 91.912086486816406 14.689374923706055 77255
723 281.25340514650549 280.00019827271916 91.929374694824219 14.761406898498535 77362
724 281.24983614698215 280.00019831046677 91.923851013183594 14.781458854675293 77469
725 281.24627870839004 280.00019834809166 91.923805236816406 14.771666526794434 77576
726 281.2427327924234 280.00019838559501 91.915206909179688 14.773593902587891 77683
727 281.23919836091034 280.00019842297712 91.934684753417969 14.77052116394043 77790
728 281.23567537581266 280.00019846023741 91.949272155761719 14.613750457763672 77896
729 281.23216379922548 280.00019849737771 91.955467224121094 14.612447738647461 78003
730 281.22866359337661 280.00019853439744 91.910728454589844 14.617813110351562 78110
731 281.22517472062577 280.00019857129757 91.9261474609375 14.617342948913574 78217
732 281.2216971434641 280.00019860807788 91.911300659179688 14.599687576293945 78323
733 281.21823082451442 280.00019864473933 91.927970886230469 14.593906402587891 78430
734 281.2147757265289 280.00019868128214 91.944480895996094 14.754426956176758 78537
735 281.21133181239082 280.0001987177065 91.963851928710938 14.718906402587891 78644
736 281.20789904511213 280.00019875401307 91.975471496582031 14.642812728881836 78751
737 281.20447738783389 280.00019879020221 91.958023071289062 14.632811546325684 78858
738 281.20106680382548 280.00019882627396 91.925361633300781 14.763230323791504 78964
739 281.19766725648384 280.00019886222918 91.926979064941406 14.746770858764648 79071
740 281.19427870933424 280.00019889806805 91.960731506347656 14.760677337646484 79178
741 281.19090112602737 280.0001989337909 91.961250305175781 14.606510162353516 79285
742 281.18753447034106 280.00019896939824 91.958747863769531 14.771926879882812 79392
743 281.18417870617861 280.00019900489019 91.973228454589844 14.630312919616699 79499
744 281.18083379756911 280.0001990402676 91.954742431640625 14.776823043823242 79606
745 281.17749970866549 280.00019907553053 91.934738159179688 14.660625457763672 79712
746 281.17417640374561 280.00019911067932 92.008537292480469 14.677968978881836 79819
747 281.17086384721102 280.00019914571448 91.968231201171875 14.77854061126709 79926
748 281.16756200358662 280.00019918063651 91.9644775390625 14.794322967529297 80033
749 281.16427083751984 280.00019921544526 91.950935363769531 14.763280868530273 80140
750 281.1609903137803 280.00019925014152 91.970626831054688 14.808646202087402 80247
751 281.15772039726011 280.0001992847258 91.967552185058594 14.781302452087402 80354
752 281.1544610529715 280.00019931919815 91.945938110351562 14.767656326293945 80461
753 281.15121224604906 280.00019935355908 91.938491821289062 14.667394638061523 80568
754 281.14797394174661 280.00019938780883 91.974845886230469 14.726302146911621 80675
755 281.14474610543806 280.00019942194808 91.958541870117188 14.81739616394043 80782
756 281.14152870261711 280.0001994559766 91.957450866699219 14.812447547912598 80889
757 281.13832169889582 280.00019948989552 91.937553405761719 14.761562347412109 80996
758 281.13512506000535 280.00019952370445 91.9027099609375 14.747396469116211 81103
759 281.13193875179456 280.00019955740447 91.935836791992188 14.80119800567627 81210
760 281.12876274022955 280.00019959099529 91.948280334472656 14.760885238647461 81317
761 281.12559699139382 280.00019962447772 91.961822509765625 14.749218940734863 81423
762 281.12244147148749 280.00019965785185 91.962600708007812 14.748125076293945 81530
763 281.11929614682703 280.0001996911185 91.939064025878906 14.722238540649414 81637
764 281.11616098384388 280.00019972427742 91.916618347167969 14.791770935058594 81744
765 281.11303594908571 280.00019975732937 91.964691162109375 14.747864723205566 81851
766 281.10992100921436 280.00019979027422 91.925933837890625 14.784479141235352 81958
767 281.10681613100604 280.00019982311295 91.974479675292969 14.768801689147949 82065
768 281.103721281351 280.00019985584572 91.961769104003906 14.786927223205566 82172
769 281.10063642725288 280.00019988847237 91.977447509765625 14.762187004089355 82279
770 281.09756153582862 280.00019992099379 91.943855285644531 14.768124580383301 82386
771 281.09449657430758 280.00019995341023 91.950523376464844 14.816353797912598 82493
772 281.09144151003096 280.00019998572208 91.964683532714844 14.83031177520752 82600
773 281.0883963104522 280.00020001792961 91.957656860351562 14.776302337646484 82707
774 281.08536094313558 280.0002000500329 91.926513671875 14.782967567443848 82814
775 281.08233537575649 280.00020008203307 91.958488464355469 14.779740333557129 82921
776 281.07931957610077 280.00020011392934 91.937347412109375 14.796875 83028
777 281.07631351206425 280.00020014572283 91.9495849609375 14.784791946411133 83135
778 281.07331715165219 280.00020017741377 91.944839477539062 14.611874580383301 83241
779 281.0703304629792 280.00020020900251 91.934738159179688 14.561667442321777 83348
780 281.06735341426833 280.00020024048888 91.919425964355469 14.566354751586914 83455
781 281.06438597385142 280.00020027187418 91.981559753417969 14.730104446411133 83562
782 281.06142811016764 280.00020030315778 91.956298828125 14.766667366027832 83669
783 281.05847979176451 280.0002003343406 91.978279113769531 14.765572547912598 83776
784 281.05554098729573 280.00020036542276 91.957603454589844 14.747291564941406 83883
785 281.05261166552202 280.00020039640469 91.979789733886719 14.761094093322754 83990
786 281.04969179531099 280.00020042728664 91.982810974121094 14.758593559265137 84097
787 281.04678134563505 280.00020045806895 91.981719970703125 14.719687461853027 84204
788 281.04388028557281 280.000200488752 91.971038818359375 14.752812385559082 84311
789 281.04098858430768 280.00020051933575 91.976303100585938 14.728228569030762 84417
790 281.03810621112791 280.0002005498211 91.955574035644531 14.759843826293945 84524
791 281.03523313542598 280.00020058020817 91.957763671875 14.708229064941406 84631
792 281.03236932669819 280.00020061049702 91.9254150390625 14.600363731384277 84738
793 281.02951475454427 280.00020064068849 91.923805236816406 14.763592720031738 84845
794 281.02666938866724 280.00020067078225 91.922134399414062 14.754530906677246 84952
795 281.02383319887252 280.00020070077915 91.924583435058594 14.719427108764648 85059
796 281.02100615506868 280.00020073067941 91.910003662109375 14.637657165527344 85165
797 281.01818822726511 280.00020076048298 91.936042785644531 14.775416374206543 85272
798 281.01537938557311 280.0002007901906 91.930519104003906 14.781770706176758 85379
799 281.01257960020592 280.00020081980244 91.930885314941406 14.74119758605957 85486
800 281.00978884147668 280.00020084931884 91.898696899414062 14.609999656677246 85593
801 281.00700707979945 280.00020087873997 91.914581298828125 14.611302375793457 85699
802 281.0042342856878 280.00020090806629 91.902549743652344 14.594843864440918 85806
803 281.00147042975584 280.0002009372983 91.9332275390625 14.653801918029785 85913
804 280.99871548271619 280.00020096643578 91.906509399414062 14.608696937561035 86020
805 280.99596941538078 280.00020099547942 91.923019409179688 14.649582862854004 86127
806 280.99323219866 280.0002010244296 91.924583435058594 14.62947940826416 86233
807 280.99050380356255 280.00020105328633 91.913337707519531 14.595624923706055 86340
808 280.98778420119504 280.00020108204995 91.907135009765625 14.646145820617676 86447
809 280.985073362761 280.00020111072109 91.93609619140625 14.744583129882812 86554
810 280.98237125956189 280.00020113929986 91.893074035644531 14.718697547912598 86661
811 280.97967786299517 280.00020116778654 91.899009704589844 14.738801956176758 86767
812 280.97699314455542 280.00020119618119 91.888076782226562 14.753021240234375 86874
813 280.97431707583269 280.00020122448444 91.911773681640625 14.698177337646484 86981
814 280.97164962851303 280.00020125269697 91.892555236816406 14.587082862854004 87088
815 280.96899077437746 280.00020128081803 91.900680541992188 14.607551574707031 87194
816 280.9663404853024 280.00020130884866 91.895576477050781 14.756093978881836 87301
817 280.9636987332587 280.0002013367893 91.909217834472656 14.687812805175781 87408
818 280.96106549031157 280.00020136463968 91.905677795410156 14.731666564941406 87515
819 280.95844072862013 280.0002013924003 91.934478759765625 14.601822853088379 87622
820 280.95582442043701 280.00020142007156 91.978958129882812 14.706978797912598 87729
821 280.95321653810805 280.00020144765386 91.96484375 14.613905906677246 87835
822 280.95061705407244 280.00020147514726 91.939582824707031 14.599061965942383 87942
823 280.94802594086127 280.0002015025521 91.960311889648438 14.599270820617676 88049
824 280.94544317109853 280.00020152986849 91.955520629882812 14.635260581970215 88156
825 280.94286871749938 280.00020155709711 91.961769104003906 14.599323272705078 88263
826 280.94030255287117 280.0002015842382 91.937294006347656 14.537447929382324 88369
827 280.93774465011217 280.00020161129169 91.932601928710938 14.600468635559082 88476
828 280.93519498221178 280.0002016382582 91.924476623535156 14.685833930969238 88583
829 280.93265352224961 280.00020166513769 91.970260620117188 14.768854141235352 88690
830 280.93012024339583 280.00020169193107 91.980155944824219 14.788436889648438 88797
831 280.92759511891035 280.00020171863781 91.9605712890625 14.765781402587891 88904
832 280.92507812214262 280.00020174525889 91.89202880859375 14.626458168029785 89010
833 280.92256922653121 280.00020177179397 91.9027099609375 14.589792251586914 89117
834 280.92006840560435 280.00020179824384 91.923751831054688 14.726718902587891 89224
835 280.91757563297796 280.00020182460861 91.947761535644531 14.626978874206543 89331
836 280.91509088235671 280.00020185088857 91.940261840820312 14.58729076385498 89437
837 280.91261412753312 280.00020187708395 91.909378051757812 14.68708324432373 89544
838 280.91014534238758 280.00020190319486 91.930938720703125 14.703802108764648 89651
839 280.90768450088763 280.00020192922182 91.903335571289062 14.849636077880859 89758
840 280.90523157708782 280.00020195516521 91.911506652832031 14.785625457763672 89865
841 280.90278654512929 280.00020198102493 91.914741516113281 14.770782470703125 89972
842 280.90034937924003 280.00020200680143 91.914268493652344 14.667499542236328 90079
843 280.8979200537338 280.00020203249522 91.942970275878906 14.734790802001953 90186
844 280.89549854300981 280.00020205810614 91.942550659179688 14.704322814941406 90292
845 280.89308482155343 280.00020208363486 91.969581604003906 14.780885696411133 90399
846 280.89067886393468 280.00020210908133 91.946876525878906 14.773905754089355 90506
847 280.88828064480873 280.00020213444606 91.942710876464844 14.570364952087402 90613
848 280.88589013891504 280.0002021597291 91.909584045410156 14.584375381469727 90720
849 280.88350732107762 280.00020218493086 91.942031860351562 14.576250076293945 90826
850 280.88113216620405 280.00020221005173 91.922500610351562 14.58145809173584 90933
851 280.87876464928621 280.00020223509165 91.911247253417969 14.632968902587891 91040
852 280.87640474539842 280.0002022600512 91.897499084472656 14.833230018615723 91147
853 280.87405242969879 280.00020228493054 91.942031860351562 14.779844284057617 91254
854 280.87170767742799 280.00020230972967 91.913902282714844 14.653020858764648 91361
855 280.86937046390887 280.00020233444889 91.908958435058594 14.652396202087402 91467
856 280.86704076454697 280.00020235908909 91.933746337890625 14.762240409851074 91574
857 280.86471855482949 280.00020238364954 91.926353454589844 14.665156364440918 91681
858 280.86240381032451 280.00020240813137 91.901145935058594 14.72598934173584 91788
859 280.86009650668279 280.00020243253459 91.926612854003906 14.661823272705078 91895
860 280.857796619635 280.00020245685937 91.907707214355469 14.59593677520752 92001
861 280.85550412499293 280.00020248110576 91.899375915527344 14.552499771118164 92108
862 280.8532189986488 280.00020250527433 91.901405334472656 14.573489189147949 92215
863 280.85094121657471 280.00020252936525 91.906875610351562 14.605104446411133 92322
864 280.84867075482344 280.0002025533787 91.875053405761719 14.572604179382324 92428
865 280.84640758952628 280.00020257731501 91.871772766113281 14.710938453674316 92535
866 280.84415169689453 280.00020260117441 91.868545532226562 14.730521202087402 92642
867 280.84190305321812 280.00020262495707 91.875938415527344 14.783698081970215 92749
868 280.83966163486599 280.00020264866328 91.885673522949219 14.819948196411133 92856
869 280.8374274182857 280.00020267229354 91.905784606933594 14.781978607177734 92963
870 280.83520038000245 280.00020269584763 91.924476623535156 14.768959045410156 93069
871 280.83298049661988 280.00020271932618 91.934112548828125 14.772083282470703 93176
872 280.83076774481901 280.0002027427293 91.931976318359375 14.786042213439941 93283
873 280.8285621013581 280.00020276605727 91.949996948242188 14.765781402587891 93390
874 280.82636354307317 280.00020278931026 91.941299438476562 14.620207786560059 93497
875 280.8241720468759 280.0002028124884 91.925468444824219 14.613489151000977 93604
876 280.82198758975579 280.00020283559218 91.908279418945312 14.630937576293945 93710
877 280.819810148778 280.00020285862189 91.928596496582031 14.933646202087402 93818
878 280.81763970108324 280.00020288157754 91.950469970703125 14.780364036560059 93925
879 280.81547622388922 280.00020290445951 91.944427490234375 14.79020881652832 94032
880 280.81331969448792 280.00020292726805 91.975624084472656 14.806094169616699 94139
881 280.81117009024723 280.00020295000314 91.985519409179688 14.786927223205566 94246
882 280.80902738860982 280.00020297266542 91.958023071289062 14.796717643737793 94353
883 280.80689156709269 280.00020299525494 91.986610412597656 14.770259857177734 94460
884 280.80476260328811 280.0002030177717 91.941825866699219 14.77286434173584 94567
885 280.8026404748619 280.00020304021643 91.943122863769531 14.662968635559082 94673
886 280.80052515955379 280.00020306258881 91.9644775390625 14.815780639648438 94780
887 280.79841663517749 280.00020308488979 91.971878051757812 14.786927223205566 94887
888 280.79631487962007 280.00020310711892 91.910049438476562 14.741719245910645 94994
889 280.7942198708414 280.00020312927654 91.927711486816406 14.64744758605957 95101
890 280.79213158687452 280.00020315136334 91.945625305175781 14.784844398498535 95208
891 280.79005000582515 280.00020317337896 91.953071594238281 14.784895896911621 95315
892 280.78797510587157 280.00020319532433 91.918388366699219 14.765416145324707 95422
893 280.78590686526348 280.00020321719887 91.936195373535156 14.799270629882812 95529
894 280.78384526232333 280.00020323900327 91.919944763183594 14.599062919616699 95635
895 280.78179027544445 280.00020326073786 91.914482116699219 14.791041374206543 95742
896 280.77974188309236 280.00020328240259 91.916923522949219 14.713957786560059 95849
897 280.7777000638028 280.00020330399798 91.91973876953125 14.666927337646484 95956
898 280.77566479618332 280.00020332552401 91.893592834472656 14.603801727294922 96063
899 280.77363605891134 280.00020334698041 91.9261474609375 14.65880298614502 96170
900 280.7716138307353 280.00020336836866 91.903701782226562 14.663906097412109 96276
901 280.76959809047366 280.00020338968795 91.898696899414062 14.617709159851074 96383
902 280.76758881701437 280.00020341093909 91.888542175292969 14.615572929382324 96490
903 280.7655859893153 280.00020343212196 91.894271850585938 14.695417404174805 96597
904 280.76358958640418 280.00020345323685 91.893959045410156 14.776510238647461 96703
905 280.76159958737742 280.00020347428398 91.898017883300781 14.779948234558105 96810
906 280.75961597140048 280.00020349526358 91.892288208007812 14.796510696411133 96917
907 280.75763871770738 280.0002035161761 91.900054931640625 14.660364151000977 97024
908 280.75566780560149 280.00020353702115 91.884788513183594 14.614583015441895 97131
909 280.75370321445342 280.00020355779964 91.902656555175781 14.779843330383301 97238
910 280.75174492370201 280.00020357851156 91.894950866699219 14.776145935058594 97344
911 280.74979291285428 280.00020359915681 91.875991821289062 14.751928329467773 97451
912 280.74784716148429 280.00020361973617 91.900985717773438 14.761458396911621 97558
913 280.74590764923391 280.00020364024931 91.883903503417969 14.651249885559082 97665
914 280.74397435581193 280.00020366069668 91.89166259765625 14.790833473205566 97772
915 280.74204726099367 280.0002036810784 91.939895629882812 14.771665573120117 97879
916 280.74012634462139 280.00020370139504 91.920211791992188 14.766353607177734 97986
917 280.7382115866036 280.0002037216463 91.934425354003906 14.763176918029785 98093
918 280.73630296691522 280.00020374183259 91.921302795410156 14.788176536560059 98199
919 280.73440046559654 280.00020376195459 91.956199645996094 14.77109432220459 98306
920 280.73250406275451 280.00020378201179 91.928230285644531 14.79531192779541 98413
921 280.73061373856063 280.00020380200476 91.94354248046875 14.748072624206543 98520
922 280.72872947325209 280.0002038219335 91.930992126464844 14.965155601501465 98627
923 280.72685124713138 280.00020384179862 91.950836181640625 14.783490180969238 98734
924 280.72497904056502 280.00020386159997 91.899688720703125 14.773124694824219 98841
925 280.72311283398483 280.00020388133777 91.920570373535156 14.772030830383301 98948
926 280.72125260788675 280.00020390101247 91.892341613769531 14.752917289733887 99055
927 280.71939834283125 280.00020392062379 91.905731201171875 14.74843692779541 99162
928 280.71755001944183 280.00020394017275 91.892501831054688 14.720781326293945 99269
929 280.7157076184065 280.00020395965879 91.915939331054688 14.781874656677246 99376
930 280.71387112047677 280.00020397908264 91.922607421875 14.749375343322754 99483
931 280.71204050646674 280.00020399844385 91.912971496582031 14.782084465026855 99589
932 280.7102157572545 280.0002040177431 91.877288818359375 15.291769981384277 99697
933 280.70839685378024 280.00020403698085 91.932861328125 14.792187690734863 99804
934 280.70658377704734 280.0002040561568 91.870155334472656 14.698749542236328 99911
935 280.70477650812086 280.00020407527126 91.863700866699219 14.603750228881836 100017
936 280.70297502812906 280.00020409432454 91.889533996582031 14.634166717529297 100124
937 280.70117931826155 280.0002041133169 91.877761840820312 14.629843711853027 100231
938 280.69938935976984 280.00020413224831 91.884162902832031 14.618124961853027 100338
939 280.69760513396704 280.00020415111902 91.875259399414062 14.743021011352539 100445
940 280.69582662222786 280.00020416992948 91.902236938476562 14.656978607177734 100551
941 280.69405380598783 280.00020418867962 91.881195068359375 14.612343788146973 100658
942 280.69228666674331 280.00020420736985 91.869735717773438 14.607291221618652 100765
943 280.69052518605201 280.00020422599999 91.899375915527344 14.695416450500488 100872
944 280.68876934553191 280.00020424457057 91.88922119140625 14.758125305175781 100978
945 280.68701912686095 280.00020426308146 91.895523071289062 14.75218677520752 101085
946 280.68527451177761 280.00020428153346 91.850883483886719 14.772239685058594 101192
947 280.6835354820804 280.00020429992639 91.889686584472656 14.712499618530273 101299
948 280.68180201962718 280.0002043182601 91.89630126953125 14.717290878295898 101406
949 280.6800741063355 280.00020433653532 91.906875610351562 14.773958206176758 101513
950 280.67835172418228 280.00020435475216 91.903228759765625 14.763542175292969 101620
951 280.67663485520359 280.0002043729105 91.898178100585938 14.75156307220459 101726
952 280.6749234814942 280.00020439101087 91.92327880859375 14.819948196411133 101833
953 280.67321758520791 280.00020440905308 91.921875 14.764010429382324 101940
954 280.67151714855686 280.00020442703777 91.908073425292969 14.629426956176758 102047
955 280.66982215381131 280.00020444496488 91.908538818359375 14.628803253173828 102154
956 280.66813258330018 280.00020446283435 91.92010498046875 14.675469398498535 102261
957 280.66644841940996 280.00020448064697 91.947555541992188 14.75171947479248 102367
958 280.66476964458496 280.00020449840241 91.90802001953125 14.770259857177734 102474
959 280.6630962413268 280.00020451610123 91.978538513183594 14.790884971618652 102581
960 280.66142819219493 280.0002045337431 91.976669311523438 14.777187347412109 102688
961 280.65976547980534 280.00020455132898 91.976097106933594 14.784530639648438 102795
962 280.65810808683176 280.00020456885812 91.943954467773438 14.805417060852051 102902
963 280.65645599600384 280.00020458633162 91.94781494140625 14.769270896911621 103009
964 280.65480919010838 280.00020460374913 91.962448120117188 14.755312919616699 103116
965 280.65316765198861 280.00020462111047 91.957496643066406 14.763334274291992 103223
966 280.65153136454347 280.00020463841673 91.93890380859375 14.696196556091309 103330
967 280.64990031072824 280.00020465566746 91.944007873535156 14.778594017028809 103437
968 280.64827447355407 280.00020467286316 91.960052490234375 14.784062385559082 103544
969 280.64665383608758 280.00020469000373 91.91937255859375 14.720781326293945 103651
970 280.645038381451 280.00020470708955 91.915573120117188 14.661197662353516 103758
971 280.64342809282141 280.00020472412064 91.939689636230469 14.653073310852051 103864
972 280.64182295343164 280.00020474109738 91.921249389648438 14.737188339233398 103971
973 280.64022294656894 280.00020475801989 91.93572998046875 14.797552108764648 104078
974 280.6386280555754 280.00020477488812 91.951873779296875 14.773228645324707 104185
975 280.63703826384727 280.00020479170246 91.908485412597656 14.680051803588867 104292
976 280.63545355483586 280.00020480846314 91.8714599609375 14.788437843322754 104399
977 280.63387391204589 280.00020482517027 91.906143188476562 14.625885963439941 104505
978 280.63229931903658 280.00020484182375 91.919998168945312 14.76619815826416 104612
979 280.63072975942077 280.00020485842418 91.924110412597656 14.791042327880859 104719
980 280.62916521686509 280.0002048749717 91.934478759765625 14.76447868347168 104826
981 280.62760567508889 280.00020489146601 91.929428100585938 14.616665840148926 104933
982 280.62605111786576 280.00020490790769 91.932861328125 14.612604141235352 105040
983 280.62450152902159 280.00020492429701 91.91583251953125 14.621978759765625 105147
984 280.62295689243575 280.00020494063386 91.905677795410156 14.619687080383301 105253
985 280.62141719203981 280.0002049569182 91.879898071289062 14.620469093322754 105360
986 280.61988241181825 280.00020497315109 91.887344360351562 14.596041679382324 105467
987 280.61835253580779 280.00020498933156 91.910209655761719 14.576719284057617 105574
988 280.61682754809721 280.00020500546054 91.908279418945312 14.767239570617676 105680
989 280.61530743282759 280.00020502153785 91.918075561523438 14.782500267028809 105787
990 280.61379217419164 280.000205037564 91.916252136230469 14.731979370117188 105894
991 280.61228175643362 280.00020505353882 91.899948120117188 14.598125457763672 106001
992 280.61077616385001 280.00020506946271 91.905052185058594 14.683229446411133 106108
993 280.60927538078755 280.00020508533572 91.900413513183594 14.581459045410156 106214
994 280.60777939164473 280.00020510115792 91.892242431640625 14.714323043823242 106321
995 280.6062881808711 280.00020511692958 91.897445678710938 14.76291561126709 106428
996 280.60480173296685 280.00020513265116 91.929634094238281 14.777812004089355 106535
997 280.60332003248283 280.00020514832221 91.912605285644531 14.771198272705078 106642
998 280.60184306402016 280.00020516394341 91.922920227050781 14.742396354675293 106749
999 280.60037081223101 280.00020517951452 91.934425354003906 14.734635353088379 106856
1000 280.59890326181659 280.00020519503607 91.923591613769531 14.719061851501465 106963
