iteration internal-T external-T loop-time(ms) wall-time(ms)
0 300 260 9.5638 11
1 299.867 260 9.51427 22
2 299.735 260 9.4962 34
3 299.606 260 9.46906 45
4 299.478 260 9.49417 56
5 299.351 260 9.47313 67
6 299.227 260 9.50062 79
7 299.103 260 9.46771 90
8 298.982 260 9.4801 101
9 298.862 260 9.47573 112
10 298.743 260 9.475 124
11 298.626 260 9.48057 135
12 298.51 260 9.43302 146
13 298.396 260 9.41604 157
14 298.282 260 9.50641 168
15 298.171 260 9.47771 180
16 298.06 260 9.49599 191
17 297.951 260 9.48318 202
18 297.843 260 9.5013 213
19 297.736 260 9.48698 225
20 297.63 260 9.47812 236
21 297.526 260 9.47323 247
22 297.422 260 9.49443 258
23 297.32 260 9.47338 269
24 297.219 260 9.47771 281
25 297.118 260 9.45026 292
26 297.019 260 9.48854 303
27 296.921 260 9.47359 314
28 296.824 260 9.47901 326
29 296.728 260 9.41687 337
30 296.633 260 9.44401 348
31 296.538 260 9.42865 359
32 296.445 260 9.47146 370
33 296.352 260 9.4749 381
34 296.261 260 9.47234 393
35 296.17 260 9.41609 404
36 296.08 260 9.48719 415
37 295.991 260 9.46391 426
38 295.903 260 9.43052 437
39 295.815 260 9.52703 449
40 295.729 260 9.50396 460
41 295.643 260 9.47031 471
42 295.557 260 9.44552 482
43 295.473 260 9.40333 493
44 295.389 260 9.41745 505
45 295.306 260 9.47505 516
46 295.224 260 9.4437 527
47 295.142 260 9.41297 538
48 295.062 260 9.4388 549
49 294.981 260 9.45896 560
50 294.902 260 9.5012 572
51 294.823 260 9.40844 583
52 294.744 260 9.48563 594
53 294.667 260 9.47198 605
54 294.59 260 9.43719 616
55 294.513 260 9.43969 628
56 294.437 260 9.45771 639
57 294.362 260 9.45672 650
58 294.287 260 9.45562 661
59 294.213 260 9.45536 672
60 294.139 260 9.48646 683
61 294.066 260 9.46255 695
62 293.994 260 9.49745 706
63 293.922 260 9.45766 717
64 293.85 260 9.4738 728
65 293.779 260 9.43401 739
66 293.709 260 9.49963 751
67 293.639 260 9.46656 762
68 293.569 260 9.47453 773
69 293.5 260 9.46755 784
70 293.431 260 9.48057 796
71 293.363 260 9.47005 807
72 293.296 260 9.47406 818
73 293.228 260 9.42302 829
74 293.162 260 9.48948 840
75 293.095 260 9.46 852
76 293.029 260 9.47495 863
77 292.964 260 9.46026 874
78 292.899 260 9.46896 885
79 292.834 260 9.70854 897
80 292.77 260 9.6713 908
81 292.706 260 9.45318 920
82 292.643 260 9.49448 931
83 292.58 260 9.63234 943
84 292.517 260 9.46792 954
85 292.455 260 9.42536 965
86 292.393 260 9.43297 976
87 292.332 260 9.41979 987
88 292.27 260 9.42797 998
89 292.21 260 9.43698 1010
90 292.149 260 9.44208 1021
91 292.089 260 9.42708 1032
92 292.029 260 9.49406 1043
93 291.97 260 9.475 1054
94 291.911 260 9.46109 1066
95 291.852 260 9.46135 1077
96 291.794 260 9.47385 1088
97 291.736 260 9.42698 1099
98 291.678 260 9.48208 1110
99 291.621 260 9.4701 1122
100 291.564 260 9.47531 1133
101 291.507 260 9.47229 1144
102 291.45 260 9.48386 1155
103 291.394 260 9.47932 1166
104 291.338 260 9.4751 1178
105 291.283 260 9.42422 1189
106 291.227 260 9.46932 1200
107 291.172 260 9.45854 1211
108 291.118 260 9.47573 1222
109 291.063 260 9.46766 1234
110 291.009 260 9.49162 1245
111 290.955 260 9.44625 1256
112 290.902 260 9.48365 1267
113 290.848 260 9.46766 1278
114 290.795 260 9.49167 1290
115 290.742 260 9.46984 1301
116 290.69 260 9.49234 1312
117 290.637 260 9.46844 1323
118 290.585 260 9.44099 1334
119 290.534 260 9.4063 1346
120 290.482 260 9.45938 1357
121 290.431 260 9.48427 1368
122 290.38 260 9.47547 1379
123 290.329 260 9.45682 1390
124 290.278 260 9.48469 1402
125 290.228 260 9.42745 1413
126 290.178 260 9.4812 1424
127 290.128 260 9.47161 1435
128 290.078 260 9.43359 1446
129 290.029 260 9.465 1458
130 289.98 260 9.46495 1469
131 289.931 260 9.45797 1480
132 289.882 260 9.47984 1491
133 289.834 260 9.45953 1502
134 289.785 260 9.50719 1514
135 289.737 260 9.43818 1525
136 289.689 260 9.48135 1536
137 289.642 260 9.44573 1547
138 289.594 260 9.48385 1558
139 289.547 260 9.47276 1569
140 289.5 260 9.44943 1581
141 289.453 260 9.44578 1592
142 289.406 260 9.48297 1603
143 289.36 260 9.42214 1614
144 289.314 260 9.48307 1625
145 289.267 260 9.47406 1637
146 289.222 260 9.42161 1648
147 289.176 260 9.46281 1659
148 289.13 260 9.45037 1670
149 289.085 260 9.44281 1681
150 289.04 260 9.4713 1693
151 288.995 260 9.44224 1704
152 288.95 260 9.47568 1715
153 288.906 260 9.46516 1726
154 288.861 260 9.49792 1737
155 288.817 260 9.44198 1748
156 288.773 260 9.42927 1760
157 288.729 260 9.41203 1771
158 288.685 260 9.4699 1782
159 288.642 260 9.43281 1793
160 288.598 260 9.44734 1804
161 288.555 260 9.46969 1816
162 288.512 260 9.45359 1827
163 288.469 260 9.46318 1838
164 288.427 260 9.49443 1849
165 288.384 260 9.4313 1860
166 288.342 260 9.50026 1871
167 288.299 260 9.45948 1883
168 288.257 260 9.45875 1894
169 288.216 260 9.46062 1905
170 288.174 260 9.46068 1916
171 288.132 260 9.46109 1928
172 288.091 260 9.89432 1940
173 288.049 260 9.60073 1951
174 288.008 260 9.6151 1963
175 287.967 260 9.60229 1974
176 287.926 260 9.61047 1986
177 287.886 260 9.49906 1997
178 287.845 260 9.4963 2008
179 287.805 260 9.44245 2020
180 287.765 260 9.47646 2031
181 287.724 260 9.46495 2042
182 287.684 260 9.46016 2053
183 287.645 260 9.48443 2064
184 287.605 260 9.44411 2075
185 287.565 260 9.43635 2087
186 287.526 260 9.48505 2098
187 287.487 260 9.46297 2109
188 287.447 260 9.43563 2120
189 287.408 260 9.48193 2131
190 287.37 260 9.45594 2143
191 287.331 260 9.46724 2154
192 287.292 260 9.46651 2165
193 287.254 260 9.45687 2176
194 287.215 260 9.48432 2187
195 287.177 260 9.43151 2199
196 287.139 260 9.42208 2210
197 287.101 260 9.42385 2221
198 287.063 260 9.47115 2232
199 287.025 260 9.46854 2243
200 286.988 260 9.48339 2255
201 286.95 260 9.51214 2266
202 286.913 260 9.49745 2277
203 286.876 260 9.45323 2288
204 286.839 260 9.4776 2300
205 286.802 260 9.43266 2311
206 286.765 260 9.45391 2322
207 286.728 260 9.45057 2333
208 286.691 260 9.48203 2344
209 286.655 260 9.42875 2356
210 286.618 260 9.46255 2367
211 286.582 260 9.45703 2378
212 286.546 260 9.49901 2389
213 286.51 260 9.45203 2400
214 286.474 260 9.49354 2412
215 286.438 260 9.39427 2423
216 286.402 260 9.45766 2434
217 286.367 260 9.46245 2445
218 286.331 260 9.46912 2456
219 286.296 260 9.47177 2467
220 286.261 260 9.45573 2479
221 286.225 260 9.45859 2490
222 286.19 260 9.48057 2501
223 286.155 260 9.42599 2512
224 286.12 260 9.47458 2523
225 286.086 260 9.43807 2534
226 286.051 260 9.45927 2546
227 286.016 260 9.47239 2557
228 285.982 260 9.43464 2568
229 285.948 260 9.42792 2579
230 285.913 260 9.46068 2590
231 285.879 260 9.43859 2602
232 285.845 260 9.43526 2613
233 285.811 260 9.44901 2624
234 285.777 260 9.47318 2635
235 285.744 260 9.43417 2646
236 285.71 260 9.4776 2657
237 285.676 260 9.45068 2669
238 285.643 260 9.49 2680
239 285.609 260 9.47203 2691
240 285.576 260 9.47578 2702
241 285.543 260 9.45443 2713
242 285.51 260 9.47266 2725
243 285.477 260 9.47005 2736
244 285.444 260 9.46734 2747
245 285.411 260 9.47062 2758
246 285.379 260 9.45682 2769
247 285.346 260 9.44417 2780
248 285.313 260 9.49531 2792
249 285.281 260 9.45891 2803
250 285.249 260 9.4449 2814
251 285.216 260 9.46328 2825
252 285.184 260 9.50729 2837
253 285.152 260 9.47625 2848
254 285.12 260 9.45312 2859
255 285.088 260 9.42818 2870
256 285.056 260 9.46333 2881
257 285.025 260 9.43557 2892
258 284.993 260 9.4862 2904
259 284.961 260 9.45281 2915
260 284.93 260 9.48552 2926
261 284.898 260 9.41505 2937
262 284.867 260 9.49354 2948
263 284.836 260 9.46786 2960
264 284.805 260 9.42693 2971
265 284.774 260 9.47286 2982
266 284.743 260 9.50927 2993
267 284.712 260 9.53458 3005
268 284.681 260 9.49146 3016
269 284.65 260 9.46365 3027
270 284.62 260 9.47812 3038
271 284.589 260 9.46661 3049
272 284.558 260 9.4863 3061
273 284.528 260 9.47057 3072
274 284.498 260 9.49292 3083
275 284.467 260 9.44344 3094
276 284.437 260 9.46229 3105
277 284.407 260 9.47766 3117
278 284.377 260 9.47417 3128
279 284.347 260 9.46021 3139
280 284.317 260 9.49312 3150
281 284.287 260 9.43688 3161
282 284.258 260 9.47078 3173
283 284.228 260 9.44292 3184
284 284.198 260 9.49005 3195
285 284.169 260 9.51297 3206
286 284.14 260 9.52969 3218
287 284.11 260 9.50937 3229
288 284.081 260 9.47068 3240
289 284.052 260 9.48219 3251
290 284.023 260 9.52188 3262
291 283.993 260 9.45776 3274
292 283.964 260 9.46323 3285
293 283.936 260 9.51651 3296
294 283.907 260 9.53318 3308
295 283.878 260 9.50474 3319
296 283.849 260 9.50922 3330
297 283.82 260 9.4438 3341
298 283.792 260 9.47771 3352
299 283.763 260 9.56287 3364
300 283.735 260 9.59276 3375
301 283.707 260 9.50417 3387
302 283.678 260 9.5175 3398
303 283.65 260 9.50109 3409
304 283.622 260 9.52724 3420
305 283.594 260 9.52745 3432
306 283.566 260 9.53417 3443
307 283.538 260 9.51026 3454
308 283.51 260 9.45115 3466
309 283.482 260 9.45083 3477
310 283.454 260 9.50167 3488
311 283.427 260 9.505 3499
312 283.399 260 9.52417 3510
313 283.371 260 9.5075 3522
314 283.344 260 9.48307 3533
315 283.316 260 9.45203 3544
316 283.289 260 9.4851 3555
317 283.262 260 9.49037 3566
318 283.234 260 9.50849 3578
319 283.207 260 9.49974 3589
320 283.18 260 9.48927 3600
321 283.153 260 9.49927 3611
322 283.126 260 9.46026 3623
323 283.099 260 9.50214 3634
324 283.072 260 9.43516 3645
325 283.045 260 9.4937 3656
326 283.019 260 9.50078 3668
327 282.992 260 9.50099 3679
328 282.965 260 9.51745 3690
329 282.939 260 9.50036 3701
330 282.912 260 9.49339 3712
331 282.886 260 9.50438 3724
332 282.859 260 9.51656 3735
333 282.833 260 9.51547 3746
334 282.807 260 9.52677 3757
335 282.78 260 9.50036 3769
336 282.754 260 9.51318 3780
337 282.728 260 9.46937 3791
338 282.702 260 9.52464 3802
339 282.676 260 9.45818 3814
340 282.65 260 9.51505 3825
341 282.624 260 9.50865 3836
342 282.598 260 9.51141 3847
343 282.573 260 9.50948 3859
344 282.547 260 9.5038 3870
345 282.521 260 9.48536 3881
346 282.496 260 9.48771 3892
347 282.47 260 9.46698 3903
348 282.444 260 9.51792 3915
349 282.419 260 9.48745 3926
350 282.394 260 9.52542 3937
351 282.368 260 9.47901 3948
352 282.343 260 9.46135 3960
353 282.318 260 9.49281 3971
354 282.293 260 9.51911 3982
355 282.267 260 9.49344 3993
356 282.242 260 9.51307 4005
357 282.217 260 9.48885 4016
358 282.192 260 9.5237 4027
359 282.168 260 9.4999 4038
360 282.143 260 9.51406 4050
361 282.118 260 9.50573 4061
362 282.093 260 9.52448 4072
363 282.068 260 9.46057 4083
364 282.044 260 9.51484 4094
365 282.019 260 9.50302 4106
366 281.995 260 9.49677 4117
367 281.97 260 9.50536 4128
368 281.946 260 9.48854 4139
369 281.921 260 9.50974 4151
370 281.897 260 9.51755 4162
371 281.873 260 9.4938 4173
372 281.848 260 9.52698 4184
373 281.824 260 9.50245 4196
374 281.8 260 9.51693 4207
375 281.776 260 9.48125 4218
376 281.752 260 9.51094 4229
377 281.728 260 9.50521 4241
378 281.704 260 9.52339 4252
379 281.68 260 9.50068 4263
380 281.656 260 9.52224 4274
381 281.632 260 9.50964 4286
382 281.609 260 9.50432 4297
383 281.585 260 9.50948 4308
384 281.561 260 9.52271 4319
385 281.538 260 9.50037 4331
386 281.514 260 9.52432 4342
387 281.491 260 9.46589 4353
388 281.467 260 9.49094 4364
389 281.444 260 9.49427 4376
390 281.42 260 9.51781 4387
391 281.397 260 9.94453 4399
392 281.374 260 10.1578 4411
393 281.35 260 9.77484 4423
394 281.327 260 9.82917 4435
395 281.304 260 10.0819 4448
396 281.281 260 9.94292 4460
397 281.258 260 9.59281 4471
398 281.235 260 9.50589 4483
399 281.212 260 9.49693 4494
400 281.189 260 9.49297 4505
401 281.166 260 9.51479 4516
402 281.143 260 9.50276 4528
403 281.12 260 9.49516 4539
404 281.098 260 9.50344 4550
405 281.075 260 9.50193 4561
406 281.052 260 9.58568 4573
407 281.03 260 9.52708 4584
408 281.007 260 9.53339 4595
409 280.985 260 9.5 4607
410 280.962 260 9.4912 4618
411 280.94 260 9.45755 4629
412 280.917 260 9.48281 4640
413 280.895 260 9.51521 4651
414 280.873 260 9.51724 4663
415 280.85 260 9.48328 4674
416 280.828 260 9.4974 4685
417 280.806 260 9.49016 4696
418 280.784 260 9.4949 4708
419 280.762 260 9.46974 4719
420 280.74 260 9.47771 4730
421 280.718 260 9.47516 4741
422 280.696 260 9.4613 4752
423 280.674 260 9.49719 4764
424 280.652 260 9.54333 4775
425 280.63 260 10.1967 4787
426 280.608 260 9.62484 4799
427 280.586 260 9.51255 4810
428 280.564 260 9.53005 4821
429 280.543 260 9.51333 4832
430 280.521 260 9.51458 4844
431 280.5 260 9.49094 4855
432 280.478 260 9.50573 4866
433 280.456 260 9.51208 4877
434 280.435 260 9.49333 4889
435 280.413 260 9.49708 4900
436 280.392 260 9.48479 4911
437 280.371 260 9.50724 4922
438 280.349 260 9.50286 4934
439 280.328 260 9.50323 4945
440 280.307 260 9.53073 4956
441 280.285 260 9.48953 4967
442 280.264 260 9.52422 4979
443 280.243 260 9.50203 4990
444 280.222 260 9.52479 5001
445 280.201 260 9.49312 5012
446 280.18 260 9.4962 5023
447 280.159 260 9.50281 5035
448 280.138 260 9.51396 5046
449 280.117 260 9.49786 5057
450 280.096 260 9.52505 5068
451 280.075 260 9.49109 5080
452 280.054 260 9.51339 5091
453 280.034 260 9.49682 5102
454 280.013 260 9.51495 5113
455 279.992 260 9.49839 5125
456 279.972 260 9.51208 5136
457 279.951 260 9.49667 5147
458 279.93 260 9.50714 5158
459 279.91 260 9.46417 5169
460 279.889 260 9.51161 5181
461 279.869 260 9.45953 5192
462 279.848 260 9.49224 5203
463 279.828 260 9.45807 5214
464 279.807 260 9.44896 5226
465 279.787 260 9.47057 5237
466 279.767 260 9.49359 5248
467 279.747 260 9.48594 5259
468 279.726 260 9.51292 5270
469 279.706 260 9.48297 5282
470 279.686 260 9.46594 5293
471 279.666 260 9.51719 5304
472 279.646 260 9.49099 5315
473 279.626 260 9.48125 5326
474 279.606 260 9.50062 5338
475 279.586 260 9.49177 5349
476 279.566 260 9.50542 5360
477 279.546 260 9.48281 5371
478 279.526 260 9.4849 5383
479 279.506 260 9.49083 5394
480 279.486 260 9.51885 5405
481 279.466 260 9.49766 5416
482 279.447 260 9.52281 5428
483 279.427 260 9.5024 5439
484 279.407 260 9.47427 5450
485 279.388 260 9.4838 5461
486 279.368 260 9.50854 5472
487 279.348 260 9.48849 5484
488 279.329 260 9.52885 5495
489 279.309 260 9.49536 5506
490 279.29 260 9.49302 5517
491 279.27 260 9.48635 5529
492 279.251 260 9.49255 5540
493 279.231 260 9.48635 5551
494 279.212 260 9.52266 5562
495 279.193 260 9.47219 5573
496 279.173 260 9.49839 5585
497 279.154 260 9.45557 5596
498 279.135 260 9.4762 5607
499 279.116 260 9.49693 5618
500 279.097 260 9.47234 5630
501 279.077 260 9.50844 5641
502 279.058 260 9.46912 5652
503 279.039 260 9.49026 5663
504 279.02 260 9.49588 5674
505 279.001 260 9.49005 5686
506 278.982 260 9.50917 5697
507 278.963 260 9.47849 5708
508 278.944 260 9.48516 5719
509 278.925 260 9.50677 5731
510 278.907 260 9.51958 5742
511 278.888 260 9.49203 5753
512 278.869 260 9.52464 5764
513 278.85 260 9.51547 5776
514 278.832 260 9.46495 5787
515 278.813 260 9.46995 5798
516 278.794 260 9.51287 5809
517 278.775 260 9.48385 5820
518 278.757 260 9.51792 5832
519 278.738 260 9.50776 5843
520 278.72 260 9.51516 5854
521 278.701 260 9.51339 5865
522 278.683 260 9.49599 5877
523 278.664 260 9.49094 5888
524 278.646 260 9.52344 5899
525 278.627 260 9.51266 5910
526 278.609 260 9.51958 5922
527 278.591 260 9.48906 5933
528 278.572 260 9.47958 5944
529 278.554 260 9.49385 5955
530 278.536 260 9.52469 5966
531 278.518 260 9.44844 5978
532 278.499 260 9.50609 5989
533 278.481 260 9.50708 6000
534 278.463 260 9.52823 6011
535 278.445 260 9.46276 6023
536 278.427 260 9.52375 6034
537 278.409 260 9.50849 6045
538 278.391 260 9.49646 6056
539 278.373 260 9.48911 6068
540 278.355 260 9.5075 6079
541 278.337 260 9.48932 6090
542 278.319 260 9.50891 6101
543 278.301 260 9.48891 6112
544 278.283 260 9.48094 6124
545 278.265 260 9.48464 6135
546 278.248 260 9.51417 6146
547 278.23 260 9.49229 6157
548 278.212 260 9.53052 6169
549 278.194 260 9.48818 6180
550 278.177 260 9.51333 6191
551 278.159 260 9.48359 6202
552 278.141 260 9.48464 6214
553 278.124 260 9.50417 6225
554 278.106 260 9.49927 6236
555 278.089 260 9.48057 6247
556 278.071 260 9.48854 6258
557 278.053 260 9.48208 6270
558 278.036 260 9.5251 6281
559 278.019 260 9.50156 6292
560 278.001 260 9.52167 6303
561 277.984 260 9.50271 6315
562 277.966 260 9.51693 6326
563 277.949 260 9.46443 6337
564 277.932 260 9.50115 6348
565 277.914 260 9.49073 6360
566 277.897 260 9.50953 6371
567 277.88 260 9.49714 6382
568 277.863 260 9.48036 6393
569 277.845 260 9.43557 6404
570 277.828 260 9.50958 6416
571 277.811 260 9.49917 6427
572 277.794 260 9.48417 6438
573 277.777 260 9.46136 6449
574 277.76 260 9.47781 6461
575 277.743 260 9.49828 6472
576 277.726 260 9.48599 6483
577 277.709 260 9.48406 6494
578 277.692 260 9.5062 6506
579 277.675 260 9.4787 6517
580 277.658 260 9.50318 6528
581 277.641 260 9.47838 6539
582 277.624 260 9.47911 6550
583 277.607 260 9.51734 6562
584 277.591 260 9.56703 6573
585 277.574 260 9.54266 6584
586 277.557 260 9.52385 6596
587 277.54 260 9.50375 6607
588 277.524 260 9.51109 6618
589 277.507 260 9.54557 6630
590 277.49 260 9.5101 6641
591 277.474 260 9.50151 6652
592 277.457 260 9.51219 6663
593 277.441 260 9.48438 6675
594 277.424 260 9.51057 6686
595 277.407 260 9.4725 6697
596 277.391 260 9.51307 6708
597 277.374 260 9.50724 6720
598 277.358 260 9.50714 6731
599 277.342 260 9.47969 6742
600 277.325 260 9.51115 6753
601 277.309 260 9.53969 6765
602 277.292 260 9.51354 6776
603 277.276 260 9.51885 6787
604 277.26 260 9.51651 6799
605 277.243 260 9.49969 6810
606 277.227 260 9.54005 6821
607 277.211 260 9.52932 6832
608 277.195 260 9.49479 6844
609 277.178 260 9.50042 6855
610 277.162 260 9.4963 6866
611 277.146 260 9.52365 6877
612 277.13 260 9.48797 6888
613 277.114 260 9.49938 6900
614 277.098 260 9.51849 6911
615 277.082 260 9.4812 6922
616 277.066 260 9.75854 6934
617 277.05 260 9.84412 6946
618 277.034 260 9.54719 6957
619 277.018 260 9.54562 6968
620 277.002 260 9.82005 6980
621 276.986 260 9.59161 6991
622 276.97 260 9.52771 7003
623 276.954 260 9.50844 7014
624 276.938 260 9.5313 7025
625 276.922 260 9.52063 7037
626 276.907 260 9.50474 7048
627 276.891 260 9.50068 7059
628 276.875 260 9.50943 7070
629 276.859 260 9.51828 7081
630 276.843 260 9.48917 7093
631 276.828 260 9.49984 7104
632 276.812 260 9.47797 7115
633 276.796 260 9.51057 7126
634 276.781 260 9.48745 7138
635 276.765 260 9.46417 7149
636 276.75 260 9.52354 7160
637 276.734 260 9.50229 7171
638 276.718 260 9.51906 7183
639 276.703 260 9.50031 7194
640 276.687 260 9.51833 7205
641 276.672 260 9.49844 7216
642 276.656 260 9.45365 7227
643 276.641 260 9.49745 7239
644 276.626 260 9.53536 7250
645 276.61 260 9.50167 7261
646 276.595 260 9.52156 7272
647 276.579 260 9.51891 7284
648 276.564 260 9.49995 7295
649 276.549 260 9.50255 7306
650 276.534 260 9.53177 7317
651 276.518 260 9.50781 7329
652 276.503 260 9.46484 7340
653 276.488 260 9.49016 7351
654 276.473 260 9.51573 7362
655 276.457 260 9.45839 7374
656 276.442 260 9.51792 7385
657 276.427 260 9.50297 7396
658 276.412 260 9.47625 7407
659 276.397 260 9.50703 7419
660 276.382 260 9.51953 7430
661 276.367 260 9.51578 7441
662 276.352 260 9.53224 7452
663 276.337 260 9.50328 7464
664 276.322 260 9.52302 7475
665 276.307 260 9.49646 7486
666 276.292 260 9.4988 7497
667 276.277 260 9.47833 7508
668 276.262 260 9.51854 7520
669 276.247 260 9.50568 7531
670 276.232 260 9.50745 7542
671 276.217 260 9.48948 7553
672 276.202 260 9.52224 7565
673 276.188 260 9.48693 7576
674 276.173 260 9.49083 7587
675 276.158 260 9.49969 7598
676 276.143 260 9.47932 7610
677 276.129 260 9.48547 7621
678 276.114 260 9.51734 7632
679 276.099 260 9.50208 7643
680 276.084 260 9.51214 7654
681 276.07 260 9.47208 7666
682 276.055 260 9.44974 7677
683 276.04 260 9.50688 7688
684 276.026 260 9.51057 7699
685 276.011 260 9.4963 7710
686 275.997 260 9.49911 7722
687 275.982 260 9.47964 7733
688 275.968 260 9.50448 7744
689 275.953 260 9.47208 7755
690 275.939 260 9.50448 7767
691 275.924 260 9.50078 7778
692 275.91 260 9.47557 7789
693 275.895 260 9.50693 7800
694 275.881 260 9.50234 7812
695 275.867 260 9.49339 7823
696 275.852 260 9.5288 7834
697 275.838 260 9.49484 7845
698 275.823 260 9.51391 7857
699 275.809 260 9.47969 7868
700 275.795 260 9.5075 7879
701 275.781 260 9.50458 7890
702 275.766 260 9.51755 7902
703 275.752 260 9.51292 7913
704 275.738 260 9.50599 7924
705 275.724 260 9.49927 7935
706 275.709 260 9.51661 7946
707 275.695 260 9.49896 7958
708 275.681 260 9.49312 7969
709 275.667 260 9.47792 7980
710 275.653 260 9.53406 7991
711 275.639 260 9.59323 8003
712 275.625 260 9.54333 8014
713 275.611 260 9.50151 8025
714 275.597 260 9.51708 8037
715 275.583 260 9.45698 8048
716 275.569 260 9.52453 8059
717 275.555 260 9.51474 8070
718 275.541 260 9.48958 8082
719 275.527 260 9.50432 8093
720 275.513 260 9.5026 8104
721 275.499 260 9.46708 8115
722 275.485 260 9.50516 8127
723 275.471 260 9.4925 8138
724 275.457 260 9.49734 8149
725 275.443 260 9.50797 8160
726 275.43 260 9.52651 8172
727 275.416 260 9.51505 8183
728 275.402 260 9.51797 8194
729 275.388 260 9.50406 8205
730 275.375 260 9.51693 8217
731 275.361 260 9.50677 8228
732 275.347 260 9.51802 8239
733 275.333 260 9.51245 8250
734 275.32 260 9.52667 8262
735 275.306 260 9.51974 8273
736 275.292 260 9.50568 8284
737 275.279 260 9.50365 8295
738 275.265 260 9.52536 8306
739 275.252 260 9.50578 8318
740 275.238 260 9.51583 8329
741 275.224 260 9.47026 8340
742 275.211 260 9.49203 8351
743 275.197 260 9.47505 8363
744 275.184 260 9.48224 8374
745 275.17 260 9.50026 8385
746 275.157 260 9.52391 8396
747 275.143 260 9.47896 8408
748 275.13 260 9.47146 8419
749 275.117 260 9.52526 8430
750 275.103 260 9.51349 8441
751 275.09 260 9.50667 8452
752 275.076 260 9.53073 8464
753 275.063 260 9.50786 8475
754 275.05 260 9.51292 8486
755 275.036 260 9.50141 8497
756 275.023 260 9.47885 8509
757 275.01 260 9.47203 8520
758 274.997 260 9.52495 8531
759 274.983 260 9.49333 8542
760 274.97 260 9.51792 8554
761 274.957 260 9.48745 8565
762 274.944 260 9.46838 8576
763 274.93 260 9.48411 8587
764 274.917 260 9.47833 8598
765 274.904 260 9.50818 8610
766 274.891 260 9.49948 8621
767 274.878 260 9.465 8632
768 274.865 260 9.51771 8643
769 274.852 260 9.50844 8654
770 274.839 260 9.49292 8666
771 274.825 260 9.48682 8677
772 274.812 260 9.5224 8688
773 274.799 260 9.45401 8699
774 274.786 260 9.48542 8711
775 274.773 260 9.45974 8722
776 274.76 260 9.47542 8733
777 274.747 260 9.49896 8744
778 274.735 260 9.5176 8755
779 274.722 260 9.48875 8767
780 274.709 260 9.51823 8778
781 274.696 260 9.50542 8789
782 274.683 260 9.52635 8800
783 274.67 260 9.50203 8812
784 274.657 260 9.51838 8823
785 274.644 260 9.49276 8834
786 274.632 260 9.51828 8845
787 274.619 260 9.46052 8857
788 274.606 260 9.52214 8868
789 274.593 260 9.51026 8879
790 274.58 260 9.51615 8890
791 274.568 260 9.495 8902
792 274.555 260 9.45912 8913
793 274.542 260 9.4987 8924
794 274.53 260 9.52328 8935
795 274.517 260 9.50172 8946
796 274.504 260 9.48281 8958
797 274.492 260 9.5076 8969
798 274.479 260 9.49323 8980
799 274.466 260 9.49516 8991
800 274.454 260 9.49344 9003
801 274.441 260 9.54578 9014
802 274.428 260 9.53672 9025
803 274.416 260 9.51526 9037
804 274.403 260 9.51099 9048
805 274.391 260 9.49766 9059
806 274.378 260 9.54 9070
807 274.366 260 9.52339 9082
808 274.353 260 9.51031 9093
809 274.341 260 9.47432 9104
810 274.328 260 9.52417 9115
811 274.316 260 9.50932 9127
812 274.304 260 9.49828 9138
813 274.291 260 9.52063 9149
814 274.279 260 9.51161 9160
815 274.266 260 9.49776 9172
816 274.254 260 9.52427 9183
817 274.242 260 9.45562 9194
818 274.229 260 9.47443 9205
819 274.217 260 9.5037 9216
820 274.205 260 9.51875 9228
821 274.192 260 9.45739 9239
822 274.18 260 9.52443 9250
823 274.168 260 9.50401 9261
824 274.156 260 9.51042 9273
825 274.143 260 9.51365 9284
826 274.131 260 9.49443 9295
827 274.119 260 9.50271 9306
828 274.107 260 9.47589 9318
829 274.095 260 9.46177 9329
830 274.082 260 9.54109 9340
831 274.07 260 9.50885 9351
832 274.058 260 9.46927 9362
833 274.046 260 9.51656 9374
834 274.034 260 9.48917 9385
835 274.022 260 9.5025 9396
836 274.01 260 9.51667 9407
837 273.998 260 9.52297 9419
838 273.986 260 9.52151 9430
839 273.974 260 9.50828 9441
840 273.962 260 9.50833 9452
841 273.95 260 9.50229 9464
842 273.938 260 10.1315 9476
843 273.926 260 10.1799 9488
844 273.914 260 10.0606 9500
845 273.902 260 9.85787 9512
846 273.89 260 10.1422 9524
847 273.878 260 9.69703 9536
848 273.866 260 9.62589 9548
849 273.854 260 9.49245 9559
850 273.842 260 9.50016 9570
851 273.83 260 9.50281 9581
852 273.818 260 9.52474 9593
853 273.807 260 9.50755 9604
854 273.795 260 9.53047 9615
855 273.783 260 9.4426 9626
856 273.771 260 9.48875 9637
857 273.759 260 9.49422 9649
858 273.748 260 9.48516 9660
859 273.736 260 9.50313 9671
860 273.724 260 9.51031 9682
861 273.712 260 9.48073 9694
862 273.701 260 9.55281 9705
863 273.689 260 9.51958 9716
864 273.677 260 9.52083 9728
865 273.666 260 9.45141 9739
866 273.654 260 9.48063 9750
867 273.642 260 9.4676 9761
868 273.631 260 9.53844 9773
869 273.619 260 9.57115 9784
870 273.607 260 9.54786 9795
871 273.596 260 9.51016 9807
872 273.584 260 9.50948 9818
873 273.573 260 9.51625 9829
874 273.561 260 9.55516 9840
875 273.55 260 9.855 9853
876 273.538 260 9.74807 9864
877 273.527 260 9.52365 9876
878 273.515 260 9.53307 9887
879 273.504 260 9.50562 9898
880 273.492 260 9.52328 9909
881 273.481 260 9.49917 9921
882 273.469 260 9.45901 9932
883 273.458 260 9.45693 9943
884 273.446 260 9.47193 9954
885 273.435 260 9.45662 9965
886 273.423 260 9.50688 9977
887 273.412 260 9.51375 9988
888 273.401 260 9.51437 9999
889 273.389 260 9.51604 10010
890 273.378 260 9.53083 10022
891 273.367 260 9.50292 10033
892 273.355 260 9.5262 10044
893 273.344 260 9.5063 10055
894 273.333 260 9.49734 10067
895 273.322 260 9.44302 10078
896 273.31 260 9.46281 10089
897 273.299 260 9.50573 10100
898 273.288 260 9.51771 10111
899 273.276 260 9.51635 10123
900 273.265 260 9.49891 10134
901 273.254 260 9.50427 10145
902 273.243 260 9.52432 10156
903 273.232 260 9.49286 10168
904 273.221 260 9.50818 10179
905 273.209 260 9.49984 10190
906 273.198 260 9.5301 10201
907 273.187 260 9.46057 10213
908 273.176 260 9.46875 10224
909 273.165 260 9.51036 10235
910 273.154 260 9.5225 10246
911 273.143 260 9.50542 10257
912 273.132 260 9.51016 10269
913 273.121 260 9.50849 10280
914 273.109 260 9.52458 10291
915 273.098 260 9.48875 10302
916 273.087 260 9.53203 10314
917 273.076 260 9.51224 10325
918 273.065 260 9.50917 10336
919 273.054 260 9.4738 10347
920 273.043 260 9.49865 10359
921 273.033 260 9.49094 10370
922 273.022 260 9.51083 10381
923 273.011 260 9.48427 10392
924 273 260 9.47495 10404
925 272.989 260 9.49625 10415
926 272.978 260 9.52328 10426
927 272.967 260 9.5125 10437
928 272.956 260 9.51224 10448
929 272.945 260 9.50219 10460
930 272.934 260 9.5287 10471
931 272.924 260 9.49823 10482
932 272.913 260 9.51562 10493
933 272.902 260 9.4738 10505
934 272.891 260 9.48391 10516
935 272.88 260 9.50068 10527
936 272.87 260 9.50838 10538
937 272.859 260 9.5125 10550
938 272.848 260 9.5063 10561
939 272.837 260 9.5174 10572
940 272.827 260 9.52818 10583
941 272.816 260 9.46594 10594
942 272.805 260 9.52797 10606
943 272.794 260 9.51339 10617
944 272.784 260 9.52089 10628
945 272.773 260 9.50328 10639
946 272.762 260 9.51979 10651
947 272.752 260 9.48375 10662
948 272.741 260 9.51526 10673
949 272.73 260 9.49078 10684
950 272.72 260 9.51562 10696
951 272.709 260 9.50505 10707
952 272.699 260 9.48792 10718
953 272.688 260 9.49927 10729
954 272.677 260 9.53823 10741
955 272.667 260 9.4901 10752
956 272.656 260 9.49891 10763
957 272.646 260 9.50313 10774
958 272.635 260 9.51708 10786
959 272.625 260 9.50187 10797
960 272.614 260 9.46385 10808
961 272.604 260 9.52484 10819
962 272.593 260 9.49344 10830
963 272.583 260 9.51328 10842
964 272.572 260 9.52703 10853
965 272.562 260 9.50901 10864
966 272.552 260 9.5125 10875
967 272.541 260 9.49 10887
968 272.531 260 9.48646 10898
969 272.52 260 9.49094 10909
970 272.51 260 9.52443 10920
971 272.5 260 9.48583 10932
972 272.489 260 9.51089 10943
973 272.479 260 9.50167 10954
974 272.468 260 9.50667 10965
975 272.458 260 9.4887 10976
976 272.448 260 9.52635 10988
977 272.437 260 9.50005 10999
978 272.427 260 9.51375 11010
979 272.417 260 9.46589 11021
980 272.407 260 9.52021 11033
981 272.396 260 9.49839 11044
982 272.386 260 9.51385 11055
983 272.376 260 9.51224 11066
984 272.366 260 9.52729 11078
985 272.355 260 9.49844 11089
986 272.345 260 9.51984 11100
987 272.335 260 9.51375 11111
988 272.325 260 9.50786 11123
989 272.315 260 9.49453 11134
990 272.304 260 9.52104 11145
991 272.294 260 9.47516 11156
992 272.284 260 9.51797 11168
993 272.274 260 9.50412 11179
994 272.264 260 9.52641 11190
995 272.254 260 9.49552 11201
996 272.244 260 9.51661 11213
997 272.234 260 9.50594 11224
998 272.223 260 9.49172 11235
999 272.213 260 9.47151 11246
1000 272.203 260 9.52526 11258
1001 272.193 260 9.55964 11269
1002 272.183 260 9.53547 11280
1003 272.173 260 9.50839 11291
1004 272.163 260 9.52844 11303
1005 272.153 260 9.48911 11314
1006 272.143 260 9.495 11325
1007 272.133 260 9.52115 11337
1008 272.123 260 9.53849 11348
1009 272.113 260 9.51349 11359
1010 272.103 260 9.51417 11370
1011 272.093 260 9.50182 11382
1012 272.083 260 9.49417 11393
1013 272.073 260 9.51036 11404
1014 272.064 260 9.50359 11415
1015 272.054 260 9.49885 11427
1016 272.044 260 9.5301 11438
1017 272.034 260 9.50568 11449
1018 272.024 260 9.4751 11460
1019 272.014 260 9.50646 11472
1020 272.004 260 9.49219 11483
1021 271.994 260 9.4787 11494
1022 271.985 260 9.50667 11505
1023 271.975 260 9.50844 11516
1024 271.965 260 9.49224 11528
1025 271.955 260 9.50912 11539
1026 271.945 260 9.53182 11550
1027 271.936 260 9.51188 11561
1028 271.926 260 9.51448 11573
1029 271.916 260 9.49693 11584
1030 271.906 260 9.51865 11595
1031 271.897 260 9.49672 11606
1032 271.887 260 9.52896 11618
1033 271.877 260 9.45406 11629
1034 271.867 260 9.52344 11640
1035 271.858 260 9.50198 11651
1036 271.848 260 9.48448 11663
1037 271.838 260 9.50339 11674
1038 271.829 260 9.50463 11685
1039 271.819 260 9.4938 11696
1040 271.809 260 9.51338 11708
1041 271.8 260 9.46422 11719
1042 271.79 260 9.52292 11730
1043 271.78 260 9.46136 11741
1044 271.771 260 9.52599 11752
1045 271.761 260 9.4888 11764
1046 271.752 260 9.53953 11775
1047 271.742 260 9.51854 11786
1048 271.732 260 9.52557 11797
1049 271.723 260 9.51458 11809
1050 271.713 260 9.51787 11820
1051 271.704 260 9.50234 11831
1052 271.694 260 9.50719 11842
1053 271.685 260 9.50417 11854
1054 271.675 260 9.51016 11865
1055 271.666 260 9.5076 11876
1056 271.656 260 9.53573 11887
1057 271.647 260 9.48266 11899
1058 271.637 260 9.52453 11910
1059 271.628 260 9.50365 11921
1060 271.618 260 9.67167 11933
1061 271.609 260 9.85469 11945
1062 271.599 260 9.56432 11956
1063 271.59 260 9.54042 11967
1064 271.581 260 9.8651 11979
1065 271.571 260 9.59464 11990
1066 271.562 260 9.5351 12002
1067 271.552 260 9.50614 12013
1068 271.543 260 9.50333 12024
1069 271.534 260 9.52969 12036
1070 271.524 260 9.51589 12047
1071 271.515 260 9.48781 12058
1072 271.506 260 9.51458 12069
1073 271.496 260 9.49917 12081
1074 271.487 260 9.52104 12092
1075 271.478 260 9.49557 12103
1076 271.468 260 9.52859 12114
1077 271.459 260 9.46766 12126
1078 271.45 260 9.48391 12137
1079 271.44 260 9.48021 12148
1080 271.431 260 9.50734 12159
1081 271.422 260 9.50328 12170
1082 271.413 260 9.50828 12182
1083 271.403 260 9.51937 12193
1084 271.394 260 9.51109 12204
1085 271.385 260 9.5038 12215
1086 271.376 260 9.54537 12227
1087 271.367 260 9.49094 12238
1088 271.357 260 9.51854 12249
1089 271.348 260 9.43453 12260
1090 271.339 260 9.51745 12272
1091 271.33 260 9.50266 12283
1092 271.321 260 9.46589 12294
1093 271.312 260 9.50771 12305
1094 271.302 260 9.47859 12316
1095 271.293 260 9.46568 12328
1096 271.284 260 9.4626 12339
1097 271.275 260 9.46641 12350
1098 271.266 260 9.51338 12361
1099 271.257 260 9.46193 12372
1100 271.248 260 9.49521 12384
1101 271.239 260 9.52146 12395
1102 271.23 260 9.52068 12406
1103 271.221 260 9.50167 12417
1104 271.212 260 9.49463 12429
1105 271.203 260 9.50714 12440
1106 271.194 260 9.51401 12451
1107 271.185 260 9.49625 12462
1108 271.176 260 9.52578 12474
1109 271.167 260 9.45958 12485
1110 271.158 260 9.5174 12496
1111 271.149 260 9.50734 12507
1112 271.14 260 9.50625 12519
1113 271.131 260 9.49859 12530
1114 271.122 260 9.51615 12541
1115 271.113 260 9.50031 12552
1116 271.104 260 9.52224 12563
1117 271.095 260 9.49537 12575
1118 271.086 260 9.50167 12586
1119 271.077 260 9.50813 12597
1120 271.068 260 9.49047 12608
1121 271.059 260 9.49995 12620
1122 271.05 260 9.51526 12631
1123 271.041 260 9.49016 12642
1124 271.033 260 9.47286 12653
1125 271.024 260 9.44812 12664
1126 271.015 260 9.50583 12676
1127 271.006 260 9.48583 12687
1128 270.997 260 9.51609 12698
1129 270.988 260 9.49583 12709
1130 270.98 260 9.49438 12721
1131 270.971 260 9.51359 12732
1132 270.962 260 9.51036 12743
1133 270.953 260 9.52708 12754
1134 270.944 260 9.52672 12766
1135 270.936 260 9.45687 12777
1136 270.927 260 9.47052 12788
1137 270.918 260 9.50115 12799
1138 270.909 260 9.525 12811
1139 270.901 260 9.52307 12822
1140 270.892 260 9.61057 12833
1141 270.883 260 9.52656 12845
1142 270.874 260 9.51521 12856
1143 270.866 260 9.50214 12867
1144 270.857 260 9.54161 12879
1145 270.848 260 9.5349 12890
1146 270.84 260 9.54354 12901
1147 270.831 260 9.51713 12912
1148 270.822 260 9.51307 12924
1149 270.814 260 9.45578 12935
1150 270.805 260 9.53078 12946
1151 270.796 260 9.51224 12957
1152 270.788 260 9.51432 12969
1153 270.779 260 9.4699 12980
1154 270.771 260 9.51901 12991
1155 270.762 260 9.57906 13003
1156 270.753 260 9.52411 13014
1157 270.745 260 9.51667 13025
1158 270.736 260 9.52667 13036
1159 270.728 260 9.48422 13048
1160 270.719 260 9.51229 13059
1161 270.711 260 9.52099 13070
1162 270.702 260 9.51557 13081
1163 270.694 260 9.47453 13093
1164 270.685 260 9.44979 13104
1165 270.676 260 9.51214 13115
1166 270.668 260 9.50917 13126
1167 270.659 260 9.48521 13137
1168 270.651 260 9.50266 13149
1169 270.642 260 9.50417 13160
1170 270.634 260 9.4926 13171
1171 270.626 260 9.49359 13182
1172 270.617 260 9.52349 13194
1173 270.609 260 9.44995 13205
1174 270.6 260 9.49292 13216
1175 270.592 260 9.48766 13227
1176 270.583 260 9.49463 13238
1177 270.575 260 9.46104 13250
1178 270.566 260 9.50937 13261
1179 270.558 260 9.49177 13272
1180 270.55 260 9.52599 13283
1181 270.541 260 9.49281 13295
1182 270.533 260 9.49297 13306
1183 270.525 260 9.50745 13317
1184 270.516 260 9.51641 13328
1185 270.508 260 9.50151 13340
1186 270.5 260 9.53474 13351
1187 270.491 260 9.50125 13362
1188 270.483 260 9.5125 13373
1189 270.474 260 9.46562 13385
1190 270.466 260 9.51693 13396
1191 270.458 260 9.49432 13407
1192 270.45 260 9.5313 13418
1193 270.441 260 9.45401 13430
1194 270.433 260 9.52219 13441
1195 270.425 260 9.50271 13452
1196 270.416 260 9.51026 13463
1197 270.408 260 9.49974 13474
1198 270.4 260 9.5299 13486
1199 270.392 260 9.48401 13497
1200 270.383 260 9.53615 13508
1201 270.375 260 9.48104 13520
1202 270.367 260 9.4762 13531
1203 270.359 260 9.49443 13542
1204 270.351 260 9.52651 13553
1205 270.342 260 9.50458 13565
1206 270.334 260 9.51089 13576
1207 270.326 260 9.54578 13587
1208 270.318 260 9.48141 13598
1209 270.31 260 9.50542 13610
1210 270.302 260 9.51437 13621
1211 270.293 260 9.51427 13632
1212 270.285 260 9.49844 13643
1213 270.277 260 9.48661 13655
1214 270.269 260 9.4963 13666
1215 270.261 260 9.49672 13677
1216 270.253 260 9.48495 13688
1217 270.245 260 9.48526 13700
1218 270.237 260 9.52177 13711
1219 270.229 260 9.47641 13722
1220 270.22 260 9.49573 13733
1221 270.212 260 9.53146 13745
1222 270.204 260 9.53557 13756
1223 270.196 260 9.50401 13767
1224 270.188 260 9.52656 13778
1225 270.18 260 9.50156 13790
1226 270.172 260 9.50724 13801
1227 270.164 260 9.51141 13812
1228 270.156 260 9.49078 13823
1229 270.148 260 9.44589 13834
1230 270.14 260 9.44755 13846
1231 270.132 260 9.50412 13857
1232 270.124 260 9.4662 13868
1233 270.116 260 9.50948 13879
1234 270.108 260 9.51865 13891
1235 270.1 260 9.4712 13902
1236 270.092 260 9.52245 13913
1237 270.084 260 9.50271 13924
1238 270.076 260 9.51875 13935
1239 270.068 260 9.44354 13947
1240 270.06 260 9.5276 13958
1241 270.053 260 9.51484 13969
1242 270.045 260 9.51912 13980
1243 270.037 260 9.50854 13992
1244 270.029 260 9.49599 14003
1245 270.021 260 9.48818 14014
1246 270.013 260 9.50505 14025
1247 270.005 260 9.46109 14037
1248 269.997 260 9.50714 14048
1249 269.989 260 9.49078 14059
1250 269.982 260 9.51766 14070
1251 269.974 260 9.51255 14081
1252 269.966 260 9.4913 14093
1253 269.958 260 9.48286 14104
1254 269.95 260 9.51609 14115
1255 269.942 260 9.48995 14126
1256 269.935 260 9.49917 14138
1257 269.927 260 9.47906 14149
1258 269.919 260 9.52917 14160
1259 269.911 260 9.48547 14171
1260 269.903 260 9.48656 14182
1261 269.896 260 9.47182 14194
1262 269.888 260 9.49385 14205
1263 269.88 260 9.50333 14216
1264 269.872 260 9.50562 14227
1265 269.865 260 9.51161 14239
1266 269.857 260 9.51812 14250
1267 269.849 260 9.5062 14261
1268 269.841 260 9.50818 14272
1269 269.834 260 9.43214 14283
1270 269.826 260 9.51412 14295
1271 269.818 260 9.46401 14306
1272 269.811 260 9.48135 14317
1273 269.803 260 9.46115 14328
1274 269.795 260 9.5312 14340
1275 269.788 260 9.50682 14351
1276 269.78 260 9.52318 14362
1277 269.772 260 9.50208 14373
1278 269.765 260 9.45292 14384
1279 269.757 260 9.49964 14396
1280 269.749 260 9.45521 14407
1281 269.742 260 9.4463 14418
1282 269.734 260 9.48703 14429
1283 269.726 260 9.46849 14441
1284 269.719 260 9.49911 14452
1285 269.711 260 9.49599 14463
1286 269.704 260 9.52672 14474
1287 269.696 260 9.50521 14485
1288 269.689 260 9.49786 14497
1289 269.681 260 9.50745 14508
1290 269.673 260 9.5112 14519
1291 269.666 260 9.47073 14530
1292 269.658 260 9.56135 14542
1293 269.651 260 10.1363 14554
1294 269.643 260 10.241 14566
1295 269.636 260 10.1529 14578
1296 269.628 260 10.1636 14590
1297 269.621 260 10.2396 14602
1298 269.613 260 9.69771 14614
1299 269.606 260 9.56193 14625
1300 269.598 260 9.51833 14637
1301 269.591 260 9.50021 14648
1302 269.583 260 9.5249 14659
1303 269.576 260 9.50589 14670
1304 269.568 260 9.5251 14682
1305 269.561 260 9.49422 14693
1306 269.553 260 9.48755 14704
1307 269.546 260 9.52333 14716
1308 269.538 260 9.48953 14727
1309 269.531 260 9.45833 14738
1310 269.523 260 9.49073 14749
1311 269.516 260 9.47729 14760
1312 269.509 260 9.50739 14772
1313 269.501 260 9.4762 14783
1314 269.494 260 9.5174 14794
1315 269.486 260 9.48063 14805
1316 269.479 260 9.50339 14816
1317 269.472 260 9.50104 14828
1318 269.464 260 9.46469 14839
1319 269.457 260 9.45625 14850
1320 269.45 260 9.52213 14861
1321 269.442 260 9.47516 14873
1322 269.435 260 9.48651 14884
1323 269.428 260 9.5187 14895
1324 269.42 260 9.5037 14906
1325 269.413 260 9.51818 14918
1326 269.406 260 9.9163 14930
1327 269.398 260 9.73724 14941
1328 269.391 260 9.53031 14953
1329 269.384 260 9.51615 14964
1330 269.376 260 9.50464 14975
1331 269.369 260 9.45229 14986
1332 269.362 260 9.48682 14998
1333 269.354 260 9.46391 15009
1334 269.347 260 9.44323 15020
1335 269.34 260 9.51969 15031
1336 269.333 260 9.51547 15042
1337 269.325 260 9.50177 15054
1338 269.318 260 9.50797 15065
1339 269.311 260 9.51375 15076
1340 269.304 260 9.49177 15087
1341 269.297 260 9.50677 15099
1342 269.289 260 9.51891 15110
1343 269.282 260 9.49401 15121
1344 269.275 260 9.50813 15132
1345 269.268 260 9.51089 15144
1346 269.261 260 9.49271 15155
1347 269.253 260 9.48135 15166
1348 269.246 260 9.51698 15177
1349 269.239 260 9.49979 15189
1350 269.232 260 9.51703 15200
1351 269.225 260 9.49292 15211
1352 269.218 260 9.50375 15222
1353 269.21 260 9.47818 15233
1354 269.203 260 9.52578 15245
1355 269.196 260 9.46953 15256
1356 269.189 260 9.47906 15267
1357 269.182 260 9.45099 15278
1358 269.175 260 9.50109 15290
1359 269.168 260 9.50672 15301
1360 269.161 260 9.50187 15312
1361 269.153 260 9.51516 15323
1362 269.146 260 9.52193 15335
1363 269.139 260 9.48432 15346
1364 269.132 260 9.48818 15357
1365 269.125 260 9.47922 15368
1366 269.118 260 9.45375 15379
1367 269.111 260 9.4975 15391
1368 269.104 260 9.50141 15402
1369 269.097 260 9.48432 15413
1370 269.09 260 9.49953 15424
1371 269.083 260 9.51557 15436
1372 269.076 260 9.5099 15447
1373 269.069 260 9.495 15458
1374 269.062 260 9.51714 15469
1375 269.055 260 9.52615 15481
1376 269.048 260 9.53448 15492
1377 269.041 260 9.51057 15503
1378 269.034 260 9.49063 15514
1379 269.027 260 9.5188 15526
1380 269.02 260 9.54635 15537
1381 269.013 260 9.50693 15548
1382 269.006 260 9.52677 15559
1383 268.999 260 9.50198 15571
1384 268.992 260 9.50037 15582
1385 268.985 260 9.51469 15593
1386 268.978 260 9.50833 15604
1387 268.971 260 9.5113 15616
1388 268.964 260 9.53146 15627
1389 268.957 260 9.50745 15638
1390 268.951 260 9.52359 15649
1391 268.944 260 9.51021 15661
1392 268.937 260 9.45667 15672
1393 268.93 260 9.46984 15683
1394 268.923 260 9.52271 15694
1395 268.916 260 9.50234 15705
1396 268.909 260 9.51974 15717
1397 268.902 260 9.50573 15728
1398 268.896 260 9.53401 15739
1399 268.889 260 9.50484 15750
1400 268.882 260 9.50693 15762
1401 268.875 260 9.52771 15773
1402 268.868 260 9.5113 15784
1403 268.861 260 9.49469 15796
1404 268.854 260 9.48156 15807
1405 268.848 260 9.48094 15818
1406 268.841 260 9.54302 15829
1407 268.834 260 9.53396 15841
1408 268.827 260 9.53261 15852
1409 268.82 260 9.49125 15863
1410 268.814 260 9.47875 15875
1411 268.807 260 9.49141 15886
1412 268.8 260 9.55641 15897
1413 268.793 260 9.49703 15908
1414 268.787 260 9.51969 15920
1415 268.78 260 9.49958 15931
1416 268.773 260 9.51354 15942
1417 268.766 260 9.49568 15953
1418 268.76 260 9.50917 15965
1419 268.753 260 9.49813 15976
1420 268.746 260 9.50906 15987
1421 268.739 260 9.46917 15998
1422 268.733 260 9.50255 16010
1423 268.726 260 9.45958 16021
1424 268.719 260 9.50542 16032
1425 268.713 260 9.49307 16043
1426 268.706 260 9.50823 16054
1427 268.699 260 9.43682 16066
1428 268.692 260 9.53047 16077
1429 268.686 260 9.49625 16088
1430 268.679 260 9.52156 16099
1431 268.672 260 9.47656 16111
1432 268.666 260 9.52469 16122
1433 268.659 260 9.51505 16133
1434 268.653 260 9.54635 16144
1435 268.646 260 9.50807 16156
1436 268.639 260 9.5275 16167
1437 268.633 260 9.50885 16178
1438 268.626 260 9.47453 16189
1439 268.619 260 9.47021 16201
1440 268.613 260 9.48812 16212
1441 268.606 260 9.44188 16223
1442 268.6 260 9.51562 16234
1443 268.593 260 9.49932 16245
1444 268.586 260 9.47193 16257
1445 268.58 260 9.45927 16268
1446 268.573 260 9.49109 16279
1447 268.567 260 9.46052 16290
1448 268.56 260 9.48568 16301
1449 268.554 260 9.50271 16313
1450 268.547 260 9.53187 16324
1451 268.54 260 9.50693 16335
1452 268.534 260 9.50901 16347
1453 268.527 260 9.49219 16358
1454 268.521 260 9.49651 16369
1455 268.514 260 9.51859 16380
1456 268.508 260 9.52547 16392
1457 268.501 260 9.51141 16403
1458 268.495 260 9.50786 16414
1459 268.488 260 9.50521 16425
1460 268.482 260 9.49448 16436
1461 268.475 260 9.46755 16448
1462 268.469 260 9.52417 16459
1463 268.462 260 9.48292 16470
1464 268.456 260 9.50156 16481
1465 268.449 260 9.44833 16492
1466 268.443 260 9.51719 16504
1467 268.436 260 9.48417 16515
1468 268.43 260 9.51042 16526
1469 268.424 260 9.51297 16537
1470 268.417 260 9.52453 16549
1471 268.411 260 9.5163 16560
1472 268.404 260 9.51589 16571
1473 268.398 260 9.51255 16583
1474 268.391 260 9.51302 16594
1475 268.385 260 9.51073 16605
1476 268.379 260 9.50714 16616
1477 268.372 260 9.46125 16627
1478 268.366 260 9.49651 16639
1479 268.359 260 9.52411 16650
1480 268.353 260 9.49286 16661
1481 268.347 260 9.45193 16672
1482 268.34 260 9.48927 16684
1483 268.334 260 9.48401 16695
1484 268.328 260 9.50912 16706
1485 268.321 260 9.48802 16717
1486 268.315 260 9.51401 16729
1487 268.309 260 9.51276 16740
1488 268.302 260 9.53557 16751
1489 268.296 260 9.47672 16762
1490 268.29 260 9.50776 16774
1491 268.283 260 9.5149 16785
1492 268.277 260 9.51885 16796
1493 268.271 260 9.50474 16807
1494 268.264 260 9.5049 16819
1495 268.258 260 9.49922 16830
1496 268.252 260 9.52599 16841
1497 268.245 260 9.5088 16852
1498 268.239 260 9.50719 16864
1499 268.233 260 9.50734 16875
1500 268.227 260 9.51167 16886
1501 268.22 260 9.51229 16897
1502 268.214 260 9.51536 16909
1503 268.208 260 9.46849 16920
1504 268.202 260 9.57203 16932
1505 268.195 260 9.99417 16943
1506 268.189 260 9.6076 16955
1507 268.183 260 9.52969 16966
1508 268.177 260 9.80505 16978
1509 268.17 260 9.59104 16989
1510 268.164 260 9.53776 17001
1511 268.158 260 9.52255 17012
1512 268.152 260 9.52339 17023
1513 268.146 260 9.5212 17035
1514 268.139 260 9.515 17046
1515 268.133 260 9.515 17057
1516 268.127 260 9.51635 17068
1517 268.121 260 9.44115 17079
1518 268.115 260 9.51901 17091
1519 268.108 260 9.49531 17102
1520 268.102 260 9.48365 17113
1521 268.096 260 9.4962 17124
1522 268.09 260 9.50807 17136
1523 268.084 260 9.48349 17147
1524 268.078 260 9.48964 17158
1525 268.072 260 9.47432 17169
1526 268.065 260 9.50125 17181
1527 268.059 260 9.48276 17192
1528 268.053 260 9.49323 17203
1529 268.047 260 9.4975 17214
1530 268.041 260 9.51365 17225
1531 268.035 260 9.50104 17237
1532 268.029 260 9.5062 17248
1533 268.023 260 9.48573 17259
1534 268.016 260 9.52401 17270
1535 268.01 260 9.48484 17282
1536 268.004 260 9.50609 17293
1537 267.998 260 9.47547 17304
1538 267.992 260 9.48943 17315
1539 267.986 260 9.47146 17326
1540 267.98 260 9.49984 17338
1541 267.974 260 9.47177 17349
1542 267.968 260 9.52542 17360
1543 267.962 260 9.49375 17371
1544 267.956 260 9.52385 17383
1545 267.95 260 9.50542 17394
1546 267.944 260 9.50156 17405
1547 267.938 260 9.45969 17416
1548 267.932 260 9.4763 17428
1549 267.926 260 9.47656 17439
1550 267.92 260 9.51771 17450
1551 267.914 260 9.51979 17461
1552 267.908 260 9.50234 17472
1553 267.902 260 9.49167 17484
1554 267.896 260 9.53396 17495
1555 267.89 260 9.48932 17506
1556 267.884 260 9.52687 17517
1557 267.878 260 9.45078 17529
1558 267.872 260 9.51307 17540
1559 267.866 260 9.48078 17551
1560 267.86 260 9.5363 17562
1561 267.854 260 9.49135 17573
1562 267.848 260 9.52589 17585
1563 267.842 260 9.46375 17596
1564 267.836 260 9.50542 17607
1565 267.83 260 9.50958 17618
1566 267.824 260 9.51516 17630
1567 267.818 260 9.49427 17641
1568 267.812 260 9.51781 17652
1569 267.807 260 9.51234 17663
1570 267.801 260 9.52016 17675
1571 267.795 260 9.50635 17686
1572 267.789 260 9.49391 17697
1573 267.783 260 9.51333 17708
1574 267.777 260 9.52786 17720
1575 267.771 260 9.5013 17731
1576 267.765 260 9.5274 17742
1577 267.759 260 9.50214 17753
1578 267.754 260 9.51838 17765
1579 267.748 260 9.50651 17776
1580 267.742 260 9.52448 17787
1581 267.736 260 9.50406 17798
1582 267.73 260 9.50339 17810
1583 267.724 260 9.51302 17821
1584 267.718 260 9.53307 17832
1585 267.713 260 9.50229 17843
1586 267.707 260 9.53 17855
1587 267.701 260 9.49323 17866
1588 267.695 260 9.47953 17877
1589 267.689 260 9.49458 17888
1590 267.684 260 9.51609 17900
1591 267.678 260 9.48156 17911
1592 267.672 260 9.49536 17922
1593 267.666 260 9.44479 17933
1594 267.66 260 9.5151 17944
1595 267.655 260 9.49297 17956
1596 267.649 260 9.46974 17967
1597 267.643 260 9.50911 17978
1598 267.637 260 9.48219 17989
1599 267.631 260 9.53365 18001
1600 267.626 260 9.50214 18012
1601 267.62 260 9.50016 18023
1602 267.614 260 9.4825 18035
1603 267.608 260 9.50234 18046
1604 267.603 260 9.50724 18057
1605 267.597 260 9.48307 18068
1606 267.591 260 9.5251 18079
1607 267.586 260 9.52417 18091
1608 267.58 260 9.53151 18102
1609 267.574 260 9.50359 18113
1610 267.568 260 9.52958 18125
1611 267.563 260 9.48266 18136
1612 267.557 260 9.48875 18147
1613 267.551 260 9.50776 18158
1614 267.546 260 9.53141 18170
1615 267.54 260 9.46672 18181
1616 267.534 260 9.51078 18192
1617 267.529 260 9.47021 18203
1618 267.523 260 9.52063 18214
1619 267.517 260 9.4988 18226
1620 267.512 260 9.47125 18237
1621 267.506 260 9.5001 18248
1622 267.5 260 9.51182 18259
1623 267.495 260 9.50219 18271
1624 267.489 260 9.52021 18282
1625 267.483 260 9.44703 18293
1626 267.478 260 9.50667 18304
1627 267.472 260 9.5199 18316
1628 267.466 260 9.52661 18327
1629 267.461 260 9.52005 18338
1630 267.455 260 9.5213 18349
1631 267.45 260 9.50531 18361
1632 267.444 260 9.52365 18372
1633 267.438 260 9.49875 18383
1634 267.433 260 9.46359 18394
1635 267.427 260 9.47563 18405
1636 267.422 260 9.46339 18417
1637 267.416 260 9.49813 18428
1638 267.41 260 9.52125 18439
1639 267.405 260 9.5001 18450
1640 267.399 260 9.5187 18462
1641 267.394 260 9.49672 18473
1642 267.388 260 9.50443 18484
1643 267.383 260 9.50266 18495
1644 267.377 260 9.51802 18507
1645 267.371 260 9.48438 18518
1646 267.366 260 9.54427 18529
1647 267.36 260 9.49036 18540
1648 267.355 260 9.48302 18551
1649 267.349 260 9.50792 18563
1650 267.344 260 9.51604 18574
1651 267.338 260 9.50974 18585
1652 267.333 260 9.51047 18596
1653 267.327 260 9.50682 18608
1654 267.322 260 9.49411 18619
1655 267.316 260 9.50609 18630
1656 267.311 260 9.50708 18641
1657 267.305 260 9.43104 18653
1658 267.3 260 9.51412 18664
1659 267.294 260 9.51026 18675
1660 267.289 260 9.51547 18686
1661 267.283 260 9.44963 18697
1662 267.278 260 9.4874 18709
1663 267.272 260 9.50849 18720
1664 267.267 260 9.46089 18731
1665 267.262 260 9.47203 18742
1666 267.256 260 9.50136 18754
1667 267.251 260 9.44792 18765
1668 267.245 260 9.47781 18776
1669 267.24 260 9.49823 18787
1670 267.234 260 9.50682 18799
1671 267.229 260 9.48875 18810
1672 267.223 260 9.48651 18821
1673 267.218 260 9.4912 18832
1674 267.213 260 9.50745 18844
1675 267.207 260 9.4526 18855
1676 267.202 260 9.51875 18866
1677 267.196 260 9.53057 18877
1678 267.191 260 9.54797 18889
1679 267.186 260 9.51333 18900
1680 267.18 260 9.50875 18911
1681 267.175 260 9.48208 18922
1682 267.169 260 9.45792 18934
1683 267.164 260 9.50115 18945
1684 267.159 260 9.52203 18956
1685 267.153 260 9.49839 18967
1686 267.148 260 9.52802 18979
1687 267.143 260 9.50797 18990
1688 267.137 260 9.51469 19001
1689 267.132 260 9.5101 19012
1690 267.127 260 9.52719 19024
1691 267.121 260 9.50313 19035
1692 267.116 260 9.52859 19046
1693 267.111 260 9.5037 19057
1694 267.105 260 9.52349 19069
1695 267.1 260 9.50214 19080
1696 267.095 260 9.51677 19091
1697 267.089 260 9.49573 19102
1698 267.084 260 9.51469 19114
1699 267.079 260 9.49734 19125
1700 267.073 260 9.51005 19136
1701 267.068 260 9.45943 19147
1702 267.063 260 9.48521 19158
1703 267.058 260 9.50745 19170
1704 267.052 260 9.52396 19181
1705 267.047 260 9.4888 19192
1706 267.042 260 9.51313 19203
1707 267.036 260 9.50297 19215
1708 267.031 260 9.51313 19226
1709 267.026 260 9.4449 19237
1710 267.021 260 9.50005 19248
1711 267.016 260 9.50417 19260
1712 267.01 260 9.51281 19271
1713 267.005 260 9.49599 19282
1714 267 260 9.47604 19293
1715 266.995 260 9.48146 19304
1716 266.989 260 9.52542 19316
1717 266.984 260 9.49839 19327
1718 266.979 260 9.45521 19338
1719 266.974 260 9.50562 19349
1720 266.968 260 9.50073 19361
1721 266.963 260 9.49786 19372
1722 266.958 260 9.50333 19383
1723 266.953 260 9.45177 19394
1724 266.948 260 9.5313 19405
1725 266.942 260 9.46391 19417
1726 266.937 260 9.4963 19428
1727 266.932 260 9.49333 19439
1728 266.927 260 9.48964 19450
1729 266.922 260 9.50344 19462
1730 266.917 260 9.51333 19473
1731 266.911 260 9.48302 19484
1732 266.906 260 9.50906 19495
1733 266.901 260 9.50562 19507
1734 266.896 260 9.53693 19518
1735 266.891 260 9.49422 19529
1736 266.886 260 9.49167 19540
1737 266.881 260 9.465 19551
1738 266.875 260 9.51693 19563
1739 266.87 260 9.50193 19574
1740 266.865 260 9.47104 19585
1741 266.86 260 9.50911 19596
1742 266.855 260 9.49521 19608
1743 266.85 260 9.675 19620
1744 266.845 260 10.0571 19632
1745 266.84 260 9.70047 19644
1746 266.834 260 9.99573 19656
1747 266.829 260 10.1332 19668
1748 266.824 260 10.2192 19680
1749 266.819 260 9.54172 19691
1750 266.814 260 9.51276 19703
1751 266.809 260 9.46234 19714
1752 266.804 260 9.53938 19725
1753 266.799 260 9.48318 19736
1754 266.794 260 9.48713 19747
1755 266.789 260 9.49948 19759
1756 266.784 260 9.51302 19770
1757 266.779 260 9.49922 19781
1758 266.774 260 9.5312 19793
1759 266.769 260 9.49214 19804
1760 266.763 260 9.50609 19815
1761 266.758 260 9.49656 19826
1762 266.753 260 9.50771 19838
1763 266.748 260 9.48974 19849
1764 266.743 260 9.50391 19860
1765 266.738 260 9.46786 19871
1766 266.733 260 9.50276 19882
1767 266.728 260 9.50984 19894
1768 266.723 260 9.48891 19905
1769 266.718 260 9.49125 19916
1770 266.713 260 9.51849 19927
1771 266.708 260 9.48766 19939
1772 266.703 260 9.53042 19950
1773 266.698 260 9.45932 19961
1774 266.693 260 9.47906 19972
1775 266.688 260 9.50698 19984
1776 266.683 260 9.49365 19995
1777 266.678 260 10.0658 20007
1778 266.673 260 9.56354 20018
1779 266.668 260 9.46099 20029
1780 266.663 260 9.46214 20041
1781 266.659 260 9.49349 20052
1782 266.654 260 9.51203 20063
1783 266.649 260 9.48505 20074
1784 266.644 260 9.50739 20085
1785 266.639 260 9.50115 20097
1786 266.634 260 9.52901 20108
1787 266.629 260 9.49729 20119
1788 266.624 260 9.49687 20130
1789 266.619 260 9.48104 20142
1790 266.614 260 9.50193 20153
1791 266.609 260 9.49974 20164
1792 266.604 260 9.50193 20175
1793 266.599 260 9.49234 20187
1794 266.594 260 9.52776 20198
1795 266.59 260 9.49662 20209
1796 266.585 260 9.46568 20220
1797 266.58 260 9.45521 20231
1798 266.575 260 9.51151 20243
1799 266.57 260 9.47745 20254
1800 266.565 260 9.50698 20265
1801 266.56 260 9.49463 20276
1802 266.555 260 9.46365 20288
1803 266.551 260 9.45453 20299
1804 266.546 260 9.50708 20310
1805 266.541 260 9.52094 20321
1806 266.536 260 9.53234 20333
1807 266.531 260 9.51448 20344
1808 266.526 260 9.53687 20355
1809 266.521 260 9.47932 20367
1810 266.517 260 9.53115 20378
1811 266.512 260 9.51906 20389
1812 266.507 260 9.51922 20400
1813 266.502 260 9.50417 20412
1814 266.497 260 9.48458 20423
1815 266.492 260 9.50922 20434
1816 266.488 260 9.54167 20445
1817 266.483 260 9.48266 20457
1818 266.478 260 9.51286 20468
1819 266.473 260 9.43062 20479
1820 266.468 260 9.51089 20490
1821 266.464 260 9.51313 20501
1822 266.459 260 9.52828 20513
1823 266.454 260 9.50833 20524
1824 266.449 260 9.4737 20535
1825 266.444 260 9.50198 20546
1826 266.44 260 9.53208 20558
1827 266.435 260 9.51719 20569
1828 266.43 260 9.5099 20580
1829 266.425 260 9.50641 20591
1830 266.421 260 9.5262 20603
1831 266.416 260 9.50266 20614
1832 266.411 260 9.5163 20625
1833 266.406 260 9.50792 20636
1834 266.402 260 9.46912 20648
1835 266.397 260 9.47453 20659
1836 266.392 260 9.52511 20670
1837 266.387 260 9.51542 20681
1838 266.383 260 9.51114 20693
1839 266.378 260 9.47239 20704
1840 266.373 260 9.48563 20715
1841 266.368 260 9.51151 20726
1842 266.364 260 9.51974 20737
1843 266.359 260 9.48245 20749
1844 266.354 260 9.50005 20760
1845 266.35 260 9.49573 20771
1846 266.345 260 9.52464 20782
1847 266.34 260 9.51068 20794
1848 266.335 260 9.50167 20805
1849 266.331 260 9.45135 20816
1850 266.326 260 9.51974 20827
1851 266.321 260 9.47448 20839
1852 266.317 260 9.48932 20850
1853 266.312 260 9.46479 20861
1854 266.307 260 9.50984 20872
1855 266.303 260 9.50438 20883
1856 266.298 260 9.5176 20895
1857 266.293 260 9.49037 20906
1858 266.289 260 9.49667 20917
1859 266.284 260 9.5026 20928
1860 266.279 260 9.48943 20939
1861 266.275 260 9.48474 20951
1862 266.27 260 9.4863 20962
1863 266.265 260 9.43885 20973
1864 266.261 260 9.47708 20984
1865 266.256 260 9.46359 20996
1866 266.252 260 9.50151 21007
1867 266.247 260 9.52089 21018
1868 266.242 260 9.51969 21029
1869 266.238 260 9.51573 21041
1870 266.233 260 9.51203 21052
1871 266.229 260 9.50375 21063
1872 266.224 260 9.50161 21074
1873 266.219 260 9.51031 21085
1874 266.215 260 9.535 21097
1875 266.21 260 9.47724 21108
1876 266.206 260 9.52208 21119
1877 266.201 260 9.51104 21130
1878 266.196 260 9.51234 21142
1879 266.192 260 9.52917 21153
1880 266.187 260 9.52974 21164
1881 266.183 260 9.51614 21176
1882 266.178 260 9.50266 21187
1883 266.174 260 9.50573 21198
1884 266.169 260 9.52953 21209
1885 266.164 260 9.49375 21221
1886 266.16 260 9.49026 21232
1887 266.155 260 9.51672 21243
1888 266.151 260 9.51755 21254
1889 266.146 260 9.50792 21266
1890 266.142 260 9.48729 21277
1891 266.137 260 9.49932 21288
1892 266.133 260 9.48578 21299
1893 266.128 260 9.51458 21310
1894 266.124 260 9.4838 21322
1895 266.119 260 9.47792 21333
1896 266.115 260 9.50214 21344
1897 266.11 260 9.4462 21355
1898 266.105 260 9.50739 21367
1899 266.101 260 9.50682 21378
1900 266.096 260 9.50239 21389
1901 266.092 260 9.49255 21400
1902 266.087 260 9.47 21411
1903 266.083 260 9.47792 21423
1904 266.079 260 9.51172 21434
1905 266.074 260 9.48854 21445
1906 266.07 260 9.50906 21456
1907 266.065 260 9.45687 21468
1908 266.061 260 9.49094 21479
1909 266.056 260 9.5012 21490
1910 266.052 260 9.51328 21501
1911 266.047 260 9.49755 21512
1912 266.043 260 9.5001 21524
1913 266.038 260 9.50927 21535
1914 266.034 260 9.46146 21546
1915 266.029 260 9.52536 21557
1916 266.025 260 9.52068 21569
1917 266.021 260 9.5038 21580
1918 266.016 260 9.49156 21591
1919 266.012 260 9.48849 21602
1920 266.007 260 9.50578 21614
1921 266.003 260 9.5113 21625
1922 265.998 260 9.5049 21636
1923 265.994 260 9.48917 21647
1924 265.99 260 9.51016 21659
1925 265.985 260 9.50391 21670
1926 265.981 260 9.4762 21681
1927 265.976 260 9.48385 21692
1928 265.972 260 9.46911 21703
1929 265.967 260 9.50786 21715
1930 265.963 260 9.49432 21726
1931 265.959 260 9.4975 21737
1932 265.954 260 9.53474 21748
1933 265.95 260 9.49495 21760
1934 265.946 260 9.52302 21771
1935 265.941 260 9.50187 21782
1936 265.937 260 9.51974 21793
1937 265.932 260 9.49964 21805
1938 265.928 260 9.52292 21816
1939 265.924 260 9.56161 21827
1940 265.919 260 9.53068 21839
1941 265.915 260 9.50953 21850
1942 265.911 260 9.51828 21861
1943 265.906 260 9.50609 21872
1944 265.902 260 9.53823 21884
1945 265.898 260 9.48323 21895
1946 265.893 260 9.48536 21906
1947 265.889 260 9.49458 21917
1948 265.885 260 9.5337 21929
1949 265.88 260 9.97188 21941
1950 265.876 260 9.62562 21952
1951 265.872 260 9.5401 21964
1952 265.867 260 9.75313 21976
1953 265.863 260 9.62786 21987
1954 265.859 260 9.53422 21998
1955 265.854 260 9.51557 22010
1956 265.85 260 9.52677 22021
1957 265.846 260 9.51906 22032
1958 265.841 260 9.52687 22043
1959 265.837 260 9.50318 22055
1960 265.833 260 9.50797 22066
1961 265.829 260 9.46443 22077
1962 265.824 260 9.54182 22088
1963 265.82 260 9.49219 22100
1964 265.816 260 9.51484 22111
1965 265.811 260 9.46359 22122
1966 265.807 260 9.50849 22133
1967 265.803 260 9.48271 22144
1968 265.799 260 9.52583 22156
1969 265.794 260 9.5024 22167
1970 265.79 260 9.51969 22178
1971 265.786 260 9.51365 22189
1972 265.782 260 9.5274 22201
1973 265.777 260 9.50594 22212
1974 265.773 260 9.4926 22223
1975 265.769 260 9.47229 22234
1976 265.765 260 9.48495 22246
1977 265.76 260 9.50427 22257
1978 265.756 260 9.52787 22268
1979 265.752 260 9.5076 22279
1980 265.748 260 9.53531 22291
1981 265.744 260 9.49599 22302
1982 265.739 260 9.5225 22313
1983 265.735 260 9.51802 22324
1984 265.731 260 9.5262 22336
1985 265.727 260 9.50297 22347
1986 265.722 260 9.51875 22358
1987 265.718 260 9.50792 22369
1988 265.714 260 9.50937 22381
1989 265.71 260 9.48927 22392
1990 265.706 260 9.49297 22403
1991 265.701 260 9.50146 22414
1992 265.697 260 9.49609 22426
1993 265.693 260 9.47068 22437
1994 265.689 260 9.50714 22448
1995 265.685 260 9.45443 22459
1996 265.681 260 9.5149 22470
1997 265.676 260 9.52031 22482
1998 265.672 260 9.50995 22493
1999 265.668 260 9.47203 22504
2000 265.664 260 9.52693 22516
