iteration internal-T external-T loop-time(ms) calcT-time(ms) wall-time(ms)
0 300 280 52.911407470703125 7.93963623046875 61
1 299.44827586206884 280.00000610631349 52.873176574707031 7.9931249618530273 122
2 298.9803563639739 280.00001128510291 52.845207214355469 7.9383859634399414 183
3 298.57244389182785 280.00001579975304 52.820991516113281 8.0054159164428711 244
4 298.20934923768669 280.00001981837318 52.803646087646484 7.9333329200744629 305
5 297.88090558464222 280.00002345348685 52.781875610351562 8.0053653717041016 366
6 297.5800456532811 280.00002678331214 52.745677947998047 7.9398961067199707 426
7 297.30169208280074 280.00002986404405 52.712188720703125 8.0694265365600586 487
8 297.04208897474081 280.00003273725167 52.728748321533203 7.982759952545166 548
9 296.7983849303032 280.00003543449321 52.699741363525391 8.0001039505004883 609
10 296.56836497477997 280.00003798028354 52.672706604003906 7.8735408782958984 670
11 296.35027335207656 280.00004039405474 52.659530639648438 7.9063019752502441 731
12 296.14269333933981 280.00004269148656 52.662811279296875 7.8841152191162109 791
13 295.94446376229348 280.00004488543078 52.656929016113281 8.237187385559082 853
14 295.75461970625838 280.00004698656653 52.643802642822266 7.919374942779541 913
15 295.57234954140552 280.00004900387671 52.617706298828125 8.7152595520019531 975
16 295.39696318331397 280.00005094499915 52.649166107177734 7.9340109825134277 1036
17 295.22786824545227 280.0000528164901 52.617031097412109 7.9764060974121094 1097
18 295.06455183812739 280.00005462402584 52.61328125 7.9097390174865723 1157
19 294.90656647685967 280.0000563725593 52.619739532470703 7.9330730438232422 1218
20 294.75351902912388 280.00005806644162 52.617656707763672 7.8775520324707031 1279
21 294.6050619404989 280.00005970951906 52.604530334472656 8.2401571273803711 1340
22 294.46088619396249 280.000061305212 52.647708892822266 7.9719791412353516 1401
23 294.3207156033842 280.00006285657707 52.613594055175781 8.0004167556762695 1462
24 294.1843021458842 280.00006436635937 52.606719970703125 7.9719271659851074 1523
25 294.05142211166878 280.00006583703475 52.603542327880859 7.9708847999572754 1583
26 293.92187290341781 280.00006727084576 52.591457366943359 7.8963541984558105 1644
27 293.79547035647835 280.00006866983028 52.586456298828125 8.0001039505004883 1705
28 293.67204648013495 280.00007003584795 52.57598876953125 7.9352598190307617 1765
29 293.55144754199017 280.00007137059987 52.570053100585938 7.9925518035888672 1826
30 293.43353243395069 280.00007267564831 52.570625305175781 7.9563021659851074 1887
31 293.31817127091358 280.00007395243006 52.589374542236328 8.0102605819702148 1948
32 293.20524418295406 280.00007520227263 52.58380126953125 8.2397918701171875 2009
33 293.09464026938031 280.00007642640281 52.604793548583984 8.0188016891479492 2070
34 292.98625668894351 280.00007762595885 52.598957061767578 7.9518232345581055 2130
35 292.87999786518048 280.000078801999 52.584270477294922 7.9858851432800293 2191
36 292.77577478958699 280.000079955508 52.591457366943359 7.9252080917358398 2252
37 292.67350440831314 280.00008108740525 52.589740753173828 7.9292187690734863 2313
38 292.57310908047668 280.00008219854982 52.589321136474609 7.9475522041320801 2373
39 292.47451609813777 280.00008328974667 52.586509704589844 8.0172920227050781 2434
40 292.37765725958405 280.00008436175068 52.595207214355469 7.9332289695739746 2495
41 292.282468488863 280.0000854152708 52.60760498046875 7.9877090454101562 2556
42 292.188889495593 280.00008645097432 52.594268798828125 7.9309377670288086 2616
43 292.09686346996006 280.00008746949021 52.597396850585938 8.0022392272949219 2677
44 292.00633680856015 280.00008847141146 52.591564178466797 7.9652080535888672 2738
45 291.91725886735969 280.00008945729888 52.594009399414062 7.9929170608520508 2799
46 291.82958173856827 280.00009042768238 52.586822509765625 7.9259891510009766 2859
47 291.74326004866003 280.00009138306439 52.59588623046875 7.9978117942810059 2920
48 291.65825077514222 280.00009232392091 52.588386535644531 7.9434900283813477 2981
49 291.57451307999094 280.00009325070397 52.594532012939453 8.0301036834716797 3042
50 291.49200815793932 280.00009416384319 52.58416748046875 7.9621877670288086 3102
51 291.41069909803218 280.00009506374687 52.585052490234375 8.0109367370605469 3163
52 291.33055075705613 280.00009595080405 52.588176727294922 7.9027090072631836 3224
53 291.25152964362627 280.00009682538558 52.586666107177734 7.9754161834716797 3285
54 291.17360381185222 280.0000976878448 52.573959350585938 7.9066672325134277 3345
55 291.09674276363489 280.00009853851935 52.580520629882812 8.0114583969116211 3406
56 291.02091735875331 280.00009937773171 52.578853607177734 7.9370827674865723 3467
57 290.94609973199692 280.00010020579015 52.580001831054688 7.9923958778381348 3527
58 290.87226321667907 280.00010102299007 52.571720123291016 7.9170842170715332 3588
59 290.79938227394365 280.00010182961393 52.574687957763672 7.965156078338623 3649
60 290.72743242733588 280.00010262593258 52.580677032470703 7.9731249809265137 3710
61 290.65639020216753 280.00010341220633 52.594425201416016 7.9878120422363281 3770
62 290.58623306925438 280.00010418868385 52.572811126708984 7.9598441123962402 3831
63 290.51693939264698 280.00010495560502 52.579376220703125 7.9846868515014648 3892
64 290.44848838101234 280.0001057131999 52.579010009765625 7.9461979866027832 3952
65 290.38086004236254 280.00010646168954 52.588489532470703 7.9958338737487793 4013
66 290.31403514185098 280.00010720128711 52.567970275878906 7.9356770515441895 4074
67 290.24799516238687 280.00010793219724 52.588489532470703 7.9951047897338867 4135
68 290.18272226784228 280.0001086546178 52.585624694824219 7.9235930442810059 4195
69 290.11819926864416 280.00010936873849 52.581249237060547 7.9471869468688965 4256
70 290.05440958956831 280.00011007474296 52.583488464355469 7.9535422325134277 4317
71 289.99133723956294 280.00011077280823 52.567031860351562 7.9243230819702148 4377
72 289.92896678344829 280.00011146310538 52.574115753173828 7.9453649520874023 4438
73 289.86728331535352 280.00011214579933 52.585468292236328 7.9820308685302734 4499
74 289.80627243376091 280.00011282104896 52.573123931884766 7.9248957633972168 4559
75 289.74592021803926 280.0001134890087 52.572498321533203 7.972135066986084 4620
76 289.6862132063614 280.00011414982765 52.563907623291016 7.8991150856018066 4681
77 289.6271383749073 280.00011480364969 52.557186126708984 7.9835929870605469 4741
78 289.56868311826054 280.00011545061449 52.565105438232422 7.952239990234375 4802
79 289.51083523091665 280.00011609085715 52.560939788818359 7.9967708587646484 4863
80 289.45358288982908 280.0001167245087 52.559112548828125 7.9104161262512207 4923
81 289.39691463791968 280.00011735169551 52.565574645996094 8.0085935592651367 4984
82 289.3408193684902 280.00011797254069 52.557083129882812 7.8934378623962402 5045
83 289.28528631047703 280.00011858716346 52.559165954589844 8.0103645324707031 5106
84 289.2303050144933 280.00011919567964 52.566352844238281 7.8800520896911621 5166
85 289.17586533960525 280.00011979820135 52.567863464355469 7.9807300567626953 5227
86 289.1219574407998 280.00012039483727 52.569011688232422 7.840156078338623 5288
87 289.06857175709877 280.00012098569357 52.565990447998047 8.0051040649414062 5348
88 289.01569900027738 280.00012157087303 52.56854248046875 7.9372401237487793 5409
89 288.96333014415222 280.00012215047565 52.558906555175781 7.9861459732055664 5470
90 288.91145641440386 280.00012272459821 52.558177947998047 7.9378647804260254 5530
91 288.860069278899 280.00012329333509 52.550678253173828 8.0191154479980469 5591
92 288.8091604384889 280.00012385677854 52.552082061767578 7.9552078247070312 5652
93 288.75872181824695 280.00012441501775 52.554740905761719 8.0124483108520508 5713
94 288.70874555912792 280.00012496813963 52.549373626708984 7.9416670799255371 5773
95 288.65922401002092 280.00012551622888 52.554790496826172 7.9440622329711914 5834
96 288.61014972017279 280.00012605936809 52.542240142822266 7.921353816986084 5895
97 288.5615154319633 280.00012659763757 52.543853759765625 7.9440631866455078 5955
98 288.51331407401057 280.00012713111533 52.546977996826172 7.912865161895752 6016
99 288.46553875459068 280.00012765987793 52.567447662353516 8.0082807540893555 6077
100 288.41818275535121 280.00012818399966 52.554428100585938 7.9664058685302734 6137
101 288.37123952530493 280.00012870355283 52.565521240234375 7.9970312118530273 6198
102 288.32470267508864 280.00012921860849 52.549793243408203 7.9386458396911621 6259
103 288.27856597147183 280.0001297292352 52.549373626708984 7.9353117942810059 6320
104 288.23282333210256 280.00013023550076 52.545677185058594 7.8961977958679199 6380
105 288.18746882047856 280.00013073747061 52.553123474121094 7.9956250190734863 6441
106 288.14249664113106 280.00013123520887 52.564010620117188 7.9132289886474609 6502
107 288.09790113501208 280.00013172877829 52.556770324707031 7.9489059448242188 6562
108 288.05367677507184 280.00013221823997 52.546249389648438 7.8559379577636719 6623
109 288.00981816202057 280.00013270365355 52.548801422119141 7.9003119468688965 6683
110 287.96632002026223 280.0001331850778 52.542499542236328 7.8899478912353516 6744
111 287.92317719399352 280.00013366256928 52.555938720703125 7.9739060401916504 6805
112 287.88038464345908 280.0001341361841 52.547397613525391 7.9035420417785645 6865
113 287.83793744135681 280.00013460597671 52.537967681884766 8.0012502670288086 6926
114 287.7958307693836 280.00013507200043 52.559478759765625 7.951146125793457 6987
115 287.75405991491738 280.0001355343075 52.559635162353516 7.9615621566772461 7047
116 287.71262026782694 280.00013599294874 52.539218902587891 8.4959897994995117 7109
117 287.67150731740526 280.00013644797428 52.604686737060547 7.9972391128540039 7170
118 287.63071664941907 280.00013689943268 52.555103302001953 7.8961977958679199 7230
119 287.59024394327105 280.00013734737229 52.546928405761719 7.9717187881469727 7291
120 287.55008496926644 280.00013779183945 52.548126220703125 7.8973431587219238 7352
121 287.51023558598445 280.0001382328802 52.560832977294922 7.9450521469116211 7412
122 287.47069173774304 280.00013867053934 52.540050506591797 8.188385009765625 7474
123 287.43144945215954 280.00013910486103 52.561561584472656 8.0133857727050781 7534
124 287.39250483779853 280.00013953588802 52.553489685058594 7.9512500762939453 7595
125 287.35385408190371 280.00013996366278 52.550468444824219 7.9072918891906738 7656
126 287.31549344821298 280.00014038822638 52.554790496826172 7.8515100479125977 7716
127 287.27741927484823 280.00014080961978 52.555259704589844 7.9083337783813477 7777
128 287.23962797228194 280.00014122788235 52.555572509765625 7.9128131866455078 7838
129 287.20211602137334 280.0001416430531 52.547866821289062 7.9902081489562988 7898
130 287.16487997147266 280.00014205517027 52.545574188232422 7.958855152130127 7959
131 287.12791643859128 280.00014246427128 52.548854827880859 7.9697909355163574 8020
132 287.09122210363347 280.00014287039289 52.530727386474609 7.9393749237060547 8080
133 287.0547937106889 280.00014327357121 52.532657623291016 7.9869790077209473 8141
134 287.01862806538134 280.00014367384154 52.550678253173828 7.912865161895752 8202
135 286.98272203327423 280.00014407123848 52.551563262939453 7.965364933013916 8262
136 286.94707253832649 280.00014446579604 52.533439636230469 7.925260066986084 8323
137 286.91167656140249 280.00014485754792 52.538333892822266 7.9113020896911621 8384
138 286.87653113882737 280.00014524652664 52.531459808349609 7.9443230628967285 8444
139 286.84163336099135 280.00014563276454 52.545417785644531 8.0033845901489258 8505
140 286.80698037099734 280.00014601629323 52.544532775878906 7.9338550567626953 8566
141 286.7725693633538 280.00014639714374 52.545574188232422 7.9904160499572754 8626
142 286.73839758270702 280.00014677534631 52.539531707763672 7.940000057220459 8687
143 286.70446232261418 280.00014715093141 52.546092987060547 7.9872918128967285 8748
144 286.67076092435559 280.00014752392821 52.540050506591797 7.982759952545166 8808
145 286.63729077578131 280.00014789436557 52.544998168945312 7.9846358299255371 8869
146 286.60404931019707 280.00014826227198 52.539321899414062 7.9377608299255371 8930
147 286.57103400528024 280.00014862767517 52.548801422119141 7.9918231964111328 8990
148 286.53824238203219 280.00014899060284 52.54119873046875 7.8627090454101562 9051
149 286.50567200376059 280.00014935108186 52.545310974121094 8.0043230056762695 9112
150 286.47332047509195 280.00014970913861 52.549427032470703 7.9341139793395996 9172
151 286.44118544101474 280.00015006479919 52.546928405761719 7.9961981773376465 9233
152 286.40926458594987 280.0001504180895 52.537136077880859 7.896510124206543 9294
153 286.37755563284935 280.00015076903452 52.542499542236328 7.915989875793457 9354
154 286.34605634232008 280.00015111765885 52.546352386474609 7.8491148948669434 9415
155 286.3147645117744 280.00015146398738 52.537082672119141 7.9203128814697266 9476
156 286.28367797460487 280.00015180804348 52.549114227294922 7.8658862113952637 9536
157 286.25279459938031 280.00015214985132 52.549842834472656 7.9004688262939453 9597
158 286.22211228906968 280.00015248943367 52.548175811767578 7.9615111351013184 9657
159 286.19162898028213 280.00015282681369 52.539581298828125 7.9746880531311035 9718
160 286.16134264253265 280.00015316201348 52.539272308349609 7.9496359825134277 9779
161 286.13125127752687 280.00015349505543 52.549793243408203 7.9476561546325684 9839
162 286.10135291846456 280.00015382596132 52.538490295410156 7.9233331680297852 9900
163 286.07164562936379 280.00015415475247 52.542499542236328 7.9735407829284668 9961
164 286.04212750440342 280.0001544814499 52.534271240234375 7.9334368705749512 10021
165 286.01279666728226 280.00015480607482 52.540885925292969 7.9882807731628418 10082
166 285.98365127059708 280.00015512864707 52.529533386230469 7.9389581680297852 10143
167 285.95468949523627 280.0001554491871 52.542396545410156 8.0108327865600586 10204
168 285.92590954979028 280.00015576771466 52.533699035644531 7.9296360015869141 10264
169 285.8973096699774 280.00015608424945 52.550468444824219 7.984896183013916 10325
170 285.8688881180845 280.00015639881042 52.548595428466797 7.866145133972168 10385
171 285.84064318242298 280.00015671141659 52.549427032470703 7.9397401809692383 10446
172 285.81257317679825 280.00015702208691 52.546772003173828 7.8874478340148926 10507
173 285.78467643999335 280.00015733083944 52.548072814941406 7.9549479484558105 10567
174 285.75695133526568 280.00015763769238 52.550102233886719 7.9218230247497559 10628
175 285.72939624985685 280.00015794266363 52.556144714355469 8.0118751525878906 10689
176 285.70200959451455 280.00015824577076 52.543487548828125 7.9554171562194824 10749
177 285.67478980302656 280.00015854703099 52.568386077880859 7.9922919273376465 10810
178 285.64773533176742 280.00015884646172 52.549324035644531 7.9272398948669434 10871
179 285.62084465925403 280.00015914407936 52.549167633056641 7.961510181427002 10931
180 285.59411628571581 280.00015943990076 52.546821594238281 7.8889579772949219 10992
181 285.56754873267204 280.00015973394227 52.546043395996094 7.9326038360595703 11053
182 285.54114054252182 280.00016002621999 52.548595428466797 7.9557809829711914 11113
183 285.51489027814279 280.00016031674994 52.548175811767578 7.8982291221618652 11174
184 285.48879652250002 280.00016060554753 52.54473876953125 7.9164061546325684 11235
185 285.46285787826537 280.00016089262868 52.543853759765625 7.9947919845581055 11295
186 285.43707296744287 280.00016117800817 52.544685363769531 7.9016671180725098 11356
187 285.41144043100758 280.000161461701 52.534011840820312 7.9079689979553223 11417
188 285.38595892854823 280.00016174372251 52.532814025878906 7.9225001335144043 11477
189 285.36062713792239 280.00016202408705 52.548801422119141 7.9619269371032715 11538
190 285.33544375491704 280.00016230280903 52.543487548828125 7.8980197906494141 11598
191 285.31040749291765 280.00016257990268 52.550834655761719 7.9811458587646484 11659
192 285.2855170825859 280.00016285538197 52.536510467529297 7.9426040649414062 11720
193 285.26077127154389 280.00016312926118 52.538333892822266 7.921875 11780
194 285.23616882406571 280.00016340155344 52.541980743408203 7.9156770706176758 11841
195 285.21170852077614 280.00016367227266 52.555000305175781 7.9472918510437012 11902
196 285.1873891583561 280.00016394143194 52.559844970703125 7.9803128242492676 11963
197 285.16320954925573 280.00016420904433 52.544376373291016 8.0217189788818359 12023
198 285.13916852141176 280.00016447512297 52.552864074707031 7.9541149139404297 12084
199 285.11526491797343 280.00016473968071 52.555988311767578 8.0009374618530273 12145
200 285.09149759703297 280.00016500273011 52.555675506591797 7.841249942779541 12205
201 285.06786543136309 280.00016526428368 52.560886383056641 7.9559898376464844 12266
202 285.04436730815894 280.00016552435369 52.530937194824219 7.9483861923217773 12327
203 285.0210021287877 280.00016578295237 52.547866821289062 7.9736461639404297 12387
204 284.99776880854154 280.00016604009164 52.534530639648438 7.9282288551330566 12448
205 284.97466627639704 280.0001662957834 52.543281555175781 7.9917712211608887 12509
206 284.9516934747798 280.00016655003924 52.535781860351562 7.8933858871459961 12569
207 284.9288493593337 280.00016680287098 52.528541564941406 7.9821882247924805 12630
208 284.90613289869515 280.0001670542897 52.541511535644531 7.9160418510437012 12691
209 284.88354307427284 280.00016730430713 52.527397155761719 7.9436450004577637 12751
210 284.86107888003062 280.00016755293387 52.537498474121094 7.8704171180725098 12812
211 284.83873932227698 280.00016780018115 52.540779113769531 7.9586458206176758 12873
212 284.81652341945642 280.00016804605997 52.530467987060547 7.9665098190307617 12933
213 284.79443020194844 280.00016829058092 52.534477233886719 8.557499885559082 12995
214 284.77245871186693 280.00016853375467 52.581615447998047 8.1223430633544922 13056
215 284.75060800286684 280.00016877559159 52.5816650390625 8.0013542175292969 13117
216 284.72887713995345 280.00016901610206 52.537029266357422 7.9329690933227539 13177
217 284.70726519929497 280.0001692552965 52.536460876464844 7.9639058113098145 13238
218 284.68577126804081 280.00016949318467 52.529895782470703 7.9063539505004883 13299
219 284.66439444414073 280.00016972977687 52.515312194824219 8.1010942459106445 13360
220 284.64313383617173 280.0001699650827 52.554477691650391 7.988853931427002 13420
221 284.6219885631632 280.00017019911206 52.530937194824219 8.0089073181152344 13481
222 284.60095775443057 280.00017043187455 52.532917022705078 7.9031248092651367 13542
223 284.58004054940858 280.00017066337989 52.537448883056641 7.9904689788818359 13602
224 284.55923609749055 280.00017089363718 52.526199340820312 7.9516668319702148 13663
225 284.53854355786842 280.00017112265584 52.516613006591797 8.0026035308837891 13724
226 284.51796209937811 280.0001713504451 52.515678405761719 7.9533329010009766 13784
227 284.49749090034618 280.00017157701399 52.52557373046875 8.014582633972168 13845
228 284.47712914844055 280.00017180237165 52.517967224121094 7.962864875793457 13906
229 284.45687604052375 280.00017202652674 52.528175354003906 7.9890618324279785 13966
230 284.43673078250913 280.00017224948834 52.522968292236328 7.9316668510437012 14027
231 284.41669258921979 280.00017247126499 52.514217376708984 7.9638018608093262 14088
232 284.39676068424939 280.00017269186526 52.517501831054688 7.8813018798828125 14148
233 284.37693429982772 280.00017291129734 52.531719207763672 8.0209379196166992 14209
234 284.35721267668663 280.00017312957021 52.534637451171875 7.9482808113098145 14270
235 284.33759506392909 280.00017334669218 52.532344818115234 8.0016670227050781 14330
236 284.31808071890208 280.00017356267091 52.542865753173828 7.920259952545166 14391
237 284.29866890706995 280.00017377751482 52.540206909179688 7.9528131484985352 14452
238 284.27935890189144 280.00017399123209 52.541511535644531 7.9169268608093262 14512
239 284.26014998469816 280.00017420383045 52.540157318115234 7.9534897804260254 14573
240 284.2410414445763 280.00017441531793 52.520259857177734 7.9145832061767578 14634
241 284.22203257824918 280.00017462570224 52.531875610351562 7.917604923248291 14694
242 284.20312268996383 280.00017483499107 52.528751373291016 7.9387497901916504 14755
243 284.18431109137742 280.00017504319203 52.547550201416016 7.9953641891479492 14815
244 284.16559710144776 280.00017525031279 52.514739990234375 7.9498958587646484 14876
245 284.14698004632453 280.00017545636069 52.521198272705078 7.986875057220459 14937
246 284.12845925924353 280.00017566134301 52.529998779296875 7.9365100860595703 14997
247 284.11003408042126 280.00017586526724 52.534530639648438 7.9679689407348633 15058
248 284.09170385695347 280.0001760681406 52.524894714355469 7.9362502098083496 15119
249 284.07346794271365 280.00017626996998 52.538333892822266 8.0083341598510742 15179
250 284.05532569825476 280.00017647076282 52.535991668701172 7.9361457824707031 15240
251 284.03727649071129 280.000176670526 52.537708282470703 7.9642181396484375 15301
252 284.0193196937056 280.00017686926617 52.529636383056641 7.9596881866455078 15361
253 284.00145468725168 280.0001770669906 52.528907775878906 7.9446349143981934 15422
254 283.9836808576656 280.00017726370595 52.520626068115234 7.9498438835144043 15483
255 283.96599759747374 280.00017745941886 52.536407470703125 8.0122919082641602 15543
256 283.94840430532406 280.000177654136 52.522968292236328 7.9550518989562988 15604
257 283.93090038589969 280.00017784786405 52.529270172119141 7.9377598762512207 15665
258 283.91348524983249 280.0001780406094 52.50567626953125 7.9386978149414062 15725
259 283.89615831361812 280.00017823237863 52.526927947998047 7.9887499809265137 15786
260 283.87891899953559 280.00017842317817 52.518230438232422 7.9502081871032715 15847
261 283.86176673556361 280.00017861301399 52.520626068115234 7.9992709159851074 15907
262 283.84470095530168 280.0001788018929 52.534271240234375 7.9343228340148926 15968
263 283.82772109789209 280.00017898982071 52.527656555175781 8.0043754577636719 16029
264 283.81082660794107 280.00017917680373 52.531509399414062 7.9231767654418945 16089
265 283.79401693544492 280.00017936284797 52.53338623046875 8.0096359252929688 16150
266 283.7772915357138 280.00017954795942 52.529998779296875 7.940000057220459 16211
267 283.76064986929981 280.00017973214449 52.533645629882812 7.9790630340576172 16271
268 283.74409140192341 280.00017991540852 52.529636383056641 7.8474478721618652 16332
269 283.72761560440438 280.00018009775755 52.525623321533203 8.0055732727050781 16393
270 283.71122195259039 280.00018027919754 52.524009704589844 7.9317188262939453 16453
271 283.69490992728998 280.00018045973394 52.5269775390625 8.0016670227050781 16514
272 283.67867901420453 280.00018063937267 52.516250610351562 7.9726037979125977 16575
273 283.66252870386199 280.00018081811947 52.537029266357422 7.9832291603088379 16635
274 283.64645849155215 280.00018099597952 52.513439178466797 7.9345312118530273 16696
275 283.63046787726273 280.00018117295889 52.518489837646484 7.9828639030456543 16756
276 283.61455636561612 280.00018134906253 52.528072357177734 7.9591660499572754 16817
277 283.5987234658071 280.00018152429624 52.523334503173828 8.017603874206543 16878
278 283.58296869154339 280.0001816986653 52.519634246826172 7.8970828056335449 16938
279 283.56729156098419 280.00018187217495 52.516510009765625 7.9258852005004883 16999
280 283.55169159668242 280.00018204483058 52.526302337646484 7.964634895324707 17060
281 283.53616832552603 280.00018221663737 52.549167633056641 8.0026035308837891 17120
282 283.52072127868195 280.00018238760049 52.538383483886719 7.9428129196166992 17181
283 283.50534999153865 280.00018255772511 52.546039581298828 7.9611458778381348 17242
284 283.49005400365263 280.00018272701658 52.528541564941406 7.9119791984558105 17302
285 283.47483285869311 280.0001828954795 52.526821136474609 7.9948439598083496 17363
286 283.45968610438899 280.0001830631191 52.530155181884766 7.887394905090332 17424
287 283.44461329247633 280.00018322994032 52.520259857177734 7.9487500190734863 17484
288 283.42961397864696 280.00018339594806 52.5234375 7.8916139602661133 17545
289 283.41468772249738 280.00018356114731 52.533699035644531 7.9510941505432129 17606
290 283.39983408747884 280.00018372554285 52.528125762939453 7.903749942779541 17666
291 283.38505264084807 280.00018388913935 52.520000457763672 7.9961981773376465 17727
292 283.37034295361872 280.00018405194163 52.524738311767578 7.9556770324707031 17788
293 283.35570460051463 280.00018421395447 52.524791717529297 8.0094785690307617 17848
294 283.34113715992157 280.00018437518236 52.532032012939453 7.9424481391906738 17909
295 283.32664021384198 280.00018453563013 52.535469055175781 8.0131254196166992 17970
296 283.31221334784971 280.00018469530244 52.510520935058594 7.9391670227050781 18030
297 283.2978561510443 280.00018485420327 52.524219512939453 7.9953651428222656 18091
298 283.28356821600835 280.00018501233774 52.512187957763672 7.8537502288818359 18152
299 283.269349138763 280.00018516971005 52.518333435058594 7.9397392272949219 18212
300 283.25519851872622 280.00018532632492 52.511821746826172 7.8780207633972168 18273
301 283.24111595867021 280.00018548218634 52.511196136474609 7.9558849334716797 18334
302 283.22710106468031 280.00018563729884 52.523490905761719 7.9383330345153809 18394
303 283.2131534461148 280.00018579166687 52.511772155761719 7.9977598190307617 18455
304 283.19927271556384 280.00018594529456 52.5234375 7.9589061737060547 18515
305 283.18545848881132 280.00018609818613 52.525417327880859 8.0097389221191406 18576
306 283.17171038479472 280.00018625034596 52.516876220703125 7.9303131103515625 18637
307 283.15802802556806 280.00018640177814 52.530780792236328 7.9678120613098145 18698
308 283.14441103626359 280.00018655248675 52.519218444824219 7.8814058303833008 18758
309 283.13085904505556 280.00018670247613 52.536563873291016 8.4870843887329102 18819
310 283.11737168312186 280.00018685175002 52.577136993408203 7.9862499237060547 18880
311 283.10394858461092 280.00018700031274 52.532707214355469 7.9475002288818359 18941
312 283.09058938660371 280.00018714816821 52.517654418945312 7.8840107917785645 19002
313 283.07729372908057 280.00018729532064 52.520835876464844 8.0246353149414062 19062
314 283.06406125488621 280.00018744177356 52.536354064941406 7.9825520515441895 19123
315 283.05089160969601 280.00018758753117 52.539272308349609 8.6538019180297852 19185
316 283.03778444198332 280.00018773259728 52.549114227294922 7.969480037689209 19246
317 283.02473940298535 280.00018787697576 52.530052185058594 8.0106773376464844 19306
318 283.0117561466725 280.00018802067035 52.515155792236328 7.9672918319702148 19367
319 282.99883432971563 280.0001881636851 52.532291412353516 7.9976558685302734 19428
320 282.98597361145431 280.00018830602369 52.519374847412109 7.8990631103515625 19488
321 282.97317365386738 280.0001884476896 52.523227691650391 7.9310407638549805 19549
322 282.9604341215416 280.00018858868674 52.525730133056641 7.8689579963684082 19609
323 282.94775468164153 280.0001887290191 52.5433349609375 7.9943227767944336 19670
324 282.93513500388093 280.00018886868969 52.526718139648438 7.979896068572998 19731
325 282.92257476049235 280.00018900770255 52.544113159179688 7.998021125793457 19792
326 282.9100736262003 280.00018914606142 52.520053863525391 7.9568228721618652 19852
327 282.8976312781914 280.00018928376937 52.528541564941406 8.0005207061767578 19913
328 282.88524739608761 280.0001894208304 52.52734375 7.9041152000427246 19974
329 282.87292166191827 280.00018955724795 52.527969360351562 7.9830207824707031 20034
330 282.8606537600935 280.00018969302528 52.541355133056641 7.914635181427002 20095
331 282.84844337737746 280.00018982816596 52.542186737060547 7.9196882247924805 20155
332 282.83629020286219 280.00018996267363 52.533592224121094 7.8947920799255371 20216
333 282.82419392794185 280.00019009655148 52.544425964355469 7.9427609443664551 20277
334 282.81215424628715 280.00019022980297 52.544532775878906 7.9524998664855957 20337
335 282.80017085382048 280.00019036243157 52.545314788818359 8.0048961639404297 20398
336 282.78824344869059 280.00019049444046 52.537395477294922 7.8899998664855957 20459
337 282.77637173124924 280.00019062583294 52.567707061767578 7.9797921180725098 20519
338 282.76455540402668 280.00019075661237 52.550155639648438 7.8934369087219238 20580
339 282.75279417170782 280.00019088678198 52.550365447998047 7.9382290840148926 20641
340 282.74108774110908 280.0001910163453 52.529949188232422 7.901249885559082 20701
341 282.72943582115556 280.00019114530528 52.531978607177734 7.999478816986084 20762
342 282.71783812285832 280.00019127366494 52.545623779296875 7.9311981201171875 20823
343 282.70629435929146 280.00019140142786 52.547237396240234 7.9648427963256836 20883
344 282.69480424557162 280.0001915285967 52.545207977294922 7.8658342361450195 20944
345 282.68336749883434 280.00019165517517 52.549842834472656 7.9052090644836426 21005
346 282.67198383821426 280.00019178116594 52.553230285644531 7.9270310401916504 21065
347 282.66065298482306 280.00019190657241 52.543437957763672 7.9211459159851074 21126
348 282.64937466172921 280.00019203139749 52.534530639648438 7.9540629386901855 21186
349 282.63814859393722 280.00019215564419 52.552345275878906 8.0166664123535156 21247
350 282.62697450836765 280.00019227931557 52.555103302001953 7.9692192077636719 21308
351 282.6158521338366 280.00019240241448 52.546405792236328 8.0050516128540039 21369
352 282.60478120103659 280.00019252494428 52.547447204589844 7.9325518608093262 21429
353 282.5937614425174 280.00019264690764 52.5316162109375 8.0307292938232422 21490
354 282.58279259266658 280.00019276830733 52.541355133056641 7.9483327865600586 21551
355 282.57187438769012 280.00019288914672 52.549114227294922 7.9903650283813477 21612
356 282.56100656559522 280.00019300942841 52.532135009765625 7.9473958015441895 21672
357 282.55018886617034 280.00019312915543 52.533126831054688 7.9580202102661133 21733
358 282.53942103096841 280.00019324833056 52.542499542236328 7.9415631294250488 21793
359 282.52870280328875 280.00019336695664 52.535625457763672 7.9555211067199707 21854
360 282.5180339281589 280.00019348503645 52.536041259765625 7.9604167938232422 21915
361 282.50741415231761 280.00019360257289 52.517917633056641 8.0220832824707031 21975
362 282.49684322419813 280.00019371956859 52.522655487060547 7.9461979866027832 22036
363 282.486320893911 280.0001938360266 52.542293548583984 8.0372915267944336 22097
364 282.47584691322709 280.00019395194931 52.554164886474609 7.9574999809265137 22158
365 282.46542103556175 280.00019406733969 52.528125762939453 7.993384838104248 22218
366 282.45504301595849 280.00019418220057 52.5269775390625 7.8838539123535156 22279
367 282.44471261107253 280.00019429653423 52.531406402587891 7.965156078338623 22340
368 282.43442957915619 280.00019441034368 52.538436889648438 7.9407291412353516 22400
369 282.42419368004187 280.00019452363148 52.534427642822266 7.9973440170288086 22461
370 282.41400467512739 280.00019463640024 52.529270172119141 7.9368748664855957 22522
371 282.40386232736176 280.00019474865258 52.533176422119141 8.0024480819702148 22582
372 282.39376640122845 280.00019486039128 52.527290344238281 7.9153637886047363 22643
373 282.38371666273196 280.00019497161878 52.5230712890625 8.025364875793457 22704
374 282.37371287938311 280.00019508233754 52.521457672119141 7.9813017845153809 22764
375 282.36375482018428 280.00019519255028 52.531093597412109 7.9986982345581055 22825
376 282.35384225561558 280.0001953022595 52.526821136474609 7.9272918701171875 22886
377 282.34397495762096 280.00019541146776 52.534793853759766 7.9995841979980469 22946
378 282.33415269959386 280.00019552017756 52.516510009765625 7.9285941123962402 23007
379 282.32437525636465 280.00019562839117 52.526248931884766 7.9425520896911621 23068
380 282.31464240418615 280.00019573611132 52.521511077880859 7.877708911895752 23128
381 282.30495392072055 280.00019584334069 52.518333435058594 8.0217714309692383 23189
382 282.29530958502727 280.00019595008104 52.528957366943359 7.9543228149414062 23250
383 282.28570917754905 280.0001960563356 52.537448883056641 7.9469270706176758 23310
384 282.2761524800996 280.00019616210619 52.54473876953125 7.9521880149841309 23371
385 282.26663927585082 280.00019626739538 52.557033538818359 7.985468864440918 23432
386 282.25716934932092 280.00019637220549 52.530261993408203 7.952761173248291 23492
387 282.24774248636152 280.00019647653914 52.542499542236328 7.9957809448242188 23553
388 282.23835847414574 280.00019658039844 52.533126831054688 7.8770318031311035 23614
389 282.22901710115661 280.00019668378599 52.516040802001953 7.9586458206176758 23674
390 282.21971815717518 280.00019678670384 52.538803100585938 7.8860940933227539 23735
391 282.21046143326828 280.00019688915444 52.550521850585938 7.9088020324707031 23796
392 282.20124672177792 280.00019699114017 52.529220581054688 7.9703121185302734 23856
393 282.19207381630912 280.00019709266292 52.539531707763672 8.0082817077636719 23917
394 282.18294251171949 280.00019719372546 52.531822204589844 7.9367709159851074 23978
395 282.17385260410748 280.00019729432978 52.541145324707031 7.9832291603088379 24038
396 282.16480389080226 280.00019739447811 52.537708282470703 7.9252090454101562 24099
397 282.15579617035178 280.00019749417271 52.535781860351562 8.0087499618530273 24160
398 282.14682924251349 280.00019759341598 52.528125762939453 7.938021183013916 24220
399 282.13790290824249 280.00019769220978 52.534271240234375 7.9835419654846191 24281
400 282.12901696968248 280.00019779055668 52.522918701171875 7.9142189025878906 24342
401 282.12017123015414 280.00019788845862 52.524581909179688 7.9702081680297852 24402
402 282.11136549414607 280.00019798591791 52.522552490234375 7.8764591217041016 24463
403 282.10259956730448 280.00019808293638 52.542865753173828 7.9190101623535156 24524
404 282.09387325642308 280.0001981795167 52.530780792236328 7.8260412216186523 24584
405 282.0851863694333 280.00019827566047 52.536979675292969 8.580103874206543 24645
406 282.07653871539515 280.00019837136989 52.573802947998047 7.9868221282958984 24706
407 282.06793010448723 280.00019846664748 52.539009094238281 8.1234903335571289 24767
408 282.05936034799726 280.00019856149493 52.544010162353516 7.9891672134399414 24828
409 282.05082925831374 280.00019865591435 52.534896850585938 8.0087499618530273 24889
410 282.0423366489149 280.00019874990801 52.535469055175781 7.9505209922790527 24949
411 282.03388233436192 280.00019884347762 52.528072357177734 8.5455207824707031 25011
412 282.02546613028778 280.00019893662562 52.548332214355469 7.9626049995422363 25072
413 282.01708785339036 280.00019902935389 52.514217376708984 7.9101037979125977 25132
414 282.00874732142199 280.00019912166431 52.514530181884766 7.9550518989562988 25193
415 282.00044435318227 280.00019921355903 52.520938873291016 8.0010414123535156 25254
416 281.9921787685085 280.00019930504004 52.505886077880859 7.9279170036315918 25314
417 281.98395038826743 280.00019939610911 52.533332824707031 8.0001049041748047 25375
418 281.97575903434745 280.00019948676857 52.508541107177734 7.9318227767944336 25436
419 281.96760452965009 280.00019957702028 52.510887145996094 7.9817700386047363 25496
420 281.95948669808138 280.00019966686574 52.524738311767578 7.8781251907348633 25557
421 281.9514053645446 280.00019975630755 52.534687042236328 7.9069271087646484 25617
422 281.9433603549316 280.00019984534725 52.52734375 7.8960409164428711 25678
423 281.93535149611546 280.00019993398678 52.535572052001953 8.0160942077636719 25739
424 281.92737861594253 280.00020002222823 52.530521392822266 7.8820829391479492 25799
425 281.91944154322493 280.00020011007342 52.522239685058594 8.0223960876464844 25860
426 281.91154010773255 280.0002001975239 52.5081787109375 7.9468750953674316 25921
427 281.90367414018584 280.00020028458209 52.529636383056641 7.9856767654418945 25981
428 281.89584347224843 280.00020037124949 52.534324645996094 7.9314589500427246 26042
429 281.88804793651968 280.00020045752808 52.524322509765625 7.9883852005004883 26103
430 281.88028736652751 280.00020054341974 52.521091461181641 7.9036459922790527 26163
431 281.87256159672108 280.00020062892605 52.55078125 7.9273438453674316 26224
432 281.86487046246418 280.00020071404919 52.518539428710938 7.9228639602661133 26285
433 281.85721380002735 280.00020079879084 52.514896392822266 7.9070830345153809 26345
434 281.84959144658183 280.00020088315273 52.506980895996094 7.926353931427002 26406
435 281.84200324019241 280.00020096713661 52.518230438232422 7.9573960304260254 26466
436 281.83444901981045 280.00020105074452 52.509792327880859 7.909113883972168 26527
437 281.82692862526727 280.00020113397778 52.527706146240234 7.9350519180297852 26588
438 281.81944189726778 280.00020121683866 52.538383483886719 7.9518232345581055 26648
439 281.81198867738374 280.00020129932869 52.519062042236328 7.9974479675292969 26709
440 281.80456880804729 280.00020138144941 52.532966613769531 7.9657292366027832 26770
441 281.79718213254461 280.00020146320287 52.549270629882812 7.9792709350585938 26830
442 281.7898284950096 280.00020154459082 52.535728454589844 7.9380202293395996 26891
443 281.78250774041726 280.00020162561464 52.528751373291016 7.9656248092651367 26952
444 281.7752197145781 280.0002017062763 52.523124694824219 7.954740047454834 27012
445 281.76796426413176 280.00020178657729 52.534530639648438 8.022343635559082 27073
446 281.76074123654058 280.00020186651949 52.526615142822266 7.9288020133972168 27134
447 281.7535504800843 280.00020194610471 52.529167175292969 8.0256776809692383 27195
448 281.74639184385364 280.00020202533432 52.52911376953125 7.9510931968688965 27255
449 281.73926517774441 280.00020210421002 52.529895782470703 7.9346351623535156 27316
450 281.73217033245186 280.00020218273363 52.526668548583984 7.9443750381469727 27376
451 281.72510715946521 280.00020226090663 52.535938262939453 7.9796361923217773 27437
452 281.71807551106161 280.00020233873067 52.521980285644531 7.9641671180725098 27498
453 281.71107524030026 280.00020241620763 52.531093597412109 8.0235424041748047 27559
454 281.70410620101774 280.00020249333869 52.516300201416016 7.9375519752502441 27619
455 281.6971682478212 280.00020257012585 52.529323577880859 7.9549479484558105 27680
456 281.69026123608444 280.0002026465707 52.518646240234375 7.8761978149414062 27740
457 281.68338502194155 280.00020272267432 52.533073425292969 7.9019789695739746 27801
458 281.67653946228143 280.00020279843903 52.520103454589844 7.9494271278381348 27862
459 281.66972441474331 280.00020287386582 52.534740447998047 8.0161457061767578 27922
460 281.66293973771104 280.00020294895671 52.531356811523438 7.940000057220459 27983
461 281.65618529030775 280.00020302371269 52.527603149414062 7.9638018608093262 28044
462 281.6494609323907 280.00020309813584 52.509738922119141 7.9166669845581055 28104
463 281.64276652454737 280.00020317222754 52.516407012939453 7.9370841979980469 28165
464 281.63610192808875 280.00020324598916 52.531147003173828 7.9414582252502441 28225
465 281.62946700504557 280.00020331942238 52.525154113769531 7.9943752288818359 28286
466 281.62286161816286 280.00020339252882 52.523021697998047 7.9181251525878906 28347
467 281.61628563089545 280.00020346530988 52.535625457763672 7.9652609825134277 28407
468 281.60973890740263 280.00020353776705 52.518074035644531 7.9164590835571289 28468
469 281.60322131254378 280.0002036099018 52.530887603759766 7.9972920417785645 28529
470 281.59673271187387 280.0002036817155 52.528541564941406 7.957603931427002 28589
471 281.59027297163863 280.00020375321009 52.537239074707031 7.9268231391906738 28650
472 281.58384195876897 280.00020382438652 52.527397155761719 7.8976039886474609 28711
473 281.577439540878 280.00020389524656 52.522552490234375 7.9674482345581055 28771
474 281.5710655862556 280.0002039657914 52.520103454589844 7.9339580535888672 28832
475 281.56471996386409 280.00020403602292 52.519321441650391 7.9634900093078613 28893
476 281.55840254333333 280.0002041059422 52.530311584472656 7.9401040077209473 28953
477 281.55211319495777 280.00020417555078 52.527137756347656 8.0226564407348633 29014
478 281.54585178969006 280.00020424485007 52.535209655761719 7.9368228912353516 29075
479 281.53961819913837 280.00020431384149 52.528331756591797 7.9961462020874023 29135
480 281.53341229556116 280.00020438252648 52.518959045410156 7.9476041793823242 29196
481 281.52723395186371 280.00020445090655 52.524269104003906 7.9788541793823242 29257
482 281.52108304159327 280.0002045189828 52.533592224121094 7.9601039886474609 29317
483 281.51495943893525 280.00020458675709 52.5234375 8.0040616989135742 29378
484 281.50886301870889 280.0002046542304 52.534011840820312 7.9458861351013184 29439
485 281.50279365636379 280.00020472140426 52.532032012939453 8.0231771469116211 29500
486 281.49675122797493 280.00020478827992 52.527030944824219 7.9472918510437012 29560
487 281.4907356102392 280.00020485485896 52.52166748046875 8.0295324325561523 29621
488 281.48474668047163 280.00020492114248 52.503852844238281 7.9251041412353516 29682
489 281.47878431660138 280.00020498713229 52.533699035644531 8.0020313262939453 29742
490 281.47284839716741 280.00020505282913 52.529426574707031 7.8725519180297852 29803
491 281.46693880131494 280.00020511823482 52.526092529296875 7.9553642272949219 29863
492 281.46105540879194 280.00020518335043 52.516719818115234 7.8995828628540039 29924
493 281.45519809994482 280.00020524817717 52.524791717529297 7.9312500953674316 29985
494 281.44936675571495 280.00020531271673 52.534584045410156 7.9108858108520508 30045
495 281.44356125763511 280.00020537697026 52.530414581298828 8.0052604675292969 30106
496 281.43778148782559 280.00020544093888 52.533855438232422 7.9519791603088379 30167
497 281.43202732899005 280.00020550462415 52.540939331054688 8.0040626525878906 30227
498 281.42629866441376 280.0002055680273 52.52166748046875 7.9470829963684082 30288
499 281.42059537795706 280.00020563114958 52.518386840820312 7.9618749618530273 30349
500 281.41491735405498 280.00020569399209 52.511093139648438 7.8748960494995117 30409
501 281.40926447771102 280.00020575655651 52.509479522705078 8.5583333969116211 30471
502 281.40363663449591 280.00020581884365 52.574375152587891 7.9911980628967285 30531
503 281.39803371054245 280.00020588085516 52.532550811767578 8.0133333206176758 30592
504 281.39245559254294 280.00020594259206 52.528335571289062 7.937708854675293 30653
505 281.38690216774575 280.00020600405566 52.536720275878906 7.9972920417785645 30714
506 281.38137332395178 280.0002060652472 52.53515625 7.9429678916931152 30774
507 281.37586894951102 280.00020612616788 52.525730133056641 8.6529159545898438 30836
508 281.37038893331976 280.00020618681907 52.533279418945312 7.955103874206543 30896
509 281.36493316481682 280.00020624720179 52.516353607177734 7.9860410690307617 30957
510 281.35950153398011 280.00020630731751 52.518070220947266 7.9246349334716797 31018
511 281.35409393132409 280.00020636716721 52.524585723876953 7.9436979293823242 31078
512 281.34871024789669 280.00020642675219 52.516563415527344 7.894740104675293 31139
513 281.34335037527472 280.00020648607352 52.522342681884766 7.9452080726623535 31200
514 281.33801420556267 280.00020654513264 52.513591766357422 7.8932809829711914 31260
515 281.33270163138837 280.00020660393062 52.529270172119141 7.9801559448242188 31321
516 281.32741254589979 280.00020666246849 52.520362854003906 7.9185419082641602 31382
517 281.32214684276289 280.00020672074771 52.525783538818359 7.9404158592224121 31442
518 281.31690441615791 280.00020677876932 52.523334503173828 7.9032812118530273 31503
519 281.31168516077662 280.00020683653452 52.517135620117188 7.9306249618530273 31563
520 281.30648897181965 280.00020689404431 52.506511688232422 7.884270191192627 31624
521 281.301315744992 280.00020695130007 52.525470733642578 8.0243234634399414 31685
522 281.29616537650264 280.00020700830265 52.514427185058594 7.9233851432800293 31745
523 281.29103776305971 280.00020706505342 52.527030944824219 7.966771125793457 31806
524 281.28593280186811 280.00020712155367 52.502185821533203 7.9568748474121094 31867
525 281.28085039062648 280.00020717780416 52.515937805175781 7.9870309829711914 31927
526 281.27579042752495 280.00020723380629 52.516094207763672 7.9544281959533691 31988
527 281.27075281124229 280.0002072895611 52.513126373291016 7.9498438835144043 32048
528 281.26573744094179 280.00020734506973 52.516563415527344 7.8933849334716797 32109
529 281.26074421627055 280.00020740033312 52.521198272705078 7.9272909164428711 32170
530 281.2557730373552 280.00020745535267 52.509845733642578 7.8694791793823242 32230
531 281.25082380479938 280.00020751012943 52.504947662353516 7.9085941314697266 32291
532 281.2458964196822 280.00020756466404 52.505779266357422 7.8482809066772461 32351
533 281.2409907835538 280.00020761895803 52.506614685058594 7.9505209922790527 32412
534 281.23610679843421 280.00020767301248 52.486042022705078 7.9484891891479492 32473
535 281.23124436680956 280.00020772682848 52.502655029296875 7.9822921752929688 32533
536 281.22640339163053 280.00020778040687 52.488227844238281 7.9359898567199707 32594
537 281.22158377630888 280.0002078337489 52.50213623046875 7.9735407829284668 32655
538 281.21678542471534 280.00020788685566 52.501979827880859 7.952603816986084 32715
539 281.21200824117693 280.00020793972794 52.520103454589844 7.9652609825134277 32776
540 281.20725213047439 280.00020799236722 52.50640869140625 7.9392709732055664 32836
541 281.2025169978395 280.00020804477424 52.508281707763672 7.9966139793395996 32897
542 281.19780274895339 280.00020809694996 52.495208740234375 7.9484381675720215 32958
543 281.19310928994281 280.00020814889575 52.500728607177734 8.0043754577636719 33018
544 281.18843652737843 280.00020820061241 52.495780944824219 7.9609899520874023 33079
545 281.18378436827282 280.00020825210117 52.502552032470703 7.9205207824707031 33140
546 281.17915272007667 280.0002083033628 52.509845733642578 7.8743748664855957 33200
547 281.17454149067805 280.00020835439852 52.504322052001953 8.0009384155273438 33261
548 281.16995058839865 280.00020840520915 52.503074645996094 7.8839058876037598 33321
549 281.1653799219921 280.00020845579587 52.514633178710938 8.0083856582641602 33382
550 281.16082940064155 280.00020850615971 52.518489837646484 7.957240104675293 33443
551 281.15629893395698 280.00020855630152 52.524635314941406 7.9786968231201172 33503
552 281.15178843197356 280.00020860622226 52.528022766113281 7.9156250953674316 33564
553 281.14729780514881 280.0002086559233 52.5159912109375 7.9642190933227539 33625
554 281.14282696436067 280.00020870540516 52.511615753173828 7.954218864440918 33685
555 281.13837582090457 280.00020875466902 52.505573272705078 7.9828648567199707 33746
556 281.13394428649195 280.00020880371596 52.526718139648438 7.9344267845153809 33807
557 281.12953227324772 280.00020885254668 52.531719207763672 7.9793229103088379 33867
558 281.12513969370832 280.00020890116235 52.517917633056641 7.9189062118530273 33928
559 281.12076646081857 280.00020894956401 52.520053863525391 7.9988541603088379 33989
560 281.1164124879312 280.0002089977524 52.515102386474609 7.9148960113525391 34049
561 281.11207768880246 280.0002090457287 52.503383636474609 7.9125518798828125 34110
562 281.10776197759219 280.00020909349371 52.493751525878906 7.9539070129394531 34170
563 281.10346526886042 280.00020914104834 52.498279571533203 7.9277610778808594 34231
564 281.09918747756467 280.00020918839363 52.485729217529297 7.9512500762939453 34292
565 281.0949285190602 280.00020923553058 52.496303558349609 8.0006246566772461 34352
566 281.09068830909513 280.00020928245971 52.492862701416016 7.9340100288391113 34413
567 281.08646676381005 280.0002093291825 52.493904113769531 7.9592180252075195 34474
568 281.08226379973576 280.00020937569968 52.495414733886719 7.8902091979980469 34534
569 281.0780793337907 280.00020942201212 52.495834350585938 7.9270319938659668 34595
570 281.07391328327913 280.0002094681206 52.497760772705078 7.9417710304260254 34655
571 281.06976556588972 280.00020951402621 52.504478454589844 7.9726557731628418 34716
572 281.06563609969231 280.00020955972997 52.487186431884766 7.9427080154418945 34777
573 281.06152480313722 280.0002096052325 52.506820678710938 8.0169792175292969 34837
574 281.05743159505278 280.00020965053488 52.500625610351562 7.9408860206604004 34898
575 281.05335639464249 280.00020969563803 52.507656097412109 7.9878129959106445 34959
576 281.04929912148458 280.00020974054269 52.489791870117188 7.9163031578063965 35019
577 281.04525969552907 280.00020978524975 52.495883941650391 7.9402599334716797 35080
578 281.04123803709621 280.00020982976031 52.48260498046875 7.9079160690307617 35140
579 281.03723406687448 280.00020987407493 52.489585876464844 7.9600000381469727 35201
580 281.03324770591865 280.00020991819486 52.505104064941406 7.9672918319702148 35262
581 281.02927887564812 280.00020996212055 52.495155334472656 8.037135124206543 35322
582 281.0253274978445 280.00021000585321 52.500625610351562 7.9468750953674316 35383
583 281.02139349465068 280.00021004939367 52.499427795410156 7.9640631675720215 35444
584 281.01747678856754 280.00021009274252 52.481407165527344 7.9402599334716797 35504
585 281.01357730245411 280.00021013590072 52.499168395996094 8.014531135559082 35565
586 281.00969495952376 280.00021017886945 52.481769561767578 7.9269270896911621 35626
587 281.00582968334402 280.00021022164907 52.492862701416016 7.9914579391479492 35686
588 281.00198139783294 280.00021026424071 52.495311737060547 7.8923439979553223 35747
589 280.99815002725984 280.00021030664516 52.500156402587891 7.9401040077209473 35807
590 280.99433549624075 280.00021034886316 52.506980895996094 7.9600520133972168 35868
591 280.99053772973889 280.00021039089563 52.512550354003906 7.9882807731628418 35929
592 280.98675665306138 280.00021043274342 52.516456604003906 7.926353931427002 35989
593 280.98299219185873 280.00021047440742 52.487186431884766 7.9468231201171875 36050
594 280.97924427212217 280.00021051588811 52.49822998046875 7.926875114440918 36111
595 280.97551282018202 280.00021055718679 52.509685516357422 7.9846878051757812 36171
596 280.97179776270679 280.00021059830379 52.490573883056641 7.9521350860595703 36232
597 280.96809902670077 280.00021063924032 52.491874694824219 8.0767707824707031 36293
598 280.96441653950205 280.00021067999694 52.571197509765625 8.0073957443237305 36354
599 280.96075022878199 280.00021072057456 52.517292022705078 7.9314579963684082 36414
600 280.95710002254248 280.00021076097408 52.490573883056641 7.8686981201171875 36475
601 280.95346584911465 280.00021080119592 52.507915496826172 7.926875114440918 36535
602 280.94984763715746 280.0002108412412 52.502082824707031 7.9285421371459961 36596
603 280.94624531565546 280.00021088111049 52.499790191650391 8.5699481964111328 36658
604 280.94265881391811 280.00021092080465 52.516197204589844 7.9569268226623535 36718
605 280.93908806157714 280.00021096032481 52.500675201416016 8.0099477767944336 36779
606 280.93553298858569 280.00021099967131 52.506301879882812 7.9521350860595703 36840
607 280.93199352521623 280.00021103884495 52.491355895996094 7.9915108680725098 36900
608 280.92846960205981 280.00021107784664 52.499897003173828 7.941978931427002 36961
609 280.92496115002291 280.00021111667712 52.510105133056641 7.9743227958679199 37021
610 280.92146810032779 280.00021115533701 52.500938415527344 7.953125 37082
611 280.9179903845091 280.00021119382734 52.509845733642578 8.0237503051757812 37143
612 280.91452793441391 280.00021123214873 52.506198883056641 7.9629168510437012 37204
613 280.91108068219955 280.0002112703018 52.492446899414062 7.9818229675292969 37264
614 280.90764856033144 280.00021130828753 52.495937347412109 7.9785408973693848 37325
615 280.90423150158233 280.00021134610654 52.509792327880859 8.0209379196166992 37386
616 280.90082943903104 280.00021138375951 52.510990142822266 7.9381771087646484 37446
617 280.89744230606016 280.00021142124729 52.504112243652344 8.0129690170288086 37507
618 280.894070036355 280.0002114585705 52.495677947998047 7.9278650283813477 37568
619 280.89071256390235 280.00021149572996 52.512031555175781 7.9846868515014648 37628
620 280.88736982298815 280.00021153272644 52.500053405761719 7.8945832252502441 37689
621 280.88404174819715 280.00021156956046 52.510414123535156 7.9415631294250488 37749
622 280.88072827441056 280.00021160623311 52.501407623291016 7.9080209732055664 37810
623 280.87742933680499 280.00021164274472 52.505935668945312 8.0211458206176758 37871
624 280.87414487085118 280.00021167909603 52.498073577880859 7.8870840072631836 37931
625 280.87087481231208 280.00021171528806 52.497394561767578 8.0174999237060547 37992
626 280.86761909724214 280.00021175132144 52.495677947998047 7.8830728530883789 38052
627 280.86437766198463 280.00021178719652 52.508281707763672 7.9646358489990234 38113
628 280.86115044317199 280.00021182291442 52.494060516357422 7.9216670989990234 38174
629 280.85793737772292 280.00021185847567 52.503227233886719 7.9733848571777344 38234
630 280.85473840284226 280.00021189388093 52.510520935058594 7.8497920036315918 38295
631 280.851553456018 280.00021192913101 52.504478454589844 7.9888548851013184 38356
632 280.84838247502159 280.00021196422642 52.496929168701172 7.9598960876464844 38416
633 280.84522539790555 280.00021199916796 52.510154724121094 8.0321359634399414 38477
634 280.8420821630026 280.0002120339563 52.502658843994141 7.9688019752502441 38538
635 280.83895270892396 280.00021206859219 52.507709503173828 8.0094270706176758 38598
636 280.83583697455816 280.00021210307614 52.48828125 7.8755731582641602 38659
637 280.83273489906975 280.00021213740894 52.479270935058594 8.0463542938232422 38719
638 280.82964642189802 280.00021217159127 52.489009857177734 7.9678640365600586 38780
639 280.82657148275547 280.00021220562377 52.501144409179688 8.0034379959106445 38841
640 280.82351002162699 280.00021223950711 52.490261077880859 7.9384379386901855 38901
641 280.82046197876753 280.00021227324197 52.493072509765625 8.0278654098510742 38962
642 280.81742729470244 280.0002123068287 52.500312805175781 7.943230152130127 39023
643 280.81440591022425 280.00021234026866 52.494373321533203 7.9348440170288086 39083
644 280.81139776639304 280.00021237356179 52.483020782470703 7.9682807922363281 39144
645 280.8084028045343 280.00021240670907 52.494529724121094 7.9916667938232422 39205
646 280.80542096623776 280.00021243971116 52.493541717529297 7.9430727958679199 39265
647 280.80245219335643 280.00021247256876 52.486301422119141 8.0006246566772461 39326
648 280.79949642800494 280.00021250528215 52.489063262939453 7.9354691505432129 39386
649 280.79655361255857 280.00021253785235 52.489738464355469 7.9941668510437012 39447
650 280.79362368965241 280.00021257027993 52.479164123535156 7.951718807220459 39508
651 280.79070660217877 280.00021260256528 52.487602233886719 7.9833340644836426 39568
652 280.78780229328771 280.00021263470916 52.490520477294922 7.9463019371032715 39629
653 280.78491070638427 280.00021266671251 52.497966766357422 7.9429168701171875 39690
654 280.78203178512865 280.00021269857547 52.501094818115234 7.8941140174865723 39750
655 280.77916547343403 280.00021273029887 52.497917175292969 7.9927082061767578 39811
656 280.77631171546545 280.00021276188352 52.473228454589844 7.9432811737060547 39871
657 280.77347045563909 280.00021279332952 52.480522155761719 8.005000114440918 39932
658 280.77064163862065 280.00021282463814 52.476665496826172 7.9477081298828125 39993
659 280.76782520932454 280.00021285580959 52.471458435058594 7.9407291412353516 40053
660 280.76502111291256 280.00021288684439 52.469375610351562 7.8975520133972168 40114
661 280.76222929479229 280.00021291774328 52.472709655761719 7.9806771278381348 40174
662 280.75944970061698 280.00021294850706 52.470157623291016 7.9011459350585938 40235
663 280.75668227628336 280.00021297913599 52.475990295410156 7.9929161071777344 40296
664 280.75392696793074 280.00021300963084 52.471405029296875 7.8592700958251953 40356
665 280.75118372194049 280.00021303999233 52.483543395996094 7.973228931427002 40417
666 280.74845248493415 280.00021307022104 52.476249694824219 7.8988537788391113 40477
667 280.74573320377243 280.00021310031707 52.487030029296875 7.9499998092651367 40538
668 280.74302582555458 280.00021313028157 52.488594055175781 7.8703641891479492 40598
669 280.74033029761688 280.00021316011481 52.481250762939453 7.9298958778381348 40659
670 280.73764656753161 280.00021318981743 52.478958129882812 7.921875 40720
671 280.73497458310578 280.0002132193901 52.482135772705078 7.9844789505004883 40780
672 280.73231429238029 280.0002132488334 52.477813720703125 7.9615111351013184 40841
673 280.72966564362906 280.00021327814784 52.489219665527344 8.0004692077636719 40901
674 280.72702858535672 280.00021330733398 52.480522155761719 7.9546880722045898 40962
675 280.72440306629949 280.00021333639256 52.485626220703125 7.9961462020874023 41023
676 280.72178903542238 280.00021336532376 52.488491058349609 7.9102611541748047 41083
677 280.71918644191891 280.00021339412854 52.476665496826172 7.977759838104248 41144
678 280.71659523521026 280.00021342280718 52.476093292236328 7.9250521659851074 41205
679 280.71401536494346 280.00021345136025 52.47088623046875 7.9471869468688965 41265
680 280.71144678099114 280.00021347978873 52.459220886230469 7.9472918510437012 41326
681 280.70888943344966 280.0002135080926 52.476665496826172 8.0119791030883789 41387
682 280.70634327263883 280.00021353627261 52.476772308349609 7.9497909545898438 41447
683 280.70380824910023 280.00021356432956 52.475261688232422 7.9814062118530273 41508
684 280.70128431359728 280.00021359226372 52.463123321533203 7.872499942779541 41568
685 280.69877141711243 280.00021362007567 52.463905334472656 7.9311981201171875 41629
686 280.69626951084797 280.00021364776603 52.480678558349609 7.9126038551330566 41689
687 280.6937785462236 280.00021367533532 52.491664886474609 8.0015630722045898 41750
688 280.69129847487642 280.00021370278398 52.478904724121094 7.9268231391906738 41811
689 280.68882924865937 280.00021373011248 52.469894409179688 7.945624828338623 41871
690 280.68637081964056 280.00021375732177 52.467292785644531 7.9329681396484375 41932
691 280.68392314010168 280.00021378441187 52.486198425292969 7.9875521659851074 41992
692 280.68148616253814 280.00021381138362 52.467758178710938 7.9671878814697266 42053
693 280.67905983965647 280.00021383823741 52.473491668701172 8.4435939788818359 42114
694 280.67664412437506 280.00021386497389 52.548801422119141 8.0531253814697266 42175
695 280.67423896982177 280.00021389159332 52.489116668701172 8.0325002670288086 42236
696 280.67184432933448 280.00021391809645 52.477134704589844 7.948854923248291 42297
697 280.66946015645823 280.00021394448379 52.482658386230469 7.9859371185302734 42357
698 280.66708640494539 280.00021397075574 52.480052947998047 7.9360928535461426 42418
699 280.66472302875513 280.00021399691275 52.4769287109375 8.6449480056762695 42479
700 280.66236998205176 280.00021402295573 52.498020172119141 7.9661459922790527 42540
701 280.66002721920364 280.00021404888469 52.481979370117188 8.0171880722045898 42601
702 280.65769469478255 280.00021407470024 52.471824645996094 7.9402608871459961 42661
703 280.655372363563 280.00021410040307 52.473800659179688 7.9733328819274902 42722
704 280.65306018052104 280.00021412599369 52.471561431884766 7.8833861351013184 42783
705 280.65075810083334 280.00021415147228 52.472812652587891 7.9614062309265137 42843
706 280.64846607987602 280.00021417683979 52.478439331054688 7.8723440170288086 42904
707 280.64618407322394 280.00021420209629 52.486354827880859 7.9197912216186523 42964
708 280.64391203665042 280.00021422724245 52.476772308349609 7.8709897994995117 43025
709 280.64164992612507 280.00021425227885 52.474113464355469 7.9399480819702148 43085
710 280.63939769781427 280.00021427720588 52.474948883056641 7.9308857917785645 43146
711 280.63715530807855 280.00021430202389 52.4808349609375 7.9841141700744629 43207
712 280.63492271347394 280.00021432673344 52.465415954589844 7.940208911895752 43267
713 280.63269987074904 280.00021435133539 52.462135314941406 8.0022401809692383 43328
714 280.6304867368454 280.00021437582956 52.455623626708984 7.8671870231628418 43388
715 280.62828326889536 280.00021440021681 52.464790344238281 7.995884895324707 43449
716 280.62608942422332 280.00021442449764 52.46307373046875 7.9109888076782227 43509
717 280.62390516034264 280.00021444867235 52.479324340820312 7.9445319175720215 43570
718 280.62173043495579 280.00021447274162 52.45916748046875 7.9399480819702148 43631
719 280.61956520595379 280.00021449670567 52.474479675292969 8.0322399139404297 43691
720 280.61740943141467 280.00021452056529 52.464115142822266 7.9418230056762695 43752
721 280.6152630696028 280.0002145443205 52.478904724121094 7.9492177963256836 43813
722 280.61312607896838 280.00021456797197 52.472915649414062 7.9054169654846191 43873
723 280.61099841814627 280.00021459152038 52.466354370117188 7.9511451721191406 43934
724 280.60888004595517 280.00021461496578 52.482864379882812 7.8922910690307617 43994
725 280.60677092139696 280.00021463830893 52.475311279296875 7.9579682350158691 44055
726 280.60467100365582 280.0002146615501 52.470989227294922 7.8882288932800293 44115
727 280.6025802520968 280.00021468469009 52.473228454589844 8.0207290649414062 44176
728 280.60049862626687 280.00021470772884 52.465469360351562 7.9013018608093262 44237
729 280.59842608589094 280.00021473066715 52.480884552001953 7.9555730819702148 44297
730 280.59636259087415 280.00021475350513 52.474845886230469 7.8974480628967285 44358
731 280.59430810129959 280.00021477624364 52.485469818115234 7.985105037689209 44418
732 280.59226257742739 280.00021479888278 52.464008331298828 7.9214057922363281 44479
733 280.5902259796942 280.00021482142336 52.480781555175781 7.9802079200744629 44540
734 280.58819826871257 280.00021484386542 52.479530334472656 7.9161458015441895 44600
735 280.58617940526995 280.0002148662096 52.488803863525391 8.0157814025878906 44661
736 280.58416935032795 280.00021488845624 52.482082366943359 7.8782811164855957 44721
737 280.58216806502139 280.00021491060585 52.473331451416016 8.0130214691162109 44782
738 280.58017551065774 280.00021493265871 52.482967376708984 7.9264059066772461 44843
739 280.5781916487162 280.00021495461567 52.479530334472656 7.9995322227478027 44903
740 280.57621644084685 280.00021497647651 52.494949340820312 7.8942708969116211 44964
741 280.57424984887064 280.00021499824226 52.486770629882812 7.9524998664855957 45024
742 280.57229183477693 280.0002150199129 52.468906402587891 7.9422907829284668 45085
743 280.57034236072451 280.00021504148907 52.485519409179688 8.0008344650268555 45146
744 280.56840138903999 280.00021506297122 52.479114532470703 7.9305210113525391 45206
745 280.56646888221701 280.0002150843597 52.474739074707031 7.9349479675292969 45267
746 280.56454480291558 280.00021510565466 52.463958740234375 7.9352607727050781 45327
747 280.56262911396169 280.0002151268568 52.475936889648438 7.9945311546325684 45388
748 280.56072177834568 280.0002151479668 52.462238311767578 7.9513020515441895 45449
749 280.55882275922266 280.00021516898443 52.462863922119141 7.9278650283813477 45509
750 280.55693201991062 280.00021518991059 52.462970733642578 7.8672399520874023 45570
751 280.55504952389077 280.00021521074564 52.475624084472656 7.910365104675293 45630
752 280.55317523480596 280.00021523148962 52.480678558349609 7.8567180633544922 45691
753 280.55130911646023 280.00021525214305 52.486408233642578 7.9973959922790527 45752
754 280.54945113281832 280.00021527270684 52.4964599609375 7.9362502098083496 45812
755 280.5476012480043 280.0002152931807 52.498542785644531 7.9883332252502441 45873
756 280.54575942630208 280.00021531356543 52.492084503173828 7.9111981391906738 45933
757 280.54392563215316 280.00021533386126 52.493488311767578 8.0077075958251953 45994
758 280.54209983015704 280.00021535406881 52.483280181884766 7.8879680633544922 46055
759 280.54028198506995 280.00021537418803 52.495208740234375 7.9709382057189941 46115
760 280.53847206180473 280.00021539421971 52.485050201416016 7.924375057220459 46176
761 280.5366700254288 280.00021541416407 52.488540649414062 7.9702081680297852 46236
762 280.53487584116556 280.0002154340217 52.485626220703125 7.9069271087646484 46297
763 280.53308947439183 280.00021545379258 52.495731353759766 7.9773960113525391 46358
764 280.5313108906376 280.00021547347745 52.473281860351562 7.9024481773376465 46418
765 280.52954005558655 280.00021549307661 52.484321594238281 7.9941668510437012 46479
766 280.52777693507346 280.00021551259005 52.475990295410156 7.9297399520874023 46539
767 280.52602149508476 280.0002155320189 52.474479675292969 7.9760408401489258 46600
768 280.52427370175758 280.000215551363 52.47088623046875 7.9082808494567871 46661
769 280.52253352137933 280.00021557062263 52.486717224121094 7.9773960113525391 46721
770 280.52080092038631 280.00021558979847 52.470989227294922 7.9619269371032715 46782
771 280.5190758653635 280.00021560889093 52.512603759765625 7.9903640747070312 46843
772 280.51735832304428 280.0002156279001 52.497760772705078 7.9489588737487793 46903
773 280.51564826030898 280.00021564682652 52.495521545410156 7.9577078819274902 46964
774 280.51394564418462 280.00021566567068 52.481769561767578 7.8996868133544922 47025
775 280.51225044184429 280.00021568443259 52.488750457763672 8.014531135559082 47085
776 280.51056262060661 280.00021570311287 52.4769287109375 7.971250057220459 47146
777 280.50888214793446 280.00021572171175 52.508022308349609 8.0004692077636719 47207
778 280.50720899143511 280.00021574022975 52.495624542236328 7.883124828338623 47267
779 280.50554311885935 280.0002157586672 52.502708435058594 7.9155731201171875 47328
780 280.50388449810043 280.00021577702427 52.499897003173828 7.8692178726196289 47388
781 280.5022330971936 280.00021579530147 52.490936279296875 8.0163545608520508 47449
782 280.5005888843159 280.00021581349932 52.491302490234375 7.948646068572998 47510
783 280.49895182778528 280.0002158316176 52.491092681884766 8.0079689025878906 47570
784 280.49732189605959 280.00021584965725 52.493019104003906 7.9061460494995117 47631
785 280.49569905773643 280.00021586761829 52.494636535644531 7.9430718421936035 47691
786 280.49408328155249 280.00021588550106 52.503646850585938 7.8791141510009766 47752
787 280.49247453638253 280.00021590330624 52.482292175292969 7.9372391700744629 47813
788 280.49087279123921 280.000215921034 52.475105285644531 8.2502079010009766 47874
789 280.48927801527219 280.00021593868433 52.579322814941406 8.0900001525878906 47935
790 280.48769017776806 280.0002159562581 52.512760162353516 7.9471879005432129 47995
791 280.48610924814852 280.00021597375536 52.490314483642578 8.0235939025878906 48056
792 280.48453519597098 280.00021599117662 52.494220733642578 7.9523429870605469 48117
793 280.48296799092765 280.00021600852182 52.494480133056641 7.9395828247070312 48177
794 280.48140760284474 280.00021602579181 52.496509552001953 8.5258846282958984 48238
795 280.47985400168147 280.00021604298649 52.51776123046875 7.9421358108520508 48299
796 280.47830715753082 280.00021606010642 52.502449035644531 7.8905210494995117 48360
797 280.47676704061723 280.00021607715195 52.500885009765625 7.9607810974121094 48420
798 280.47523362129698 280.0002160941234 52.488594055175781 7.8940620422363281 48481
799 280.47370687005787 280.00021611102102 52.484947204589844 8.0090618133544922 48542
800 280.47218675751787 280.00021612784525 52.480571746826172 7.9329171180725098 48602
801 280.47067325442481 280.00021614459615 52.482707977294922 7.9987502098083496 48663
802 280.4691663316562 280.00021616127441 52.483074188232422 7.9487500190734863 48724
803 280.46766596021803 280.00021617787991 52.504116058349609 7.9703121185302734 48784
804 280.4661721112447 280.00021619441355 52.486560821533203 7.8991670608520508 48845
805 280.46468475599801 280.00021621087507 52.487342834472656 8.0034370422363281 48905
806 280.46320386586706 280.00021622726513 52.471458435058594 7.9371871948242188 48966
807 280.46172941236739 280.00021624358391 52.499530792236328 8.0038022994995117 49027
808 280.46026136713999 280.00021625983163 52.470832824707031 7.9421358108520508 49087
809 280.45879970195205 280.00021627600904 52.484584808349609 7.9843230247497559 49148
810 280.45734438869493 280.00021629211585 52.474063873291016 7.957603931427002 49209
811 280.45589539938442 280.00021630815297 52.481925964355469 7.9905209541320801 49269
812 280.45445270616023 280.00021632412034 52.482395172119141 7.9584369659423828 49330
813 280.45301628128476 280.00021634001803 52.475521087646484 7.9347920417785645 49390
814 280.45158609714321 280.00021635584704 52.474010467529297 7.941770076751709 49451
815 280.45016212624336 280.000216371607 52.47088623046875 7.9536981582641602 49512
816 280.44874434121351 280.00021638729868 52.477603912353516 7.8927078247070312 49572
817 280.44733271480339 280.00021640292209 52.492397308349609 7.9374480247497559 49633
818 280.44592721988357 280.00021641847769 52.486824035644531 7.9258861541748047 49693
819 280.44452782944376 280.00021643396582 52.478542327880859 8.0258855819702148 49754
820 280.44313451659355 280.00021644938647 52.482658386230469 7.8907809257507324 49815
821 280.44174725456111 280.00021646474028 52.478595733642578 7.9460940361022949 49875
822 280.44036601669319 280.0002164800274 52.479793548583984 7.8914060592651367 49936
823 280.43899077645369 280.0002164952482 52.491146087646484 7.9981770515441895 49996
824 280.43762150742458 280.00021651040277 52.480415344238281 7.9410409927368164 50057
825 280.43625818330372 280.00021652549145 52.489948272705078 8.0270309448242188 50118
826 280.43490077790591 280.000216540515 52.49609375 7.933021068572998 50178
827 280.43354926516116 280.00021655547306 52.491874694824219 7.9014577865600586 50239
828 280.4322036191146 280.00021657036632 52.488853454589844 7.9014058113098145 50299
829 280.43086381392646 280.00021658519483 52.486824035644531 7.9372920989990234 50360
830 280.42952982387084 280.00021659995906 52.4840087890625 7.9538540840148926 50421
831 280.42820162333533 280.00021661465917 52.480678558349609 8.0078649520874023 50481
832 280.42687918682083 280.00021662929544 52.491039276123047 7.9446358680725098 50542
833 280.42556248894101 280.00021664386827 52.481876373291016 7.9272398948669434 50602
834 280.42425150442142 280.00021665837789 52.493072509765625 7.9111461639404297 50663
835 280.42294620809923 280.00021667282425 52.486404418945312 7.9906249046325684 50724
836 280.42164657492299 280.00021668720848 52.480209350585938 7.9779691696166992 50784
837 280.42035257995184 280.00021670153001 52.491302490234375 8.1033334732055664 50845
838 280.4190641983547 280.00021671578941 52.49395751953125 7.9392189979553223 50906
839 280.41778140541061 280.00021672998685 52.491302490234375 7.9740109443664551 50966
840 280.41650417650743 280.00021674412284 52.480987548828125 7.9448437690734863 51027
841 280.41523248714213 280.00021675819755 52.489009857177734 7.9034371376037598 51088
842 280.41396631291929 280.00021677221116 52.461563110351562 7.92401123046875 51148
843 280.41270562955191 280.00021678616417 52.483905792236328 7.9735941886901855 51209
844 280.41145041285961 280.00021680005642 52.471561431884766 7.9263548851013184 51269
845 280.41020063876914 280.00021681388858 52.477031707763672 7.9956769943237305 51330
846 280.40895628331327 280.00021682766078 52.468647003173828 7.9223442077636719 51391
847 280.40771732263107 280.000216841373 52.476303100585938 7.9630727767944336 51451
848 280.40648373296636 280.00021685502594 52.475521087646484 7.9243230819702148 51512
849 280.40525549066842 280.00021686861993 52.479633331298828 7.9841670989990234 51572
850 280.40403257219054 280.00021688215486 52.478904724121094 7.9171872138977051 51633
851 280.40281495408988 280.00021689563107 52.475677490234375 8.0027084350585938 51694
852 280.40160261302748 280.00021690904879 52.475154876708984 7.9730210304260254 51754
853 280.40039552576729 280.00021692240847 52.470157623291016 7.9681248664855957 51815
854 280.39919366917576 280.00021693571034 52.470573425292969 7.8981771469116211 51875
855 280.39799702022145 280.00021694895457 52.479896545410156 7.9376568794250488 51936
856 280.39680555597459 280.00021696214122 52.475154876708984 7.8825521469116211 51996
857 280.39561925360653 280.0002169752708 52.486251831054688 7.9788541793823242 52057
858 280.39443809038994 280.0002169883436 52.496562957763672 7.9177079200744629 52118
859 280.39326204369678 280.00021700135977 52.498123168945312 7.9779691696166992 52179
860 280.392091091 280.00021701431945 52.480209350585938 7.8753647804260254 52239
861 280.39092520987117 280.00021702722307 52.47869873046875 7.9596872329711914 52300
862 280.38976437798152 280.00021704007071 52.478542327880859 7.8952078819274902 52360
863 280.38860857309982 280.00021705286298 52.483123779296875 7.9623432159423828 52421
864 280.38745777309435 280.00021706559971 52.484634399414062 7.9144268035888672 52482
865 280.3863119559299 280.0002170782812 52.476303100585938 7.9759378433227539 52542
866 280.38517109966892 280.00021709090782 52.491355895996094 7.9238018989562988 52603
867 280.38403518247071 280.00021710347983 52.501926422119141 7.9641151428222656 52664
868 280.38290418259106 280.00021711599732 52.496719360351562 7.9477601051330566 52724
869 280.38177807838161 280.00021712846075 52.508750915527344 7.9529170989990234 52785
870 280.38065684828939 280.00021714087018 52.491874694824219 7.918281078338623 52846
871 280.37954047085663 280.00021715322589 52.479427337646484 8.0109367370605469 52906
872 280.37842892472031 280.00021716552811 52.493019104003906 7.96697998046875 52967
873 280.37732218861174 280.00021717777707 52.485469818115234 7.985468864440918 53027
874 280.37622024135612 280.00021718997311 52.485469818115234 7.887031078338623 53088
875 280.37512306187159 280.00021720211646 52.491981506347656 8.0100002288818359 53149
876 280.37403062916985 280.00021721420711 52.484272003173828 7.9808859825134277 53209
877 280.37294292235521 280.00021722624547 52.496353149414062 7.9890098571777344 53270
878 280.37185992062393 280.00021723823187 52.484634399414062 7.8968749046325684 53330
879 280.37078160326399 280.00021725016632 52.490989685058594 7.954740047454834 53391
880 280.36970794965526 280.00021726204926 52.496250152587891 7.9531769752502441 53452
881 280.36863893926773 280.00021727388065 52.483386993408203 7.9776558876037598 53512
882 280.36757455166281 280.00021728566099 52.4761962890625 7.9503641128540039 53573
883 280.3665147664916 280.00021729739029 52.482448577880859 8.0149478912353516 53634
884 280.36545956349534 280.00021730906894 52.475574493408203 8.4353647232055664 53695
885 280.36440892250437 280.00021732069735 52.560207366943359 8.0844802856445312 53756
886 280.36336282343768 280.00021733227504 52.494529724121094 7.9817190170288086 53816
887 280.36232124630402 280.00021734380289 52.478176116943359 8.014582633972168 53877
888 280.36128417119875 280.00021735528088 52.483802795410156 7.9422402381896973 53938
889 280.36025157830625 280.00021736670942 52.485626220703125 7.9586977958679199 53998
890 280.35922344789788 280.00021737808839 52.478748321533203 8.4958343505859375 54060
891 280.35819976033224 280.00021738941825 52.501510620117188 7.9697399139404297 54120
892 280.35718049605401 280.00021740069917 52.486927032470703 7.9083328247070312 54181
893 280.35616563559483 280.00021741193143 52.4886474609375 7.973750114440918 54242
894 280.35515515957167 280.00021742311492 52.490207672119141 7.875363826751709 54302
895 280.35414904868753 280.00021743425037 52.494686126708984 7.9810929298400879 54363
896 280.35314728372992 280.00021744533746 52.480052947998047 7.9342708587646484 54423
897 280.3521498455716 280.00021745637696 52.478801727294922 8.0229167938232422 54484
898 280.35115671516945 280.00021746736854 52.486457824707031 7.9623961448669434 54545
899 280.35016787356466 280.00021747831266 52.484481811523438 7.9918231964111328 54605
900 280.34918330188128 280.00021748920972 52.494167327880859 7.9406251907348633 54666
901 280.34820298132763 280.00021750005959 52.487449645996094 8.0313024520874023 54727
902 280.34722689319398 280.00021751086274 52.489269256591797 7.9607820510864258 54787
903 280.34625501885404 280.00021752161905 52.517032623291016 8.014582633972168 54848
904 280.34528733976265 280.00021753232903 52.496147155761719 7.9527077674865723 54909
905 280.34432383745735 280.00021754299269 52.503124237060547 8.0198431015014648 54969
906 280.34336449355663 280.00021755361041 52.489376068115234 7.8835420608520508 55030
907 280.34240928976021 280.00021756418226 52.481040954589844 7.9359889030456543 55090
908 280.34145820784829 280.0002175747087 52.4644775390625 7.9016141891479492 55151
909 280.34051122968174 280.00021758518949 52.474895477294922 7.9160418510437012 55212
910 280.3395683372014 280.00021759562503 52.473178863525391 7.8983330726623535 55272
911 280.33862951242725 280.00021760601578 52.462657928466797 7.8961977958679199 55333
912 280.33769473745934 280.00021761636168 52.449844360351562 7.9292187690734863 55393
913 280.33676399447597 280.00021762666279 52.471981048583984 7.9226040840148926 55454
914 280.3358372657346 280.00021763691944 52.465469360351562 7.903749942779541 55514
915 280.33491453357055 280.00021764713199 52.484897613525391 7.9856767654418945 55575
916 280.33399578039695 280.00021765730037 52.472553253173828 7.9386978149414062 55635
917 280.33308098870515 280.00021766742509 52.479843139648438 8.006718635559082 55696
918 280.33217014106293 280.0002176775061 52.457553863525391 7.9141149520874023 55757
919 280.33126322011515 280.00021768754362 52.471092224121094 7.9105210304260254 55817
920 280.3303602085835 280.00021769753778 52.476093292236328 7.8516139984130859 55878
921 280.32946108926564 280.00021770748907 52.472553253173828 8.003021240234375 55938
922 280.3285658450352 280.00021771739722 52.466197967529297 7.9480729103088379 55999
923 280.32767445884116 280.00021772726302 52.473541259765625 7.9600529670715332 56060
924 280.32678691370756 280.00021773708619 52.446353912353516 7.9458332061767578 56120
925 280.3259031927339 280.00021774686672 52.46875 8.0086984634399414 56181
926 280.3250232790935 280.00021775660537 52.459583282470703 7.9420309066772461 56241
927 280.32414715603443 280.00021776630194 52.458385467529297 8.0028648376464844 56302
928 280.32327480687815 280.00021777595703 52.459636688232422 7.9405207633972168 56363
929 280.32240621501978 280.00021778557033 52.4566650390625 7.9968228340148926 56423
930 280.32154136392808 280.00021779514208 52.462551116943359 7.9414591789245605 56484
931 280.32068023714436 280.00021780467279 52.478958129882812 7.9323959350585938 56544
932 280.31982281828209 280.00021781416262 52.4769287109375 7.9108848571777344 56605
933 280.31896909102795 280.00021782361125 52.478855133056641 7.9363031387329102 56666
934 280.31811903913956 280.00021783301935 52.467811584472656 7.8936457633972168 56726
935 280.31727264644678 280.00021784238703 52.458438873291016 7.9648442268371582 56787
936 280.31642989685076 280.00021785171441 52.475208282470703 7.9006252288818359 56847
937 280.31559077432308 280.00021786100143 52.476459503173828 8.0102081298828125 56908
938 280.3147552629066 280.00021787024855 52.47442626953125 7.9423441886901855 56968
939 280.31392334671432 280.00021787945599 52.464897155761719 8 57029
940 280.31309500992916 280.00021788862381 52.461978912353516 7.9513020515441895 57090
941 280.31227023680384 280.00021789775218 52.461925506591797 7.9916667938232422 57150
942 280.31144901166056 280.00021790684121 52.466926574707031 7.9434380531311035 57211
943 280.31063131889056 280.0002179158912 52.470260620117188 7.9955730438232422 57272
944 280.30981714295399 280.00021792490236 52.471355438232422 7.9341659545898438 57332
945 280.30900646837949 280.00021793387447 52.466720581054688 7.9992179870605469 57393
946 280.30819927976376 280.00021794280843 52.453540802001953 7.8841137886047363 57453
947 280.30739556177167 280.00021795170363 52.471092224121094 7.96875 57514
948 280.30659529913527 280.00021796056058 52.470573425292969 7.8951568603515625 57574
949 280.30579847665456 280.00021796937961 52.470783233642578 7.9510931968688965 57635
950 280.30500507919589 280.00021797816066 52.460884094238281 7.9035940170288086 57696
951 280.3042150916927 280.00021798690403 52.451980590820312 7.9625000953674316 57756
952 280.30342849914479 280.00021799560977 52.460155487060547 7.9376039505004883 57817
953 280.30264528661803 280.00021800427822 52.464584350585938 8.0359888076782227 57877
954 280.30186543924412 280.00021801290933 52.480209350585938 7.9447917938232422 57938
955 280.3010889422203 280.00021802150331 52.486667633056641 7.9822912216186523 57999
956 280.30031578080929 280.0002180300603 52.465000152587891 7.912135124206543 58059
957 280.29954594033831 280.00021803858078 52.491664886474609 7.9850521087646484 58120
958 280.29877940619974 280.00021804706455 52.474269866943359 7.8888020515441895 58180
959 280.29801616384981 280.00021805551182 52.469894409179688 7.9582810401916504 58241
960 280.29725619880952 280.00021806392283 52.465522766113281 7.9258332252502441 58302
961 280.29649949666339 280.00021807229791 52.480415344238281 8.0126562118530273 58362
962 280.29574604305924 280.00021808063678 52.464427947998047 7.8737502098083496 58423
963 280.29499582370852 280.00021808894007 52.466457366943359 8.0118227005004883 58483
964 280.29424882438519 280.00021809720761 52.483123779296875 7.9825000762939453 58544
965 280.29350503092667 280.00021810543984 52.484584808349609 8.0328121185302734 58605
966 280.29276442923202 280.00021811363655 52.482498168945312 7.973228931427002 58666
967 280.29202700526304 280.00021812179801 52.469532012939453 8.0345315933227539 58726
968 280.29129274504305 280.00021812992446 52.474376678466797 7.937708854675293 58787
969 280.29056163465714 280.00021813801641 52.465728759765625 8.0022392272949219 58848
970 280.28983366025165 280.00021814607322 52.488124847412109 7.9496350288391113 58908
971 280.28910880803403 280.00021815409576 52.475311279296875 8.0039577484130859 58969
972 280.28838706427268 280.0002181620838 52.4769287109375 7.9266138076782227 59029
973 280.28766841529608 280.00021817003756 52.486095428466797 8.0247907638549805 59090
974 280.28695284749358 280.00021817795727 52.471927642822266 7.9300518035888672 59151
975 280.28624034731382 280.00021818584293 52.467761993408203 7.997291088104248 59211
976 280.28553090126576 280.00021819369488 52.463386535644531 7.9353117942810059 59272
977 280.28482449591769 280.00021820151329 52.478176116943359 7.9944281578063965 59332
978 280.28412111789663 280.00021820929788 52.482814788818359 7.9003129005432129 59393
979 280.28342075388929 280.00021821704939 52.468280792236328 7.9363021850585938 59454
980 280.28272339064057 280.00021822476759 52.460365295410156 7.9459381103515625 59514
981 280.28202901495382 280.00021823245277 52.476978302001953 8.54296875 59575
982 280.28133761369088 280.00021824010497 52.565311431884766 8.0552606582641602 59636
983 280.280649173771 280.00021824772432 52.499324798583984 8.0153636932373047 59697
984 280.27996368217151 280.00021825531121 52.484375 7.9860939979553223 59758
985 280.27928112592673 280.00021826286553 52.496040344238281 8.0132818222045898 59819
986 280.27860149212864 280.00021827038745 52.498592376708984 7.9518752098083496 59879
987 280.27792476792564 280.00021827787725 52.492446899414062 8.6694803237915039 59941
988 280.27725094052295 280.00021828533477 52.509792327880859 7.9509367942810059 60001
989 280.27657999718241 280.00021829276079 52.494060516357422 8.0072402954101562 60062
990 280.27591192522135 280.00021830015481 52.505989074707031 7.9354171752929688 60123
991 280.27524671201394 280.00021830751717 52.506458282470703 8.0294275283813477 60183
992 280.27458434498902 280.00021831484804 52.507759094238281 7.9820318222045898 60244
993 280.27392481163156 280.00021832214765 52.489063262939453 7.9919791221618652 60305
994 280.2732680994813 280.00021832941593 52.480884552001953 7.8770828247070312 60365
995 280.27261419613291 280.00021833665312 52.487033843994141 7.9942188262939453 60426
996 280.27196308923624 280.00021834385916 52.481147766113281 7.9527602195739746 60486
997 280.27131476649458 280.00021835103468 52.490467071533203 7.9860939979553223 60547
998 280.27066921566632 280.0002183581795 52.470935821533203 7.9570832252502441 60608
999 280.27002642456324 280.00021836529373 52.484531402587891 7.9919271469116211 60668
1000 280.26938638105133 280.00021837237745 52.467185974121094 7.9336981773376465 60729
