iteration internal-T external-T loop-time(ms) calcT-time(ms) wall-time(ms)
0 300 280 20.050884246826172 2.9232809543609619 23
1 299.19999999999999 280.00000883531476 20.057186126708984 2.9424479007720947 46
2 298.52813741741738 280.0000162554615 20.007499694824219 2.914323091506958 69
3 297.94710600452674 280.00002267245571 19.977239608764648 2.9735939502716064 92
4 297.43349718286197 280.00002834482524 20.008489608764648 2.9501569271087646 115
5 296.97180041472416 280.00003344387056 19.963489532470703 2.9691660404205322 139
6 296.55130638030687 280.00003808786704 19.967395782470703 2.9564061164855957 162
7 296.16435677203572 280.00004236139398 19.938697814941406 2.9651041030883789 185
8 295.80530500684142 280.00004632681322 19.941509246826172 2.9004690647125244 208
9 295.46987441645172 280.00005003135669 19.926563262939453 2.9553649425506592 231
10 295.15474864618375 280.00005351165095 19.959686279296875 2.9204161167144775 254
11 294.85730236363128 280.00005679669039 19.923072814941406 2.9525520801544189 277
12 294.57541936238107 280.00005990984664 19.913385391235352 2.9316658973693848 300
13 294.30736659798424 280.0000628702598 19.917238235473633 2.9665629863739014 323
14 294.05170493986634 280.00006569382384 19.907291412353516 2.9272921085357666 346
15 293.80722459684324 280.00006839389982 19.917499542236328 2.9248440265655518 369
16 293.57289749130234 280.00007098184204 19.906875610351562 2.9288539886474609 392
17 293.34784151461503 280.0000734673925 19.903488159179688 2.9661459922790527 415
18 293.1312932699164 280.00007585898231 19.895936965942383 2.9416670799255371 438
19 292.92258698416197 280.00007816396453 19.902240753173828 2.9529690742492676 461
20 292.72113797695755 280.00008038879622 19.908958435058594 2.9648439884185791 485
21 292.52642954511953 280.00008253918406 19.934530258178711 2.9934380054473877 508
22 292.33800244261971 280.00008462020008 19.913646697998047 2.950261116027832 531
23 292.15544635734591 280.00008663637567 19.908958435058594 2.9423439502716064 554
24 291.97839294191681 280.00008859177899 19.905467987060547 2.942500114440918 577
25 291.80651006684599 280.00009049007815 19.959896087646484 2.9216148853302002 600
26 291.63949704460504 280.00009233459394 19.905729293823242 2.9443221092224121 623
27 291.47708063188128 280.00009412834402 19.953125 2.9196360111236572 646
28 291.31901166082787 280.00009587408044 19.911405563354492 2.9298439025878906 669
29 291.16506218269768 280.00009757432053 19.902917861938477 2.9465100765228271 692
30 291.01502303191194 280.00009923137452 19.937395095825195 2.8958859443664551 715
31 290.86870173745945 280.00010084736783 19.912343978881836 2.9640629291534424 738
32 290.72592072306355 280.0001024242618 19.897811889648438 2.9589059352874756 761
33 290.58651574885124 280.00010396387034 19.89958381652832 2.9418230056762695 784
34 290.45033455612861 280.00010546787496 19.901823043823242 2.9265620708465576 807
35 290.31723568386673 280.00010693783804 19.891302108764648 2.9426040649414062 830
36 290.18708743107362 280.00010837521393 19.931249618530273 2.9357819557189941 854
37 290.05976694368979 280.0001097813597 19.893020629882812 2.9570310115814209 877
38 289.93515940824278 280.00011115754319 19.941354751586914 2.9401040077209473 900
39 289.81315733741167 280.00011250495157 19.901405334472656 3.2349998950958252 923
40 289.6936599350297 280.00011382469802 19.952499389648438 2.966249942779541 947
41 289.57657253000582 280.00011511782816 19.91343879699707 2.9366669654846191 970
42 289.46180607024894 280.00011638532533 19.88557243347168 3.2288539409637451 993
43 289.34927666901166 280.00011762811619 19.922031402587891 3.272083044052124 1017
44 289.23890519717514 280.00011884707453 19.919790267944336 3.0219790935516357 1040
45 289.1306169159231 280.0001200430259 19.915937423706055 2.9529170989990234 1063
46 289.02434114502586 280.00012121675076 19.973176956176758 2.9772920608520508 1087
47 288.92001096261174 280.00012236898823 19.914896011352539 2.9128639698028564 1110
48 288.81756293285309 280.00012350043897 19.891510009765625 2.9507820606231689 1133
49 288.71693685846407 280.00012461176777 19.883176803588867 2.9610419273376465 1156
50 288.61807555530766 280.00012570360616 19.893177032470703 2.9135420322418213 1179
51 288.52092464674763 280.00012677655479 19.880781173706055 2.954740047454834 1202
52 288.42543237567719 280.00012783118513 19.889219284057617 2.9526560306549072 1225
53 288.33154943240402 280.00012886804177 19.923280715942383 2.9403650760650635 1248
54 288.23922879679174 280.00012988764411 19.912187576293945 2.932499885559082 1271
55 288.14842559324154 280.00013089048775 19.905521392822266 2.9352600574493408 1294
56 288.05909695726479 280.00013187704599 19.900156021118164 2.917396068572998 1317
57 287.97120191253401 280.00013284777145 19.877813339233398 2.945781946182251 1340
58 287.88470125742828 280.00013380309719 19.887395858764648 3.2741138935089111 1364
59 287.79955746019078 280.00013474343746 19.899999618530273 2.9651041030883789 1387
60 287.71573456191783 280.00013566918955 19.894166946411133 2.912916898727417 1410
61 287.63319808667342 280.00013658073425 19.882394790649414 2.9485929012298584 1433
62 287.55191495810391 280.00013747843678 19.882865905761719 2.9322919845581055 1456
63 287.47185342198782 280.00013836264782 19.881250381469727 2.9533329010009766 1479
64 287.39298297421027 280.00013923370443 19.882968902587891 2.9134900569915771 1502
65 287.31527429371033 280.00014009193018 19.900520324707031 2.9427089691162109 1525
66 287.23869917998297 280.00014093763673 19.877292633056641 2.9366669654846191 1548
67 287.16323049476711 280.00014177112371 19.88104248046875 2.9059898853302002 1571
68 287.08884210758015 280.00014259267977 19.870468139648438 2.9511458873748779 1594
69 287.01550884479389 280.00014340258281 19.871250152587891 2.9478640556335449 1617
70 286.94320644197416 280.00014420110091 19.873697280883789 2.9194269180297852 1640
71 286.87191149923098 280.00014498849248 19.869218826293945 2.9438021183013916 1663
72 286.80160143935132 280.00014576500689 19.870677947998047 2.9502079486846924 1686
73 286.73225446850324 280.00014653088476 19.889009475708008 2.9513540267944336 1709
74 286.66384953932084 280.00014728635864 19.882238388061523 2.942188024520874 1732
75 286.59636631619645 280.00014803165305 19.877395629882812 2.9342179298400879 1755
76 286.52978514261821 280.00014876698503 19.919792175292969 2.9335939884185791 1778
77 286.46408701040968 280.00014949256462 19.873384475708008 2.9697399139404297 1801
78 286.39925353073409 280.00015020859485 19.88067626953125 2.9569790363311768 1824
79 286.33526690674267 280.00015091527229 19.87208366394043 2.9122400283813477 1847
80 286.27210990775279 280.00015161278731 19.875520706176758 2.9576048851013184 1870
81 286.20976584485186 280.00015230132408 19.914478302001953 2.961198091506958 1893
82 286.14821854783156 280.00015298106121 19.873384475708008 2.9383859634399414 1916
83 286.08745234336385 280.00015365217189 19.876092910766602 2.9907290935516357 1939
84 286.02745203433705 280.00015431482393 19.898281097412109 2.945051908493042 1962
85 285.96820288027772 280.00015496918007 19.874895095825195 2.9352610111236572 1985
86 285.90969057878766 280.00015561539828 19.937240600585938 2.8929169178009033 2008
87 285.85190124793263 280.00015625363199 19.870677947998047 2.9394280910491943 2031
88 285.79482140952234 280.00015688402993 19.876302719116211 2.9618220329284668 2054
89 285.73843797322797 280.00015750673663 19.913280487060547 2.9554688930511475 2078
90 285.68273822148444 280.0001581218927 19.872291564941406 2.9501559734344482 2101
91 285.62770979513112 280.00015872963451 19.870260238647461 2.9478120803833008 2124
92 285.57334067974665 280.00015933009479 19.865207672119141 2.9573960304260254 2147
93 285.51961919263601 280.00015992340263 19.874843597412109 2.9670829772949219 2170
94 285.46653397043366 280.00016050968344 19.882707595825195 2.9559381008148193 2193
95 285.41407395728464 280.0001610890593 19.881927490234375 2.9765629768371582 2216
96 285.36222839357293 280.00016166164926 19.887916564941406 2.9410419464111328 2239
97 285.31098680516493 280.00016222756864 19.890781402587891 3.1591150760650635 2262
98 285.26033899313961 280.00016278693033 19.961301803588867 2.9443230628967285 2286
99 285.21027502397806 280.00016333984399 19.888906478881836 3.0063540935516357 2309
100 285.16078522018836 280.00016388641649 19.922031402587891 2.9740099906921387 2332
101 285.1118601513416 280.00016442675195 19.879999160766602 2.9513540267944336 2355
102 285.06349062549612 280.00016496095196 19.885000228881836 2.9368751049041748 2378
103 285.01566768099224 280.00016548911549 19.918542861938477 2.9605720043182373 2401
104 284.96838257859446 280.00016601133888 19.907760620117188 2.9431250095367432 2424
105 284.92162679396631 280.00016652771654 19.872396469116211 2.9494791030883789 2447
106 284.87539201045945 280.00016703834012 19.905937194824219 2.925260066986084 2470
107 284.82967011220012 280.00016754329931 19.934061050415039 2.9435420036315918 2494
108 284.78445317746105 280.00016804268171 19.873384475708008 2.9386980533599854 2517
109 284.73973347230083 280.00016853657246 19.875938415527344 2.9474480152130127 2540
110 284.69550344446094 280.0001690250553 19.876249313354492 2.9409379959106445 2563
111 284.65175571750598 280.00016950821146 19.881145477294922 2.9409890174865723 2586
112 284.60848308519616 280.00016998612051 19.865781784057617 2.9369270801544189 2609
113 284.56567850608059 280.0001704588604 19.882865905761719 2.9830210208892822 2632
114 284.52333509830163 280.00017092650722 19.897655487060547 2.9196350574493408 2655
115 284.48144613459971 280.00017138913495 19.88067626953125 2.9708340167999268 2678
116 284.44000503750959 280.00017184681639 19.86619758605957 2.9131770133972168 2701
117 284.39900537474 280.00017229962253 19.902292251586914 2.8588030338287354 2724
118 284.35844085472672 280.00017274762291 19.869688034057617 2.932811975479126 2747
119 284.31830532235364 280.0001731908855 19.87598991394043 2.9116148948669434 2770
120 284.27859275483144 280.00017362947682 19.869739532470703 2.9462499618530273 2793
121 284.23929725773007 280.00017406346188 19.876718521118164 2.9350519180297852 2816
122 284.2004130611561 280.00017449290442 19.878021240234375 2.9426040649414062 2839
123 284.16193451606847 280.00017491786701 19.909322738647461 2.9348959922790527 2862
124 284.12385609072953 280.00017533841066 19.878438949584961 2.9211978912353516 2885
125 284.08617236728134 280.00017575459509 19.867031097412109 2.9417190551757812 2908
126 284.04887803844645 280.00017616647904 19.880521774291992 2.9320309162139893 2931
127 284.01196790434375 280.00017657411985 19.880104064941406 2.9296350479125977 2954
128 283.97543686941822 280.0001769775738 19.871978759765625 2.934636116027832 2977
129 283.93927993947699 280.00017737689609 19.869844436645508 2.9384889602661133 3000
130 283.90349221882985 280.00017777214077 19.882083892822266 2.9193229675292969 3023
131 283.86806890752746 280.000178163361 19.875833511352539 2.9320828914642334 3046
132 283.83300529869581 280.00017855060855 19.881509780883789 2.902656078338623 3069
133 283.79829677596121 280.00017893393442 19.891197204589844 2.9073441028594971 3092
134 283.76393881096317 280.00017931338874 19.891927719116211 2.9302079677581787 3115
135 283.72992696095122 280.0001796890204 19.880208969116211 2.9048440456390381 3138
136 283.69625686646322 280.00018006087777 19.856718063354492 2.925260066986084 3161
137 283.66292424908039 280.00018042900797 19.857969284057617 2.9675529003143311 3184
138 283.62992490925831 280.00018079345745 19.874166488647461 2.9065110683441162 3207
139 283.59725472422866 280.00018115427167 19.859634399414062 2.9580729007720947 3230
140 283.56490964597089 280.00018151149527 19.876302719116211 2.9360940456390381 3253
141 283.53288569925002 280.00018186517235 19.866769790649414 2.9593229293823242 3276
142 283.5011789797187 280.00018221534589 19.955728530883789 2.9016149044036865 3299
143 283.46978565208059 280.00018256205828 19.898698806762695 3.020103931427002 3322
144 283.43870194831317 280.00018290535115 19.886041641235352 2.962083101272583 3345
145 283.40792416594809 280.00018324526553 19.891042709350586 2.9854691028594971 3368
146 283.37744866640594 280.00018358184133 19.877082824707031 2.9244270324707031 3391
147 283.34727187338461 280.00018391511816 19.89276123046875 2.9496359825134277 3414
148 283.31739027129777 280.00018424513485 19.873542785644531 2.916093111038208 3437
149 283.28780040376449 280.00018457192959 19.876718521118164 2.9373440742492676 3460
150 283.25849887214395 280.00018489553992 19.862499237060547 2.9580209255218506 3483
151 283.22948233411779 280.00018521600265 19.858802795410156 2.9552080631256104 3506
152 283.20074750231572 280.00018553335428 19.862552642822266 2.9409899711608887 3529
153 283.17229114298402 280.00018584763041 19.865520477294922 2.959791898727417 3552
154 283.14411007469459 280.00018615886614 19.881509780883789 2.964634895324707 3575
155 283.11620116709463 280.00018646709606 19.866561889648438 2.9490621089935303 3598
156 283.08856133969368 280.00018677235425 20.02052116394043 2.9363551139831543 3622
157 283.0611875606877 280.00018707467422 19.866458892822266 2.9200000762939453 3645
158 283.03407684581913 280.00018737408891 19.874271392822266 2.9524478912353516 3668
159 283.00722625727127 280.00018767063074 19.899375915527344 2.9185419082641602 3691
160 282.98063290259518 280.00018796433153 19.860052108764648 2.9795830249786377 3714
161 282.95429393367004 280.00018825522284 19.892290115356445 2.9528119564056396 3737
162 282.92820654569294 280.00018854333581 19.85546875 2.8917710781097412 3760
163 282.9023679761998 280.00018882870063 19.854427337646484 2.9251561164855957 3783
164 282.87677550411451 280.00018911134754 19.862813949584961 2.9673440456390381 3806
165 282.85142644882626 280.00018939130604 19.853437423706055 2.9553120136260986 3829
166 282.82631816929387 280.00018966860557 19.930469512939453 2.9276559352874756 3852
167 282.80144806317611 280.00018994327468 19.895729064941406 2.9471359252929688 3875
168 282.77681356598737 280.00019021534149 19.893697738647461 2.9185938835144043 3898
169 282.75241215027751 280.00019048483426 19.854427337646484 2.9251039028167725 3921
170 282.72824132483561 280.00019075178028 19.855833053588867 2.9066140651702881 3944
171 282.70429863391621 280.00019101620677 19.86052131652832 2.9749479293823242 3967
172 282.68058165648739 280.00019127814045 19.86427116394043 2.9412500858306885 3990
173 282.65708800550118 280.00019153760769 19.922136306762695 2.9794790744781494 4013
174 282.63381532718336 280.00019179463442 19.866613388061523 2.9438550472259521 4036
175 282.61076130034365 280.00019204924666 19.872343063354492 2.9279680252075195 4059
176 282.58792363570569 280.00019230146899 19.873645782470703 2.911823034286499 4082
177 282.56530007525487 280.00019255132685 19.867500305175781 2.9873950481414795 4105
178 282.54288839160489 280.00019279884469 19.875572204589844 2.9057300090789795 4128
179 282.52068638738149 280.00019304404674 19.868072509765625 2.9685940742492676 4151
180 282.49869189462322 280.00019328695709 19.859167098999023 2.9341669082641602 4174
181 282.47690277419827 280.00019352759938 19.916875839233398 2.9125521183013916 4197
182 282.4553169152378 280.00019376599658 19.877187728881836 2.943073034286499 4220
183 282.43393223458412 280.00019400217212 19.859479904174805 2.9512500762939453 4243
184 282.41274667625351 280.00019423614839 19.903646469116211 2.9580729007720947 4266
185 282.39175821091425 280.00019446794806 19.991094589233398 2.9355731010437012 4289
186 282.37096483537812 280.00019469759309 19.862707138061523 2.87807297706604 4312
187 282.35036457210487 280.00019492510546 19.849323272705078 2.9347920417785645 4335
188 282.32995546872104 280.0001951505065 19.868854522705078 2.9487500190734863 4358
189 282.30973559755012 280.00019537381758 19.861042022705078 2.9532289505004883 4381
190 282.28970305515583 280.00019559505984 19.859010696411133 2.9297399520874023 4404
191 282.26985596189695 280.00019581425397 19.858125686645508 2.9360420703887939 4427
192 282.2501924614939 280.0001960314205 19.849895477294922 2.9828650951385498 4450
193 282.23071072060611 280.00019624657972 19.864532470703125 2.9563539028167725 4473
194 282.21140892842055 280.00019645975146 19.867603302001953 2.9333860874176025 4496
195 282.19228529625059 280.00019667095557 19.857759475708008 2.9755730628967285 4520
196 282.17333805714509 280.0001968802116 19.876874923706055 2.9655730724334717 4543
197 282.15456546550729 280.00019708753882 19.864217758178711 2.9866139888763428 4566
198 282.13596579672338 280.00019729295616 19.898332595825195 2.9626040458679199 4589
199 282.11753734679996 280.0001974964826 19.863332748413086 2.9694790840148926 4612
200 282.09927843201109 280.00019769813662 19.893957138061523 2.9595320224761963 4635
201 282.08118738855336 280.00019789793674 19.870677947998047 2.9726040363311768 4658
202 282.06326257220991 280.00019809590111 19.857707977294922 2.9136979579925537 4681
203 282.04550235802265 280.0001982920474 19.872552871704102 2.9348440170288086 4705
204 282.02790513997195 280.00019848639357 19.877187728881836 2.9619269371032715 4728
205 282.01046933066436 280.00019867895708 19.85838508605957 2.9669270515441895 4751
206 281.9931933610282 280.00019886975542 19.865676879882812 2.918489933013916 4774
207 281.97607568001541 280.00019905880566 19.91505241394043 2.9342710971832275 4797
208 281.95911475431149 280.00019924612451 19.86994743347168 2.9482810497283936 4820
209 281.94230906805137 280.00019943172884 19.854167938232422 2.971250057220459 4843
210 281.92565712254299 280.00019961563527 19.895832061767578 2.9452090263366699 4866
211 281.90915743599589 280.0001997978602 19.86541748046875 2.9530730247497559 4889
212 281.89280854325739 280.00019997841974 19.862239837646484 2.981144905090332 4912
213 281.87660899555425 280.00020015733003 19.860000610351562 2.9926559925079346 4935
214 281.8605573602398 280.00020033460652 19.858282089233398 2.9535419940948486 4958
215 281.8446522205478 280.00020051026513 19.866302490234375 2.9131770133972168 4981
216 281.82889217535069 280.00020068432127 19.850313186645508 2.915208101272583 5004
217 281.8132758389246 280.0002008567904 19.856405258178711 2.9786460399627686 5027
218 281.79780184071791 280.0002010276873 19.977916717529297 2.9128649234771729 5051
219 281.78246882512667 280.00020119702742 19.966718673706055 2.973438024520874 5074
220 281.76727545127346 280.00020136482527 19.959896087646484 2.957240104675293 5097
221 281.75222039279214 280.0002015310954 19.970573425292969 2.9563019275665283 5120
222 281.73730233761643 280.00020169585252 19.994895935058594 2.9490621089935303 5143
223 281.72251998777375 280.00020185911097 19.969270706176758 2.9494268894195557 5166
224 281.70787205918299 280.00020202088484 19.989322662353516 3.0026559829711914 5189
225 281.69335728145671 280.00020218118811 19.963645935058594 2.950624942779541 5212
226 281.67897439770741 280.00020234003483 19.966146469116211 2.9501039981842041 5236
227 281.66472216435835 280.00020249743841 19.957916259765625 2.9416658878326416 5259
228 281.65059935095718 280.00020265341283 19.964740753173828 2.955312967300415 5282
229 281.63660473999488 280.00020280797139 19.986927032470703 2.9820840358734131 5305
230 281.6227371267272 280.00020296112723 19.968957901000977 2.9609370231628418 5328
231 281.60899531899997 280.00020311289364 19.967082977294922 2.9625520706176758 5351
232 281.59537813707902 280.00020326328382 19.970415115356445 2.9507300853729248 5374
233 281.58188441348142 280.00020341231044 19.970363616943359 2.9468750953674316 5397
234 281.56851299281232 280.00020355998635 19.988073348999023 2.9792189598083496 5421
235 281.55526273160359 280.0002037063241 19.964635848999023 2.9504690170288086 5444
236 281.54213249815581 280.00020385133621 19.968906402587891 2.9398961067199707 5467
237 281.52912117238367 280.00020399503529 19.965520858764648 2.9641671180725098 5490
238 281.51622764566451 280.00020413743323 19.965728759765625 2.9814069271087646 5513
239 281.50345082068918 280.0002042785423 19.963594436645508 2.9479689598083496 5536
240 281.49078961131607 280.00020441837444 19.974531173706055 2.907865047454834 5559
241 281.47824294242776 280.00020455694175 19.975469589233398 2.9658329486846924 5582
242 281.46580974979094 280.00020469425567 19.966146469116211 2.9279680252075195 5605
243 281.45348897991789 280.00020483032796 19.965156555175781 2.964634895324707 5628
244 281.44127958993136 280.00020496517044 19.985311508178711 2.9599480628967285 5652
245 281.42918054743188 280.00020509879386 19.962188720703125 2.9782290458679199 5675
246 281.41719083036668 280.00020523120997 19.958698272705078 2.957603931427002 5698
247 281.40530942690225 280.00020536242988 19.972761154174805 2.9730210304260254 5721
248 281.39353533529805 280.00020549246477 19.967864990234375 2.9460411071777344 5744
249 281.38186756378298 280.00020562132522 20.013490676879883 2.9258859157562256 5767
250 281.3703051304343 280.00020574902243 19.970417022705078 2.9484899044036865 5790
251 281.35884706305791 280.00020587556696 19.973020553588867 2.9256250858306885 5813
252 281.34749239907137 280.00020600096951 19.994375228881836 2.9530730247497559 5837
253 281.33624018538882 280.00020612524054 19.99708366394043 2.9862499237060547 5860
254 281.32508947830769 280.00020624839061 19.971302032470703 2.9477078914642334 5883
255 281.31403934339721 280.00020637042985 19.973020553588867 2.9416139125823975 5906
256 281.30308885538926 280.0002064913686 20.004114151000977 2.9683330059051514 5929
257 281.29223709807115 280.00020661121698 19.976667404174805 2.9571878910064697 5952
258 281.28148316417889 280.000206729985 19.975833892822266 2.9648430347442627 5975
259 281.270826155294 280.00020684768236 19.968854904174805 2.9508860111236572 5998
260 281.26026518174126 280.00020696431949 19.964792251586914 2.9272909164428711 6022
261 281.24979936248712 280.00020707990535 20.00567626953125 2.9971349239349365 6045
262 281.23942782504162 280.00020719445013 19.995988845825195 3.0327610969543457 6068
263 281.22914970536078 280.00020730796319 20.049686431884766 3.1053121089935303 6092
264 281.21896414775006 280.00020742045393 20.059843063354492 2.9880208969116211 6115
265 281.20887030477093 280.00020753193178 20.004167556762695 2.9726560115814209 6138
266 281.19886733714736 280.000207642406 19.97770881652832 2.960313081741333 6161
267 281.18895441367425 280.00020775188574 19.982917785644531 2.9664580821990967 6185
268 281.1791307111281 280.00020786038004 19.968124389648438 2.9930210113525391 6208
269 281.16939541417759 280.00020796789818 20.049322128295898 2.9584898948669434 6231
270 281.15974771529676 280.00020807444878 19.973176956176758 2.9709889888763428 6254
271 281.1501868146787 280.00020818004072 19.971561431884766 2.9375519752502441 6277
272 281.14071192015115 280.0002082846828 19.972082138061523 2.956510066986084 6300
273 281.13132224709273 280.00020838838367 19.962343215942383 2.9401040077209473 6324
274 281.12201701835124 280.00020849115197 19.971040725708008 2.9679689407348633 6347
275 281.11279546416199 280.0002085929961 19.956666946411133 2.9811980724334717 6370
276 281.10365682206856 280.00020869392466 20.016458511352539 2.9709370136260986 6393
277 281.09460033684394 280.00020879394566 20.010208129882812 3.2745308876037598 6417
278 281.08562526041283 280.00020889306779 20.050832748413086 2.9719789028167725 6440
279 281.07673085177544 280.0002089912989 19.975000381469727 2.9317700862884521 6463
280 281.06791637693226 280.00020908864707 19.979063034057617 2.9764060974121094 6486
281 281.0591811088093 280.00020918512075 19.964532852172852 2.956510066986084 6509
282 281.05052432718543 280.0002092807274 19.968645095825195 2.9492189884185791 6533
283 281.04194531861975 280.00020937547538 19.974948883056641 2.9733328819274902 6556
284 281.03344337638083 280.0002094693719 19.979219436645508 2.9967710971832275 6579
285 281.02501780037562 280.0002095624252 19.971561431884766 2.9797921180725098 6602
286 281.01666789708122 280.00020965464273 19.983959197998047 2.9408860206604004 6625
287 281.00839297947556 280.00020974603217 20.019739151000977 2.9646360874176025 6648
288 281.00019236697085 280.00020983660079 19.968072891235352 2.9265110492706299 6671
289 280.99206538534634 280.00020992635643 19.961406707763672 2.9772400856018066 6695
290 280.98401136668298 280.00021001530615 19.956769943237305 2.9505200386047363 6718
291 280.97602964929871 280.00021010345739 19.965572357177734 2.9729690551757812 6741
292 280.96811957768426 280.00021019081737 19.963594436645508 2.9249999523162842 6764
293 280.96028050244047 280.00021027739325 19.984270095825195 2.9802610874176025 6787
294 280.95251178021545 280.00021036319202 19.974218368530273 2.9842190742492676 6810
295 280.94481277364366 280.00021044822108 19.97593879699707 2.9990110397338867 6833
296 280.93718285128472 280.00021053248696 20.00114631652832 2.99692702293396 6857
297 280.92962138756405 280.00021061599688 20.00567626953125 2.9447400569915771 6880
298 280.92212776271299 280.00021069875754 19.962968826293945 2.9504170417785645 6903
299 280.91470136271113 280.00021078077577 19.969427108764648 2.9248960018157959 6926
300 280.90734157922793 280.00021086205822 19.967864990234375 2.9630730152130127 6949
301 280.90004780956627 280.00021094261166 19.96307373046875 2.9930729866027832 6972
302 280.89281945660588 280.00021102244278 19.962343215942383 2.93927001953125 6995
303 280.88565592874784 280.00021110155768 19.957969665527344 2.9640109539031982 7019
304 280.87855663985988 280.00021117996329 19.960573196411133 2.9362499713897705 7042
305 280.87152100922174 280.00021125766574 19.957656860351562 2.9285409450531006 7065
306 280.86454846147188 280.00021133467158 19.966978073120117 2.9677600860595703 7088
307 280.85763842655439 280.00021141098699 20.029844284057617 2.9555211067199707 7111
308 280.8507903396669 280.00021148661824 19.965415954589844 2.9306769371032715 7134
309 280.84400364120859 280.00021156157163 19.964479446411133 2.9540629386901855 7157
310 280.83727777672959 280.00021163585296 19.961666107177734 2.9664580821990967 7180
311 280.83061219688 280.0002117094686 19.989166259765625 2.9544789791107178 7203
312 280.82400635736013 280.00021178242451 19.979114532470703 2.9421350955963135 7227
313 280.81745971887153 280.00021185472644 20.014114379882812 2.9273960590362549 7250
314 280.81097174706792 280.00021192638059 19.969532012939453 2.972135066986084 7273
315 280.80454191250715 280.00021199739246 19.963020324707031 2.9725000858306885 7296
316 280.79816969060363 280.00021206776819 19.95880126953125 2.917917013168335 7319
317 280.7918545615812 280.00021213751353 19.997865676879883 2.9465630054473877 7342
318 280.78559601042667 280.00021220663371 19.963384628295898 2.9532289505004883 7365
319 280.77939352684376 280.00021227513486 19.996458053588867 2.9975519180297852 7388
320 280.77324660520759 280.00021234302244 19.952447891235352 2.9379689693450928 7412
321 280.76715474451981 280.00021241030169 19.957187652587891 2.9265110492706299 7435
322 280.76111744836396 280.0002124769785 20.017709732055664 2.9568750858306885 7458
323 280.75513422486188 280.00021254305818 19.962917327880859 2.9440109729766846 7481
324 280.74920458662967 280.00021260854601 19.954374313354492 2.9533851146697998 7504
325 280.74332805073522 280.00021267344715 19.953073501586914 2.934999942779541 7527
326 280.73750413865537 280.00021273776724 19.948959350585938 2.9229691028594971 7550
327 280.73173237623371 280.00021280151145 19.969167709350586 2.9853129386901855 7573
328 280.72601229363954 280.00021286468507 19.957239151000977 2.9599480628967285 7596
329 280.72034342532595 280.00021292729275 19.962551116943359 2.9836978912353516 7620
330 280.71472530998983 280.00021298934001 20.03729248046875 2.9340629577636719 7643
331 280.70915749053114 280.0002130508318 19.98906135559082 2.9327080249786377 7666
332 280.70363951401339 280.00021311177312 19.974166870117188 2.9669790267944336 7689
333 280.69817093162374 280.00021317216891 19.965885162353516 2.9711980819702148 7712
334 280.69275129863462 280.00021323202407 20.01838493347168 2.9545309543609619 7735
335 280.68738017436476 280.00021329134353 20.01072883605957 2.991563081741333 7758
336 280.68205712214109 280.00021335013219 19.951301574707031 2.8889060020446777 7781
337 280.67678170926104 280.00021340839459 19.959842681884766 2.954010009765625 7805
338 280.67155350695521 280.00021346613551 19.962865829467773 2.9625520706176758 7828
339 280.66637209035025 280.00021352335995 19.962240219116211 2.9739580154418945 7851
340 280.66123703843255 280.00021358007211 19.989219665527344 2.9658849239349365 7874
341 280.65614793401159 280.00021363627695 20.002134323120117 2.966041088104248 7897
342 280.65110436368457 280.0002136919789 19.971040725708008 2.9455211162567139 7920
343 280.64610591780053 280.00021374718244 20.013801574707031 2.9420309066772461 7943
344 280.64115219042571 280.00021380189196 19.997188568115234 2.9539060592651367 7966
345 280.63624277930853 280.00021385611234 19.995729446411133 2.9279689788818359 7990
346 280.6313772858453 280.0002139098475 19.95979118347168 2.9295840263366699 8013
347 280.62655531504601 280.00021396310206 19.987813949584961 2.9470319747924805 8036
348 280.62177647550084 280.00021401588026 19.953542709350586 2.9184379577636719 8059
349 280.61704037934709 280.00021406818644 19.97541618347168 2.9664590358734131 8082
350 280.61234664223576 280.00021412002468 19.957084655761719 2.9472920894622803 8105
351 280.60769488329885 280.00021417139948 19.964010238647461 2.9773960113525391 8128
352 280.60308472511736 280.00021422231464 19.959062576293945 2.9656250476837158 8151
353 280.59851579368927 280.00021427277466 20.004270553588867 2.9854168891906738 8175
354 280.59398771839756 280.00021432278328 19.962188720703125 2.9356780052185059 8198
355 280.58950013197915 280.00021437234489 19.954427719116211 2.9751040935516357 8221
356 280.58505267049372 280.00021442146317 19.956926345825195 2.9367709159851074 8244
357 280.58064497329275 280.0002144701424 19.960103988647461 2.9488019943237305 8267
358 280.57627668298966 280.00021451838643 19.967292785644531 2.9704170227050781 8290
359 280.57194744542903 280.00021456619913 19.986146926879883 2.9530730247497559 8313
360 280.56765690965739 280.00021461358443 19.966823577880859 2.9661970138549805 8336
361 280.56340472789304 280.00021466054608 19.990884780883789 2.9733860492706299 8360
362 280.55919055549737 280.00021470708811 19.971771240234375 2.9626560211181641 8383
363 280.55501405094549 280.0002147532141 20.060052871704102 2.9748959541320801 8406
364 280.55087487579777 280.00021479892774 19.954896926879883 2.9447920322418213 8429
365 280.54677269467152 280.0002148442328 19.973594665527344 2.9906249046325684 8452
366 280.54270717521268 280.00021488913296 19.957134246826172 2.9302079677581787 8475
367 280.53867798806795 280.00021493363181 19.964792251586914 2.9480729103088379 8498
368 280.53468480685768 280.00021497773321 19.947708129882812 2.9073429107666016 8521
369 280.53072730814785 280.00021502144034 19.961458206176758 2.9732820987701416 8544
370 280.52680517142352 280.00021506475701 19.965364456176758 2.9330730438232422 8568
371 280.52291807906221 280.00021510768642 20.020364761352539 2.9333860874176025 8591
372 280.51906571630678 280.00021515023258 19.947032928466797 2.9417710304260254 8614
373 280.51524777123967 280.00021519239846 19.950832366943359 2.9621360301971436 8637
374 280.51146393475693 280.00021523418764 19.948593139648438 2.9018750190734863 8660
375 280.50771390054194 280.00021527560375 19.990728378295898 2.922605037689209 8683
376 280.50399736504056 280.00021531664964 19.950416564941406 2.9438540935516357 8706
377 280.50031402743559 280.00021535732901 19.955625534057617 2.9736979007720947 8729
378 280.49666358962145 280.00021539764481 19.956874847412109 2.934999942779541 8752
379 280.49304575617992 280.00021543760067 19.941562652587891 2.9454689025878906 8775
380 280.48946023435531 280.00021547719967 19.943489074707031 2.907865047454834 8798
381 280.48590673403021 280.00021551644517 19.987707138061523 2.9690630435943604 8822
382 280.48238496770148 280.00021555534011 20.00859260559082 2.950624942779541 8845
383 280.4788946504562 280.00021559388756 19.980365753173828 2.9700000286102295 8868
384 280.47543549994833 280.00021563209089 19.953697204589844 2.9659380912780762 8891
385 280.47200723637519 280.00021566995321 19.95036506652832 2.9630210399627686 8914
386 280.46860958245418 280.00021570747737 19.961563110351562 2.9643750190734863 8937
387 280.46524226340011 280.00021574466655 20.005884170532227 2.9809889793395996 8960
388 280.46190500690216 280.00021578152359 19.944271087646484 2.949009895324707 8984
389 280.45859754310135 280.00021581805174 19.945730209350586 2.977708101272583 9007
390 280.45531960456873 280.00021585425384 19.966302871704102 2.97953200340271 9030
391 280.4520709262826 280.00021589013267 19.956926345825195 2.9851040840148926 9053
392 280.44885124560716 280.00021592569135 19.956979751586914 2.9435410499572754 9076
393 280.44566030227037 280.00021596093256 19.959062576293945 3.008073091506958 9099
394 280.442497838343 280.00021599585915 19.955572128295898 2.9235939979553223 9122
395 280.43936359821691 280.00021603047418 19.958698272705078 2.9684369564056396 9146
396 280.43625732858408 280.00021606478032 19.952812194824219 2.9445829391479492 9169
397 280.43317877841599 280.00021609878024 19.982395172119141 2.9513540267944336 9192
398 280.43012769894244 280.00021613247685 19.980781555175781 2.9595310688018799 9215
399 280.42710384363153 280.00021616587264 19.943386077880859 2.9313540458679199 9238
400 280.4241069681691 280.00021619897075 19.93848991394043 2.9468228816986084 9261
401 280.42113683043868 280.00021623177327 20.001407623291016 2.9698441028594971 9284
402 280.41819319050171 280.00021626428315 19.955677032470703 2.9064590930938721 9307
403 280.41527581057744 280.00021629650325 19.953176498413086 2.9605720043182373 9330
404 280.41238445502381 280.00021632843573 19.952499389648438 2.9458858966827393 9354
405 280.40951889031777 280.00021636008341 19.960311889648438 2.9733850955963135 9377
406 280.40667888503617 280.00021639144893 19.95604133605957 2.9421870708465576 9400
407 280.40386420983674 280.00021642253461 19.939739227294922 2.9482810497283936 9423
408 280.40107463743954 280.00021645334306 19.952968597412109 2.952239990234375 9446
409 280.39830994260768 280.00021648387673 19.965938568115234 2.9644789695739746 9469
410 280.39556990212941 280.000216514138 20.015989303588867 2.9352080821990967 9492
411 280.39285429479952 280.00021654412967 19.993854522705078 2.9597399234771729 9515
412 280.39016290140103 280.00021657385366 19.960521697998047 2.9598441123962402 9538
413 280.38749550468788 280.00021660331288 19.976823806762695 2.9370310306549072 9562
414 280.3848518893663 280.00021663250948 19.946041107177734 2.9605729579925537 9585
415 280.38223184207754 280.00021666144545 19.94822883605957 2.9625000953674316 9608
416 280.37963515138063 280.00021669012381 19.953594207763672 2.9097919464111328 9631
417 280.37706160773439 280.00021671854631 19.949010848999023 2.9753119945526123 9654
418 280.37451100348096 280.00021674671564 19.959218978881836 2.9309370517730713 9677
419 280.3719831328284 280.00021677463377 19.949375152587891 2.9502599239349365 9700
420 280.36947779183367 280.0002168023031 19.951770782470703 2.9363019466400146 9723
421 280.36699477838681 280.00021682972584 19.948333740234375 2.9537498950958252 9746
422 280.36453389219298 280.00021685690427 19.950155258178711 2.9920310974121094 9769
423 280.36209493475752 280.00021688384032 19.953542709350586 2.9155728816986084 9792
424 280.3596777093685 280.00021691053655 19.969635009765625 2.9665100574493408 9816
425 280.35728202108163 280.00021693699495 19.968959808349609 2.9628129005432129 9839
426 280.35490767670353 280.00021696321755 19.944686889648438 2.9780209064483643 9862
427 280.35255448477648 280.00021698920654 19.945884704589844 2.9535939693450928 9885
428 280.35022225556241 280.00021701496399 19.983749389648438 2.9614579677581787 9908
429 280.34791080102741 280.00021704049198 19.940624237060547 2.9522919654846191 9931
430 280.34561993482686 280.00021706579258 19.952863693237305 2.9663019180297852 9954
431 280.34334947228939 280.00021709086798 20.003698348999023 2.9507811069488525 9977
432 280.34109923040234 280.00021711571992 19.95020866394043 2.9280209541320801 10000
433 280.3388690277967 280.00021714035068 20.029010772705078 2.9318749904632568 10024
434 280.33665868473236 280.00021716476203 19.970834732055664 2.9429171085357666 10047
435 280.33446802308322 280.00021718895613 19.945833206176758 2.9137499332427979 10070
436 280.33229686632285 280.00021721293456 19.951927185058594 2.9541139602661133 10093
437 280.33014503950983 280.0002172366996 19.953437805175781 2.9862499237060547 10116
438 280.32801236927384 280.00021726025312 19.969062805175781 2.9377610683441162 10139
439 280.3258986838012 280.00021728359695 19.960832595825195 2.9419269561767578 10162
440 280.32380381282093 280.00021730673308 19.966302871704102 2.9823958873748779 10185
441 280.32172758759094 280.00021732966314 19.968021392822266 2.9505209922790527 10209
442 280.31966984088405 280.00021735238931 19.948905944824219 2.9582290649414062 10232
443 280.31763040697467 280.00021737491312 19.954010009765625 2.9600000381469727 10255
444 280.31560912162507 280.00021739723644 19.987604141235352 2.957082986831665 10278
445 280.31360582207185 280.00021741936115 19.955572128295898 2.9728639125823975 10301
446 280.31162034701299 280.00021744128907 19.952083587646484 2.9402599334716797 10324
447 280.30965253659457 280.0002174630219 19.989322662353516 2.942500114440918 10347
448 280.3077022323975 280.00021748456129 19.946146011352539 2.9437499046325684 10370
449 280.30576927742504 280.00021750590906 19.95979118347168 2.942188024520874 10393
450 280.30385351608959 280.00021752706704 19.989011764526367 2.9588549137115479 10416
451 280.3019547942003 280.00021754803674 19.942708969116211 2.9580729007720947 10440
452 280.30007295895035 280.00021756882001 19.952709197998047 2.9148440361022949 10463
453 280.29820785890462 280.00021758941841 19.942239761352539 2.9841659069061279 10486
454 280.29635934398709 280.00021760983367 19.947603225708008 2.9514069557189941 10509
455 280.29452726546896 280.00021763006743 19.947759628295898 2.9683859348297119 10532
456 280.29271147595625 280.00021765012133 19.945781707763672 2.9278650283813477 10555
457 280.29091182937799 280.00021766999691 19.94822883605957 2.959791898727417 10578
458 280.28912818097416 280.00021768969572 19.979270935058594 2.9238018989562988 10601
459 280.28736038728408 280.00021770921956 19.975677490234375 2.9519269466400146 10624
460 280.28560830613458 280.00021772856968 19.95427131652832 2.9298439025878906 10647
461 280.28387179662832 280.00021774774791 19.945156097412109 2.9635939598083496 10670
462 280.28215071913274 280.00021776675584 19.93828010559082 2.9629158973693848 10694
463 280.28044493526818 280.00021778559483 19.965415954589844 2.9673960208892822 10717
464 280.27875430789697 280.0002178042663 19.961978912353516 2.9657289981842041 10740
465 280.27707870111203 280.0002178227719 19.952239990234375 2.9766149520874023 10763
466 280.27541798022617 280.00021784111311 19.942811965942383 2.9338018894195557 10786
467 280.27377201176051 280.00021785929141 19.947551727294922 2.9554169178009033 10809
468 280.27214066343424 280.00021787730833 19.955572128295898 2.9635939598083496 10832
469 280.27052380415347 280.00021789516518 19.957187652587891 2.9618749618530273 10855
470 280.26892130400091 280.00021791286332 19.948957443237305 2.9598948955535889 10878
471 280.26733303422469 280.00021793040435 19.946771621704102 2.9537498950958252 10901
472 280.26575886722861 280.00021794778974 19.977500915527344 2.9356770515441895 10925
473 280.26419867656131 280.00021796502074 19.958072662353516 2.9653120040893555 10948
474 280.26265233690594 280.00021798209877 19.955625534057617 2.983489990234375 10971
475 280.26111972407028 280.0002179990251 19.97593879699707 2.9287500381469727 10994
476 280.2596007149765 280.00021801580129 19.938957214355469 2.9547910690307617 11017
477 280.25809518765107 280.00021803242856 19.999895095825195 2.9613540172576904 11040
478 280.25660302121457 280.00021804890832 20.002656936645508 2.9644789695739746 11063
479 280.25512409587276 280.00021806524171 19.943698883056641 2.9228129386901855 11086
480 280.25365829290575 280.00021808143032 20.019844055175781 3.2144269943237305 11110
481 280.25220549465917 280.00021809747511 19.998073577880859 3.340156078338623 11134
482 280.25076558453401 280.0002181133778 20.075052261352539 3.0210940837860107 11157
483 280.24933844697767 280.00021812913923 20.021614074707031 2.9977600574493408 11180
484 280.24792396747392 280.00021814476105 19.961353302001953 2.9381771087646484 11204
485 280.24652203253447 280.00021816024412 19.963020324707031 2.9315109252929688 11227
486 280.24513252968882 280.00021817558991 19.956249237060547 2.9381248950958252 11250
487 280.24375534747566 280.0002181907999 20.010625839233398 3.0003640651702881 11273
488 280.24239037543373 280.00021820587466 19.950832366943359 2.9667189121246338 11296
489 280.24103750409267 280.00021822081601 19.957656860351562 2.9726040363311768 11319
490 280.23969662496449 280.00021823562491 19.955938339233398 2.9904689788818359 11343
491 280.23836763053413 280.00021825030245 19.955989837646484 2.9613020420074463 11366
492 280.23705041425131 280.0002182648501 19.997343063354492 2.9655210971832275 11389
493 280.23574487052178 280.00021827926867 19.940208435058594 2.9880731105804443 11412
494 280.23445089469828 280.00021829355961 19.953229904174805 2.9562499523162842 11435
495 280.23316838307255 280.00021830772374 19.943906784057617 2.970365047454834 11458
496 280.23189723286663 280.00021832176253 19.963384628295898 3.0081250667572021 11482
497 280.23063734222478 280.00021833567695 20.02734375 2.947761058807373 11505
498 280.22938861020475 280.00021834946813 19.9605712890625 2.9443750381469727 11528
499 280.22815093676996 280.00021836313715 19.94744873046875 2.9616670608520508 11551
500 280.22692422278112 280.00021837668521 19.974323272705078 2.9417181015014648 11574
501 280.22570836998858 280.00021839011316 19.975313186645508 2.9692709445953369 11598
502 280.22450328102383 280.00021840342237 19.965728759765625 2.9497389793395996 11621
503 280.22330885939186 280.00021841661368 19.961145401000977 2.9833331108093262 11644
504 280.22212500946318 280.00021842968829 19.953750610351562 2.9343750476837158 11667
505 280.2209516364664 280.00021844264722 20.027917861938477 2.9434900283813477 11690
506 280.21978864648008 280.00021845549145 19.963750839233398 2.9304170608520508 11713
507 280.21863594642531 280.0002184682221 19.948488235473633 2.9751570224761963 11736
508 280.21749344405828 280.00021848083992 19.967082977294922 2.9686970710754395 11759
509 280.21636104796249 280.00021849334632 20.000886917114258 2.9755730628967285 11783
510 280.21523866754154 280.00021850574205 19.989688873291016 2.972343921661377 11806
511 280.21412621301158 280.00021851802813 19.999792098999023 2.9782819747924805 11829
512 280.21302359539436 280.00021853020559 20.005468368530273 2.9491150379180908 11852
513 280.21193072650948 280.00021854227538 19.95781135559082 2.9504690170288086 11875
514 280.21084751896797 280.0002185542387 20.001197814941406 2.9535939693450928 11898
515 280.20977388616438 280.00021856609595 19.940832138061523 2.9861979484558105 11921
516 280.20870974227006 280.0002185778485 19.976041793823242 2.9477078914642334 11944
517 280.20765500222655 280.00021858949714 19.974323272705078 2.9372389316558838 11968
518 280.20660958173812 280.00021860104289 19.951875686645508 2.9483859539031982 11991
519 280.2055733972652 280.00021861248661 19.960573196411133 2.956718921661377 12014
520 280.20454636601778 280.00021862382948 19.947290420532227 2.931926965713501 12037
521 280.20352840594808 280.00021863507192 19.988489151000977 2.9548439979553223 12060
522 280.20251943574465 280.00021864621505 19.981197357177734 2.9694790840148926 12083
523 280.20151937482507 280.00021865726001 19.985885620117188 2.9596350193023682 12106
524 280.20052814332985 280.0002186682072 19.9453125 2.9406769275665283 12129
525 280.1995456621159 280.00021867905787 19.958696365356445 2.9735410213470459 12153
526 280.19857185274986 280.00021868981287 19.963802337646484 2.9559900760650635 12176
527 280.19760663750196 280.00021870047283 19.969844818115234 2.9699480533599854 12199
528 280.19664993933964 280.0002187110386 19.943281173706055 2.9526569843292236 12222
529 280.19570168192132 280.00021872151143 20.015937805175781 2.9605729579925537 12245
530 280.19476178958996 280.00021873189161 19.947551727294922 2.9243230819702148 12268
531 280.19383018736744 280.00021874218044 19.948749542236328 2.9478650093078613 12291
532 280.19290680094792 280.00021875237843 20.002605438232422 2.9528119564056396 12314
533 280.19199155669207 280.00021876248655 19.986875534057617 2.9710929393768311 12337
534 280.19108438162124 280.00021877250549 20.013124465942383 2.9553649425506592 12361
535 280.19018520341103 280.00021878243615 19.996353149414062 2.9197909832000732 12384
536 280.189293950386 280.00021879227927 19.949270248413086 2.9281771183013916 12407
537 280.18841055151353 280.00021880203576 19.947864532470703 2.9643230438232422 12430
538 280.18753493639809 280.00021881170596 19.957916259765625 2.9580719470977783 12453
539 280.18666703527543 280.00021882129124 19.938802719116211 2.9654159545898438 12476
540 280.18580677900724 280.00021883079211 19.966978073120117 2.942188024520874 12499
541 280.18495409907524 280.00021884020919 19.94416618347168 2.945051908493042 12522
542 280.18410892757561 280.00021884954344 19.956092834472656 2.9152610301971436 12545
543 280.18327119721368 280.00021885879545 19.947813034057617 2.9827089309692383 12568
544 280.18244084129833 280.00021886796594 19.970417022705078 2.9232289791107178 12592
545 280.18161779373651 280.00021887705577 19.936613082885742 2.9769270420074463 12615
546 280.18080198902811 280.00021888606574 19.999530792236328 2.9310410022735596 12638
547 280.1799933622604 280.00021889499635 20.034999847412109 2.9209890365600586 12661
548 280.17919184910284 280.00021890384835 20.015365600585938 2.9758329391479492 12684
549 280.17839738580193 280.00021891262242 19.961822509765625 2.9306249618530273 12707
550 280.17760990917606 280.00021892131952 19.972030639648438 2.9555211067199707 12730
551 280.17682935661003 280.00021892994005 19.999948501586914 2.9834370613098145 12753
552 280.17605566605039 280.00021893848475 19.951457977294922 2.9823439121246338 12777
553 280.17528877600029 280.00021894695442 19.954896926879883 2.9088020324707031 12800
554 280.17452862551443 280.00021895534957 19.990364074707031 2.9329159259796143 12823
555 280.17377515419389 280.00021896367116 20.007604598999023 2.9736459255218506 12846
556 280.17302830218182 280.00021897191942 19.959583282470703 2.9474999904632568 12869
557 280.1722880101579 280.00021898009538 20.00505256652832 2.9657289981842041 12892
558 280.17155421933415 280.00021898819938 19.963228225708008 2.9420309066772461 12915
559 280.17082687144949 280.00021899623232 19.991926193237305 2.9630210399627686 12938
560 280.17010590876578 280.00021900419483 19.953802108764648 2.9266660213470459 12961
561 280.16939127406232 280.0002190120872 19.978906631469727 2.9760420322418213 12985
562 280.1686829106319 280.0002190199105 19.949583053588867 2.9601039886474609 13008
563 280.16798076227565 280.0002190276652 19.942863464355469 2.9182291030883789 13031
564 280.16728477329906 280.0002190353519 19.939218521118164 2.9545829296112061 13054
565 280.16659488850672 280.00021904297091 19.949426651000977 2.9746360778808594 13077
566 280.16591105319873 280.0002190505233 19.984479904174805 2.9268229007720947 13100
567 280.16523321316532 280.00021905800946 19.958541870117188 2.9222400188446045 13123
568 280.16456131468317 280.00021906543009 19.944114685058594 2.9759891033172607 13146
569 280.16389530451073 280.00021907278557 19.939271926879883 2.9820830821990967 13169
570 280.16323512988384 280.00021908007653 19.926353454589844 2.9657809734344482 13192
571 280.16258073851185 280.00021908730383 19.941354751586914 2.9516150951385498 13216
572 280.16193207857282 280.0002190944677 19.951614379882812 2.9359900951385498 13239
573 280.16128909870957 280.00021910156892 19.951875686645508 2.9284899234771729 13262
574 280.16065174802571 280.00021910860795 19.943958282470703 2.957082986831665 13285
575 280.16001997608123 280.00021911558531 19.931041717529297 2.9579689502716064 13308
576 280.15939373288842 280.00021912250156 19.943021774291992 2.9273960590362549 13331
577 280.1587729689079 280.00021912935739 19.950468063354492 2.9770309925079346 13354
578 280.15815763504463 280.00021913615319 19.947238922119141 2.9466149806976318 13377
579 280.15754768264406 280.00021914288959 19.942707061767578 2.9520320892333984 13400
580 280.15694306348763 280.00021914956722 19.947238922119141 2.9457299709320068 13423
581 280.15634372978951 280.00021915618618 19.948490142822266 2.9574999809265137 13446
582 280.15574963419232 280.0002191627475 19.953386306762695 2.939687967300415 13469
583 280.15516072976334 280.00021916925141 19.964582443237305 2.987083911895752 13493
584 280.15457696999096 280.00021917569865 19.944843292236328 2.9498960971832275 13516
585 280.15399830878061 280.00021918208938 19.950260162353516 2.9878649711608887 13539
586 280.15342470045101 280.0002191884243 19.937290191650391 2.9381248950958252 13562
587 280.15285609973057 280.00021919470413 19.954687118530273 2.9589591026306152 13585
588 280.15229246175403 280.00021920092911 20.016822814941406 2.9777600765228271 13608
589 280.15173374205818 280.00021920709958 19.953802108764648 2.9482290744781494 13632
590 280.15117989657858 280.00021921321627 19.974739074707031 2.9372389316558838 13655
591 280.15063088164607 280.00021921927976 19.941562652587891 2.9855730533599854 13678
592 280.15008665398318 280.00021922529021 19.937656402587891 2.9322400093078613 13701
593 280.14954717070049 280.00021923124842 19.944061279296875 2.9860939979553223 13724
594 280.14901238929326 280.00021923715462 19.954061508178711 2.9629170894622803 13747
595 280.14848226763792 280.00021924300933 19.951770782470703 2.926353931427002 13770
596 280.1479567639887 280.0002192488131 19.945989608764648 2.9354159832000732 13793
597 280.14743583697401 280.00021925456628 19.954427719116211 2.9867699146270752 13816
598 280.14691944559382 280.00021926026932 19.982864379882812 2.9364058971405029 13839
599 280.14640754921527 280.00021926592291 19.949895858764648 2.9858329296112061 13863
600 280.14590010757007 280.0002192715271 19.946250915527344 2.9744269847869873 13886
601 280.14539708075114 280.00021927708258 19.974531173706055 2.9812500476837158 13909
602 280.14489842920938 280.00021928258985 20.004011154174805 2.9169790744781494 13932
603 280.14440411375011 280.0002192880491 19.932031631469727 2.9301049709320068 13955
604 280.14391409553036 280.00021929346076 20.032135009765625 2.9111459255218506 13978
605 280.14342833605536 280.0002192988257 19.939062118530273 2.9609370231628418 14001
606 280.14294679717585 280.00021930414391 19.94317626953125 2.909635066986084 14024
607 280.1424694410843 280.00021930941591 19.962760925292969 2.9376039505004883 14047
608 280.1419962303126 280.00021931464204 19.943229675292969 2.9195311069488525 14070
609 280.14152712772858 280.00021931982286 19.951770782470703 2.9684889316558838 14094
610 280.14106209653278 280.00021932495883 19.955415725708008 2.972343921661377 14117
611 280.14060110025622 280.00021933005019 19.94843864440918 2.9584898948669434 14140
612 280.14014410275655 280.00021933509714 19.956926345825195 2.9356770515441895 14163
613 280.13969106821611 280.00021934010061 19.945156097412109 2.9761979579925537 14186
614 280.13924196113771 280.0002193450606 19.949687957763672 2.9560940265655518 14209
615 280.13879674634325 280.00021934997767 19.945051193237305 2.9571359157562256 14232
616 280.13835538896956 280.00021935485205 19.947759628295898 2.9401049613952637 14255
617 280.13791785446631 280.00021935968431 19.94317626953125 2.9934370517730713 14278
618 280.13748410859313 280.00021936447456 19.94807243347168 2.955988883972168 14302
619 280.1370541174166 280.00021936922354 19.940261840820312 2.9513030052185059 14325
620 280.13662784730769 280.00021937393126 19.952707290649414 2.9295830726623535 14348
621 280.13620526493895 280.00021937859833 19.937967300415039 2.9696869850158691 14371
622 280.13578633728167 280.0002193832251 19.932500839233398 2.9403131008148193 14394
623 280.1353710316036 280.00021938781168 19.941875457763672 2.9383339881896973 14417
624 280.13495931546572 280.00021939235882 19.960832595825195 2.9419269561767578 14440
625 280.13455115672025 280.00021939686656 19.957395553588867 2.9369270801544189 14463
626 280.13414652350747 280.00021940133536 19.950782775878906 2.9160940647125244 14486
627 280.13374538425359 280.00021940576556 19.954011917114258 2.9691150188446045 14509
628 280.13334770766772 280.00021941015757 19.962030410766602 2.9527089595794678 14532
629 280.13295346273981 280.00021941451172 19.937917709350586 2.9557809829711914 14556
630 280.13256261873772 280.00021941882824 19.953750610351562 2.9380209445953369 14579
631 280.13217514520511 280.00021942310764 19.96973991394043 2.961198091506958 14602
632 280.13179101195874 280.00021942734986 19.941717147827148 2.9479160308837891 14625
633 280.13141018908584 280.00021943155576 19.937135696411133 2.9585928916931152 14648
634 280.13103264694217 280.00021943572546 19.97442626953125 2.956510066986084 14671
635 280.13065835614901 280.00021943985911 19.940729141235352 2.9404170513153076 14694
636 280.13028728759167 280.00021944395735 19.974739074707031 2.8988540172576904 14717
637 280.12991941241586 280.00021944802006 19.943853378295898 2.9292190074920654 14740
638 280.12955470202667 280.00021945204816 19.946197509765625 2.9230730533599854 14763
639 280.12919312808515 280.00021945604135 19.953489303588867 2.930311918258667 14786
640 280.12883466250685 280.00021946000038 19.964323043823242 2.9397919178009033 14810
641 280.12847927745889 280.0002194639253 20.014322280883789 2.9234371185302734 14833
642 280.1281269453583 280.00021946781646 19.941719055175781 2.9172921180725098 14856
643 280.12777763886913 280.00021947167426 19.99333381652832 2.9854168891906738 14879
644 280.12743133090095 280.00021947549891 19.939687728881836 2.9377601146697998 14902
645 280.1270879946058 280.00021947929082 19.940467834472656 2.964792013168335 14925
646 280.126747603377 280.00021948305005 19.953697204589844 2.9485421180725098 14948
647 280.12641013084612 280.00021948677721 19.951667785644531 2.9509899616241455 14971
648 280.12607555088135 280.00021949047238 19.947811126708984 2.9568231105804443 14994
649 280.12574383758522 280.00021949413588 19.944686889648438 2.9888019561767578 15017
650 280.12541496529246 280.00021949776794 19.94807243347168 2.9701039791107178 15041
651 280.12508890856799 280.00021950136897 19.949375152587891 2.959583044052124 15064
652 280.12476564220475 280.0002195049392 20.00078010559082 2.9496359825134277 15087
653 280.12444514122188 280.00021950847889 19.959480285644531 2.9618749618530273 15110
654 280.12412738086249 280.00021951198823 19.939113616943359 2.9489591121673584 15133
655 280.12381233659153 280.00021951546762 19.937604904174805 2.9480729103088379 15156
656 280.12349998409428 280.00021951891722 19.971094131469727 2.9498438835144043 15179
657 280.1231902992738 280.00021952233749 19.986354827880859 2.9866669178009033 15202
658 280.12288325824954 280.00021952572843 19.946250915527344 2.924375057220459 15225
659 280.12257883735475 280.00021952909049 19.926042556762695 2.950624942779541 15248
660 280.12227701313515 280.0002195324239 19.943645477294922 2.9548439979553223 15272
661 280.12197776234672 280.00021953572883 19.959531784057617 2.9629690647125244 15295
662 280.12168106195406 280.0002195390058 19.952239990234375 2.9371879100799561 15318
663 280.12138688912796 280.00021954225468 19.95020866394043 2.9467189311981201 15341
664 280.12109522124427 280.00021954547589 19.966562271118164 2.9697389602661133 15364
665 280.12080603588169 280.00021954866952 19.938592910766602 2.9675519466400146 15387
666 280.12051931081982 280.00021955183627 19.937448501586914 2.9378130435943604 15410
667 280.12023502403758 280.0002195549759 19.937030792236328 2.9849479198455811 15433
668 280.11995315371161 280.00021955808899 19.949167251586914 2.9766149520874023 15456
669 280.11967367821399 280.00021956117553 19.944480895996094 2.9213020801544189 15479
670 280.11939657611072 280.00021956423598 19.984739303588867 2.953125 15502
671 280.11912182616021 280.00021956727034 19.945051193237305 2.9641149044036865 15526
672 280.11884940731125 280.00021957027894 19.947708129882812 2.9461979866027832 15549
673 280.11857929870143 280.00021957326203 19.939895629882812 2.9708859920501709 15572
674 280.11831147965546 280.00021957621993 19.948436737060547 2.9437499046325684 15595
675 280.11804592968338 280.00021957915254 19.939687728881836 2.9368751049041748 15618
676 280.11778262847895 280.00021958206048 19.929634094238281 2.9371869564056396 15641
677 280.11752155591813 280.00021958494386 19.940885543823242 2.9641659259796143 15664
678 280.11726269205747 280.00021958780275 19.938333511352539 2.9366669654846191 15687
679 280.11700601713204 280.00021959063758 19.943281173706055 2.9476559162139893 15710
680 280.11675151155436 280.00021959344838 19.937395095825195 2.9483850002288818 15733
681 280.11649915591266 280.00021959623541 19.938177108764648 2.9490621089935303 15756
682 280.11624893096899 280.00021959899897 19.940624237060547 2.9817709922790527 15780
683 280.11600081765823 280.0002196017391 19.969062805175781 2.9664580821990967 15803
684 280.11575479708597 280.00021960445628 19.934427261352539 2.9535419940948486 15826
685 280.1155108505273 280.00021960715043 19.938959121704102 2.9583330154418945 15849
686 280.11526895942546 280.00021960982184 19.956771850585938 2.9539070129394531 15872
687 280.11502910538979 280.00021961247091 19.937915802001953 2.9433848857879639 15895
688 280.1147912701947 280.00021961509748 19.933124542236328 2.9616138935089111 15918
689 280.11455543577802 280.00021961770216 19.927656173706055 2.9040110111236572 15941
690 280.11432158423935 280.00021962028495 19.927915573120117 2.9444279670715332 15964
691 280.11408969783923 280.00021962284586 19.943073272705078 2.9387500286102295 15987
692 280.11385975899697 280.00021962538523 19.927291870117188 2.9738020896911621 16010
693 280.11363175028964 280.00021962790339 19.937969207763672 2.9817709922790527 16034
694 280.1134056544505 280.00021963040041 19.946718215942383 2.9505209922790527 16057
695 280.11318145436769 280.00021963287656 19.927812576293945 2.9480729103088379 16080
696 280.11295913308277 280.00021963533197 19.965156555175781 2.9290618896484375 16103
697 280.11273867378935 280.00021963776669 19.933073043823242 2.9735939502716064 16126
698 280.11252005983187 280.00021964018117 19.947290420532227 2.9315109252929688 16149
699 280.11230327470389 280.0002196425753 20.047552108764648 3.2322390079498291 16173
700 280.11208830204737 280.00021964494954 20.011875152587891 3.1033859252929688 16196
701 280.11187512565056 280.00021964730382 19.965156555175781 3.0096359252929688 16220
702 280.11166372944734 280.00021964963855 20.10333251953125 2.9671359062194824 16243
703 280.11145409751549 280.00021965195373 19.939323425292969 2.9300520420074463 16266
704 280.11124621407583 280.00021965424969 19.941459655761719 2.9773440361022949 16289
705 280.11104006349035 280.00021965652644 19.936979293823242 2.9980208873748779 16313
706 280.11083563026148 280.00021965878415 19.997915267944336 2.9666149616241455 16336
707 280.11063289903058 280.00021966102327 19.949634552001953 2.976823091506958 16359
708 280.11043185457675 280.00021966324363 19.93864631652832 2.9200520515441895 16382
709 280.1102324818155 280.0002196654454 19.931718826293945 2.9652080535888672 16405
710 280.11003476579776 280.00021966762904 19.924739837646484 2.9503118991851807 16428
711 280.10983869170832 280.00021966979449 19.935052871704102 2.97953200340271 16451
712 280.10964424486497 280.00021967194203 19.923334121704102 2.939687967300415 16474
713 280.10945141071716 280.00021967407173 19.919635772705078 2.9308860301971436 16497
714 280.10926017484468 280.0002196761838 19.939947128295898 2.9611461162567139 16521
715 280.10907052295676 280.00021967827826 19.9609375 2.994636058807373 16544
716 280.1088824408908 280.00021968035549 19.939271926879883 2.9632289409637451 16567
717 280.10869591461102 280.00021968241566 19.942291259765625 2.9460930824279785 16590
718 280.10851093020767 280.00021968445844 19.93244743347168 2.9647390842437744 16613
719 280.10832747389571 280.00021968648457 19.920988082885742 2.9458329677581787 16636
720 280.10814553201368 280.0002196884941 19.921302795410156 2.9523429870605469 16659
721 280.10796509102261 280.00021969048692 19.925468444824219 2.9429690837860107 16682
722 280.10778613750495 280.00021969246336 19.952915191650391 2.9629170894622803 16705
723 280.10760865816349 280.00021969442332 19.918176651000977 2.9683859348297119 16729
724 280.10743263982027 280.00021969636742 19.92072868347168 2.9579169750213623 16752
725 280.10725806941537 280.00021969829544 19.932916641235352 3.0020320415496826 16775
726 280.1070849340062 280.00021970020748 19.957239151000977 2.9409379959106445 16798
727 280.10691322076599 280.00021970210389 19.946615219116211 2.9537498950958252 16821
728 280.10674291698319 280.00021970398478 19.946718215942383 2.9425520896911621 16844
729 280.10657401006017 280.00021970585021 19.950729370117188 2.9670829772949219 16867
730 280.10640648751217 280.0002197077003 19.912187576293945 2.9310939311981201 16890
731 280.10624033696655 280.0002197095352 19.914270401000977 2.9920310974121094 16913
732 280.10607554616138 280.00021971135516 19.947084426879883 2.9522390365600586 16936
733 280.1059121029449 280.00021971316045 19.916250228881836 2.9347400665283203 16959
734 280.10574999527438 280.00021971495073 19.915363311767578 2.9077599048614502 16982
735 280.10558921121475 280.00021971672635 19.925363540649414 2.9204690456390381 17005
736 280.1054297389382 280.0002197184877 19.916875839233398 2.9825000762939453 17029
737 280.10527156672299 280.0002197202345 19.917448043823242 2.9865109920501709 17052
738 280.10511468295238 280.00021972196731 19.916301727294922 2.9448440074920654 17075
739 280.10495907611374 280.00021972368569 19.948177337646484 2.950624942779541 17098
740 280.10480473479805 280.00021972539037 19.913749694824219 2.9149999618530273 17121
741 280.10465164769806 280.000219727081 19.948646545410156 2.9794270992279053 17144
742 280.10449980360835 280.00021972875794 19.962915420532227 2.9397389888763428 17167
743 280.10434919142369 280.00021973042141 19.953592300415039 2.9960939884185791 17190
744 280.10419980013853 280.00021973207123 19.933698654174805 2.9630210399627686 17213
745 280.10405161884614 280.00021973370787 19.911771774291992 2.9519269466400146 17236
746 280.10390463673735 280.00021973533114 19.924167633056641 2.9617700576782227 17259
747 280.10375884310008 280.00021973694129 19.921562194824219 2.92494797706604 17282
748 280.1036142273183 280.00021973853836 19.930103302001953 2.9608850479125977 17305
749 280.10347077887099 280.00021974012265 19.942916870117188 2.9641149044036865 17329
750 280.10332848733174 280.00021974169414 19.915573120117188 2.9452080726623535 17352
751 280.10318734236745 280.0002197432529 19.912187576293945 2.9658849239349365 17375
752 280.10304733373766 280.00021974479927 19.916875839233398 2.9521870613098145 17398
753 280.1029084512939 280.00021974633302 19.918176651000977 2.9633851051330566 17421
754 280.10277068497845 280.0002197478546 19.911563873291016 2.9306249618530273 17444
755 280.10263402482411 280.00021974936396 19.917760848999023 2.9426560401916504 17467
756 280.10249846095269 280.00021975086111 19.958541870117188 2.9630730152130127 17490
757 280.10236398357483 280.00021975234637 19.91484260559082 2.9403131008148193 17513
758 280.10223058298885 280.00021975381952 19.932292938232422 2.9376559257507324 17536
759 280.10209824958014 280.00021975528108 19.914634704589844 2.9456770420074463 17559
760 280.10196697382014 280.00021975673093 19.908853530883789 2.9422919750213623 17582
761 280.10183674626575 280.00021975816918 19.977188110351562 2.9642179012298584 17605
762 280.10170755755883 280.00021975959601 19.931770324707031 2.9437499046325684 17628
763 280.10157939842475 280.00021976101141 19.969062805175781 2.9485929012298584 17651
764 280.10145225967233 280.0002197624155 19.90900993347168 2.963749885559082 17675
765 280.10132613219281 280.00021976380845 19.908750534057617 2.9665629863739014 17698
766 280.10120100695872 280.00021976519037 19.91015625 2.9564580917358398 17721
767 280.10107687502403 280.0002197665612 19.923542022705078 2.9654169082641602 17744
768 280.10095372752261 280.00021976792141 19.93536376953125 2.9380729198455811 17767
769 280.10083155566798 280.00021976927064 19.914844512939453 2.9858849048614502 17790
770 280.10071035075237 280.00021977060925 19.931041717529297 2.9465620517730713 17813
771 280.10059010414602 280.00021977193728 19.964271545410156 2.96875 17836
772 280.1004708072968 280.0002197732548 19.91796875 2.9261460304260254 17859
773 280.10035245172901 280.00021977456191 19.91973876953125 2.9938020706176758 17882
774 280.10023502904306 280.00021977585874 19.924999237060547 2.9558858871459961 17905
775 280.10011853091453 280.00021977714539 19.939792633056641 2.9478650093078613 17929
776 280.10000294909389 280.00021977842192 19.980365753173828 2.9183850288391113 17952
777 280.09988827540542 280.00021977968839 19.982759475708008 2.9676558971405029 17975
778 280.09977450174671 280.00021978094497 19.915416717529297 2.9498438835144043 17998
779 280.09966162008806 280.00021978219161 19.918489456176758 2.9530200958251953 18021
780 280.09954962247167 280.00021978342841 19.920677185058594 2.9808859825134277 18044
781 280.09943850101109 280.00021978465577 19.936771392822266 2.9412500858306885 18067
782 280.09932824789081 280.00021978587341 19.919792175292969 2.919166088104248 18090
783 280.09921885536517 280.00021978708162 19.988750457763672 2.9787499904632568 18113
784 280.09911031575791 280.00021978828016 19.914113998413086 2.9306249618530273 18136
785 280.09900262146175 280.00021978946967 19.913541793823242 2.9801039695739746 18159
786 280.09889576493771 280.00021979064979 19.924270629882812 2.9505729675292969 18183
787 280.09878973871412 280.00021979182088 19.937604904174805 2.9556770324707031 18206
788 280.09868453538638 280.00021979298265 19.921718597412109 2.9659368991851807 18229
789 280.09858014761659 280.0002197941356 19.901510238647461 2.976093053817749 18252
790 280.09847656813218 280.00021979527952 19.92088508605957 2.9733328819274902 18275
791 280.09837378972611 280.00021979641463 19.920938491821289 2.9684369564056396 18298
792 280.09827180525576 280.00021979754098 19.907604217529297 2.9578640460968018 18321
793 280.09817060764283 280.00021979865852 19.912656784057617 2.9750521183013916 18344
794 280.09807018987215 280.00021979976748 19.909688949584961 2.9602079391479492 18367
795 280.09797054499165 280.00021980086808 19.922084808349609 2.9772388935089111 18390
796 280.09787166611153 280.00021980196016 19.919322967529297 2.9361979961395264 18413
797 280.09777354640374 280.00021980304376 19.90510368347168 2.9609379768371582 18436
798 280.09767617910154 280.00021980411918 19.918853759765625 2.9689059257507324 18460
799 280.09757955749882 280.00021980518619 19.916353225708008 2.9741671085357666 18483
800 280.0974836749495 280.00021980624513 19.919895172119141 2.9398429393768311 18506
801 280.0973885248672 280.00021980729599 19.916927337646484 2.9659891128540039 18529
802 280.09729410072464 280.00021980833884 19.914270401000977 2.955625057220459 18552
803 280.09720039605281 280.00021980937368 19.904531478881836 2.9797389507293701 18575
804 280.09710740444103 280.00021981040061 19.907136917114258 2.9358329772949219 18598
805 280.09701511953585 280.00021981141998 19.959165573120117 2.9934380054473877 18621
806 280.0969235350409 280.0002198124314 19.921562194824219 2.9408340454101562 18644
807 280.09683264471624 280.00021981343519 19.911197662353516 2.96567702293396 18667
808 280.09674244237794 280.00021981443143 19.908750534057617 2.9402608871459961 18690
809 280.09665292189737 280.00021981542 19.922500610351562 2.9339580535888672 18713
810 280.09656407720087 280.00021981640134 19.906509399414062 2.9649999141693115 18736
811 280.09647590226939 280.00021981737513 19.913593292236328 2.9338541030883789 18759
812 280.09638839113757 280.00021981834158 19.91697883605957 2.9530210494995117 18782
813 280.09630153789391 280.00021981930075 19.912656784057617 2.9622910022735596 18805
814 280.09621533667956 280.00021982025288 19.91114616394043 2.9244270324707031 18828
815 280.09612978168832 280.00021982119773 19.918228149414062 2.9679689407348633 18852
816 280.0960448671662 280.00021982213553 19.911823272705078 2.9413540363311768 18875
817 280.09596058741056 280.00021982306635 19.919479370117188 2.9291660785675049 18898
818 280.09587693676997 280.00021982399011 19.90739631652832 2.9532289505004883 18921
819 280.09579390964376 280.00021982490711 19.911718368530273 2.9238018989562988 18944
820 280.09571150048134 280.00021982581723 19.914634704589844 2.9370830059051514 18967
821 280.09562970378192 280.00021982672069 19.920780181884766 2.963749885559082 18990
822 280.09554851409422 280.00021982761729 19.924270629882812 2.9554169178009033 19013
823 280.09546792601537 280.0002198285074 19.939634323120117 2.9543750286102295 19036
824 280.09538793419136 280.00021982939074 19.91229248046875 2.9310939311981201 19059
825 280.0953085333162 280.00021983026761 19.910625457763672 2.9861459732055664 19082
826 280.09522971813107 280.00021983113822 19.917604446411133 2.9733860492706299 19105
827 280.09515148342473 280.00021983200213 19.923229217529297 2.9562499523162842 19128
828 280.09507382403228 280.00021983285978 19.953958511352539 2.9618229866027832 19151
829 280.09499673483549 280.00021983371124 19.903646469116211 2.9659891128540039 19174
830 280.09492021076176 280.00021983455633 19.923280715942383 2.9845309257507324 19198
831 280.09484424678413 280.00021983539546 19.954635620117188 2.9420320987701416 19221
832 280.09476883792047 280.00021983622815 19.921718597412109 2.936769962310791 19244
833 280.09469397923357 280.00021983705494 19.910051345825195 3.2422919273376465 19267
834 280.09461966583041 280.00021983787559 19.915155410766602 2.9565629959106445 19290
835 280.09454589286167 280.00021983869038 19.899530410766602 2.9604690074920654 19313
836 280.09447265552177 280.00021983949927 19.910572052001953 2.9599480628967285 19336
837 280.09439994904807 280.00021984030218 19.909061431884766 2.9635939598083496 19359
838 280.09432776872058 280.00021984109941 19.916458129882812 2.925990104675293 19382
839 280.0942561098617 280.00021984189084 19.918386459350586 2.9767711162567139 19406
840 280.09418496783582 280.00021984267647 19.92656135559082 2.9825520515441895 19429
841 280.09411433804871 280.00021984345659 19.90703010559082 2.9658849239349365 19452
842 280.09404421594752 280.00021984423103 19.926301956176758 2.9489059448242188 19475
843 280.09397459702001 280.00021984499983 19.915416717529297 2.9677081108093262 19498
844 280.09390547679459 280.00021984576324 19.912656784057617 2.9170310497283936 19521
845 280.09383685083969 280.00021984652113 19.920415878295898 2.9521870613098145 19544
846 280.09376871476331 280.00021984727357 19.903593063354492 2.9231770038604736 19567
847 280.09370106421312 280.00021984802089 19.907188415527344 2.9667708873748779 19590
848 280.09363389487555 280.00021984876264 19.907499313354492 2.941093921661377 19613
849 280.09356720247587 280.00021984949922 19.903697967529297 2.9758849143981934 19636
850 280.09350098277753 280.00021985023051 19.906042098999023 2.9428648948669434 19659
851 280.09343523158208 280.00021985095663 19.910312652587891 2.9172399044036865 19682
852 280.09336994472858 280.0002198516778 19.906198501586914 2.9748439788818359 19705
853 280.0933051180935 280.00021985239368 19.907657623291016 2.9776039123535156 19728
854 280.09324074759019 280.00021985310468 19.901510238647461 2.9580209255218506 19751
855 280.09317682916878 280.00021985381051 19.932395935058594 2.9235410690307617 19774
856 280.09311335881557 280.00021985451139 19.902603149414062 2.9211978912353516 19797
857 280.09305033255288 280.0002198552076 19.914947509765625 2.9495830535888672 19820
858 280.09298774643861 280.00021985589882 19.90900993347168 2.9617710113525391 19844
859 280.09292559656609 280.00021985658515 19.910520553588867 2.9396359920501709 19867
860 280.09286387906371 280.00021985726676 19.912969589233398 2.9626569747924805 19890
861 280.09280259009444 280.00021985794365 19.912603378295898 2.9517710208892822 19913
862 280.09274172585572 280.00021985861582 19.914739608764648 2.9280200004577637 19936
863 280.09268128257906 280.00021985928339 19.927238464355469 2.964792013168335 19959
864 280.09262125652981 280.00021985994647 19.917030334472656 2.9385941028594971 19982
865 280.09256164400676 280.00021986060477 19.906927108764648 2.9577078819274902 20005
866 280.09250244134171 280.00021986125864 19.911197662353516 2.9648959636688232 20028
867 280.09244364489956 280.00021986190791 19.910572052001953 2.973228931427002 20051
868 280.09238525107781 280.00021986255297 19.901510238647461 2.9230210781097412 20074
869 280.09232725630613 280.00021986319342 19.90546989440918 2.9502599239349365 20097
870 280.09226965704607 280.00021986382939 19.913385391235352 2.9441659450531006 20120
871 280.0922124497913 280.00021986446131 19.937551498413086 2.9749479293823242 20143
872 280.09215563106653 280.00021986508875 19.921510696411133 2.9461979866027832 20166
873 280.09209919742779 280.0002198657121 19.915157318115234 2.9446868896484375 20189
874 280.09204314546196 280.00021986633107 19.919948577880859 2.9488539695739746 20213
875 280.09198747178652 280.000219866946 19.906301498413086 2.9677600860595703 20236
876 280.09193217304926 280.00021986755667 19.922603607177734 3.0082809925079346 20259
877 280.09187724592806 280.00021986816336 19.895156860351562 2.9761459827423096 20282
878 280.09182268713045 280.0002198687659 19.902917861938477 2.9767189025878906 20305
879 280.0917684933936 280.00021986936434 19.916301727294922 2.9709889888763428 20328
880 280.09171466148388 280.00021986995893 19.906354904174805 2.9266669750213623 20351
881 280.09166118819661 280.00021987054947 19.898488998413086 2.9349479675292969 20374
882 280.09160807035607 280.0002198711361 19.901927947998047 2.9281249046325684 20397
883 280.09155530481451 280.00021987171885 19.910572052001953 2.9522919654846191 20420
884 280.09150288845285 280.00021987229781 19.906040191650391 2.9362499713897705 20443
885 280.09145081817968 280.00021987287289 19.896562576293945 2.9702079296112061 20466
886 280.09139909093159 280.00021987344411 19.891197204589844 2.9621360301971436 20489
887 280.0913477036724 280.00021987401163 19.894010543823242 2.9309380054473877 20512
888 280.09129665339321 280.00021987457558 19.907499313354492 2.941093921661377 20535
889 280.09124593711198 280.0002198751356 19.89453125 2.9421870708465576 20558
890 280.09119555187357 280.00021987569215 19.898540496826172 2.9420309066772461 20581
891 280.09114549474941 280.00021987624478 19.896823883056641 2.9449479579925537 20604
892 280.09109576283669 280.00021987679412 19.885364532470703 2.9468228816986084 20627
893 280.09104635325923 280.00021987733982 19.889947891235352 2.9587500095367432 20650
894 280.09099726316623 280.00021987788199 19.890520095825195 2.9553120136260986 20673
895 280.09094848973257 280.00021987842075 19.896457672119141 2.933542013168335 20697
896 280.09090003015848 280.00021987895593 19.88593864440918 2.9607288837432861 20720
897 280.09085188166921 280.00021987948759 19.884166717529297 2.938230037689209 20743
898 280.09080404151484 280.00021988001595 19.903957366943359 2.9620308876037598 20766
899 280.09075650697031 280.00021988054095 19.924270629882812 2.9555718898773193 20789
900 280.09070927533486 280.00021988106261 19.893125534057617 2.9436459541320801 20812
901 280.09066234393168 280.00021988158085 19.906719207763672 2.9618749618530273 20835
902 280.09061571010835 280.00021988209596 19.91291618347168 2.9590620994567871 20858
903 280.09056937123597 280.00021988260767 19.940990447998047 2.9498438835144043 20881
904 280.09052332470947 280.0002198831163 19.91229248046875 2.9230730533599854 20904
905 280.09047756794678 280.00021988362158 19.897708892822266 2.9411458969116211 20927
906 280.09043209838916 280.00021988412379 19.894426345825195 2.976823091506958 20950
907 280.09038691350059 280.00021988462277 19.909843444824219 2.9579689502716064 20973
908 280.09034201076838 280.00021988511878 19.897552490234375 2.9762499332427979 20996
909 280.09029738770164 280.0002198856115 19.885833740234375 2.9599480628967285 21019
910 280.09025304183211 280.00021988610132 19.932083129882812 2.9529678821563721 21042
911 280.09020897071377 280.00021988658801 19.882761001586914 2.9631249904632568 21065
912 280.09016517192237 280.00021988707175 19.902290344238281 2.9520320892333984 21088
913 280.09012164305528 280.00021988755248 19.927135467529297 2.9480209350585938 21111
914 280.09007838173164 280.00021988803013 19.898698806762695 2.9267709255218506 21134
915 280.09003538559182 280.00021988850506 19.894374847412109 2.9728119373321533 21158
916 280.08999265229727 280.00021988897703 19.899114608764648 2.9043750762939453 21181
917 280.08995017953038 280.0002198894461 19.900365829467773 2.9941151142120361 21204
918 280.08990796499461 280.00021988991227 19.919218063354492 3.0855729579925537 21227
919 280.08986600641362 280.00021989037572 19.999843597412109 3.0647389888763428 21251
920 280.08982430153168 280.00021989083626 19.942031860351562 3.0556249618530273 21274
921 280.08978284811315 280.00021989129419 19.915365219116211 2.9544799327850342 21297
922 280.08974164394255 280.00021989174928 19.895103454589844 2.9625000953674316 21320
923 280.08970068682407 280.00021989220147 19.898801803588867 2.9511458873748779 21343
924 280.08965997458199 280.00021989265116 19.900625228881836 2.9845309257507324 21366
925 280.08961950505949 280.00021989309818 19.915573120117188 2.9946870803833008 21390
926 280.08957927611959 280.00021989354246 19.903697967529297 2.9621350765228271 21413
927 280.08953928564421 280.00021989398414 19.90526008605957 2.93442702293396 21436
928 280.0894995315341 280.0002198944232 19.927499771118164 2.981874942779541 21459
929 280.08946001170921 280.00021989485953 19.891040802001953 2.9366140365600586 21482
930 280.08942072410787 280.00021989529347 19.893072128295898 2.9139060974121094 21505
931 280.08938166668702 280.00021989572491 19.895990371704102 2.9284899234771729 21528
932 280.08934283742173 280.00021989615379 19.917760848999023 2.98921799659729 21551
933 280.08930423430542 280.00021989658006 19.894687652587891 2.9474480152130127 21574
934 280.0892658553492 280.00021989700389 20.00994873046875 2.9564580917358398 21597
935 280.08922769858242 280.00021989742538 19.915365219116211 2.9778649806976318 21620
936 280.08918976205155 280.00021989784437 19.903802871704102 2.9371879100799561 21643
937 280.08915204382117 280.00021989826087 19.890468597412109 2.9518749713897705 21666
938 280.08911454197278 280.00021989867508 19.898698806762695 2.9582810401916504 21690
939 280.08907725460517 280.00021989908686 19.907342910766602 2.9623439311981201 21713
940 280.08904017983417 280.0002198994963 19.885520935058594 2.9051558971405029 21736
941 280.08900331579252 280.00021989990336 19.894582748413086 2.9652080535888672 21759
942 280.08896666062969 280.0002199003082 19.926094055175781 2.9725520610809326 21782
943 280.08893021251157 280.00021990071082 19.890417098999023 2.9615099430084229 21805
944 280.08889396962093 280.00021990111094 19.90156364440918 2.9234380722045898 21828
945 280.08885793015622 280.00021990150913 19.931875228881836 2.9555211067199707 21851
946 280.08882209233241 280.00021990190493 19.930938720703125 2.9714059829711914 21874
947 280.08878645438051 280.00021990229851 19.895364761352539 2.9409890174865723 21897
948 280.08875101454709 280.00021990268988 19.927291870117188 2.9185938835144043 21920
949 280.0887157710946 280.00021990307914 19.903593063354492 2.952239990234375 21943
950 280.08868072230115 280.00021990346625 19.938020706176758 2.9817709922790527 21966
951 280.08864586646007 280.00021990385119 19.890886306762695 2.9551560878753662 21989
952 280.08861120188016 280.00021990423403 19.883438110351562 2.9638020992279053 22012
953 280.08857672688509 280.00021990461477 19.886146545410156 2.9682290554046631 22035
954 280.08854243981415 280.00021990499346 19.891822814941406 2.9500000476837158 22058
955 280.08850833902068 280.00021990536999 19.902811050415039 2.9630210399627686 22081
956 280.08847442287333 280.00021990574459 19.900886535644531 2.9223430156707764 22104
957 280.08844068975537 280.0002199061172 19.895208358764648 2.9531769752502441 22127
958 280.08840713806433 280.0002199064877 19.887916564941406 2.9534900188446045 22151
959 280.08837376621216 280.00021990685633 19.889167785644531 2.9553649425506592 22174
960 280.08834057262499 280.0002199072228 19.893281936645508 2.9632289409637451 22197
961 280.08830755574326 280.00021990758751 19.911094665527344 2.957395076751709 22220
962 280.08827471402111 280.00021990795022 19.934999465942383 2.9541149139404297 22243
963 280.08824204592679 280.00021990831101 19.888385772705078 2.9460420608520508 22266
964 280.08820954994201 280.00021990866986 19.891040802001953 2.9643750190734863 22289
965 280.08817722456223 280.0002199090269 19.889896392822266 2.9645829200744629 22312
966 280.0881450682964 280.000219909382 19.889167785644531 2.9394268989562988 22335
967 280.08811307966675 280.00021990973534 19.959218978881836 2.9914059638977051 22358
968 280.08808125720884 280.00021991008686 19.912084579467773 2.9368751049041748 22381
969 280.08804959947122 280.0002199104365 19.892290115356445 2.9630210399627686 22404
970 280.08801810501552 280.00021991078427 19.88557243347168 2.9623959064483643 22427
971 280.08798677241634 280.00021991113022 19.942291259765625 2.9611461162567139 22451
972 280.08795560026084 280.0002199114744 19.905885696411133 2.9788539409637451 22474
973 280.08792458714908 280.00021991181711 19.89161491394043 2.9691669940948486 22497
974 280.08789373169327 280.00021991215783 19.897863388061523 2.8903129100799561 22520
975 280.08786303251861 280.00021991249696 19.933853149414062 2.9425520896911621 22543
976 280.08783248826217 280.00021991283427 19.883176803588867 2.9520840644836426 22566
977 280.08780209757333 280.00021991316987 19.919687271118164 2.9503130912780762 22589
978 280.08777185911373 280.00021991350377 19.899635314941406 2.9603650569915771 22612
979 280.08774177155681 280.00021991383608 19.896875381469727 2.9345309734344482 22635
980 280.08771183358783 280.00021991416679 19.88557243347168 2.9254169464111328 22658
981 280.08768204390412 280.00021991449574 19.901874542236328 2.9488539695739746 22681
982 280.08765240121448 280.00021991482316 19.930625915527344 2.9594790935516357 22704
983 280.08762290423925 280.00021991514905 19.900312423706055 2.9660940170288086 22727
984 280.08759355171031 280.00021991547317 19.897083282470703 2.9310939311981201 22750
985 280.08756434237085 280.00021991579564 19.889896392822266 2.9335410594940186 22773
986 280.08753527497532 280.00021991611669 19.890104293823242 2.9370310306549072 22796
987 280.08750634828931 280.00021991643615 19.901771545410156 2.9765629768371582 22819
988 280.0874775610896 280.00021991675408 19.889322280883789 2.9229159355163574 22842
989 280.08744891216367 280.00021991707052 19.891510009765625 2.9800000190734863 22865
990 280.08742040031012 280.00021991738538 19.893594741821289 2.9279689788818359 22888
991 280.08739202433821 280.00021991769876 19.88963508605957 2.9548439979553223 22911
992 280.08736378306776 280.0002199180106 19.899063110351562 2.9449479579925537 22934
993 280.08733567532914 280.00021991832108 19.920677185058594 2.9426040649414062 22957
994 280.0873076999635 280.00021991863002 19.882135391235352 2.9604170322418213 22980
995 280.08727985582215 280.00021991893749 19.891250610351562 2.9826560020446777 23003
996 280.08725214176661 280.0002199192437 19.894271850585938 2.9574999809265137 23027
997 280.08722455666873 280.00021991954827 19.883386611938477 2.9689579010009766 23050
998 280.08719709941028 280.00021991985147 19.887292861938477 2.9458849430084229 23073
999 280.08716976888337 280.00021992015337 19.891458511352539 2.9167189598083496 23096
1000 280.0871425639898 280.00021992045384 19.886770248413086 2.9205210208892822 23119
