iterat. internal-T external-T elapsed-time
0 300 280 0.038316402999953425
1 299.20000000000209 280.00000883530828 0.077485689999775786
2 298.52813741741465 280.00001625546031 0.11565969300045253
3 297.94710600454084 280.00002267246111 0.1539797940004064
4 297.43349718286822 280.00002834482569 0.19232192599974951
5 296.97180041472768 280.0000334438667 0.23076796700024715
6 296.55130638030369 280.0000380878659 0.26920780999989802
7 296.16435677203702 280.00004236138722 0.30772854099996039
8 295.80530500684262 280.00004632682527 0.34623953099981009
9 295.46987441645433 280.00005003135527 0.38483364900002925
10 295.1547486461829 280.00005351164759 0.42334640999979456
11 294.85730236363042 280.0000567966934 0.46196407000024919
12 294.57541936238073 280.00005990984459 0.50055214500025613
13 294.30736659798487 280.0000628702594 0.5391246469998805
14 294.05170493986736 280.0000656938268 0.57777433899991593
15 293.80722459684307 280.0000683939034 0.61640017599984276
16 293.57289749130427 280.00007098184551 0.65495762600039598
17 293.34784151461292 280.00007346739392 0.69356466000044747
18 293.13129326991884 280.00007585898533 0.73208268200050952
19 292.9225869841606 280.00007816396334 0.7707293009998466
20 292.7211379769592 280.00008038879992 0.8093136779998531
21 292.52642954511833 280.0000825391802 0.84804102799989778
22 292.3380024426238 280.00008462019991 0.88662311400003091
23 292.15544635734545 280.000086636378 0.92526603399983287
24 291.97839294191783 280.00008859178064 0.96386697500020091
25 291.80651006684877 280.00009049007929 1.0030835540001135
26 291.63949704460407 280.0000923345907 1.0421677350004757
27 291.47708063188134 280.00009412834271 1.0821790210002291
28 291.3190116608244 280.00009587408351 1.123722997999721
29 291.16506218270166 280.00009757432127 1.1682831380003336
30 291.01502303191609 280.00009923137344 1.2070588220003629
31 290.8687017374545 280.00010084736579 1.2457732539996869
32 290.72592072306082 280.00010242425714 1.2845959189999121
33 290.58651574885505 280.00010396386688 1.3232910799997626
34 290.45033455613049 280.0001054678703 1.3619780640001409
35 290.31723568386531 280.00010693783463 1.4007093199998053
36 290.1870874310722 280.00010837520921 1.4398575650002385
37 290.05976694369298 280.00010978136066 1.4786316339996119
38 289.93515940824142 280.00011115753642 1.5185553130004337
39 289.81315733741064 280.00011250494879 1.5572875070001828
40 289.69365993502521 280.00011382469472 1.5960257939996154
41 289.57657253000707 280.000115117826 1.6346646519996284
42 289.46180607025047 280.00011638532368 1.6733713760004321
43 289.34927666900603 280.0001176281113 1.7121219040000142
44 289.2389051971781 280.00011884707038 1.7507575839999845
45 289.1306169159223 280.00012004302511 1.7894687360003445
46 289.0243411450254 280.0001212167486 1.8281105630003367
47 288.92001096260805 280.00012236898402 1.8668557769997278
48 288.81756293285207 280.00012350043647 1.9055489069996838
49 288.71693685846623 280.0001246117659 1.9442751630003841
50 288.61807555530538 280.00012570360281 1.9830231900004947
51 288.52092464675098 280.00012677655025 2.0217293929999869
52 288.42543237567912 280.00012783117722 2.0609390460003851
53 288.33154943240527 280.00012886803603 2.1018697270001212
54 288.23922879678878 280.00012988763922 2.1405771810004808
55 288.14842559324131 280.00013089048093 2.1793471880000652
56 288.05909695726547 280.00013187703763 2.2180155770001875
57 287.97120191254055 280.00013284776446 2.2567568340000435
58 287.88470125742799 280.0001338030965 2.2954160039998897
59 287.79955746018925 280.00013474343814 2.3341406460003782
60 287.71573456191635 280.00013566918847 2.3728943500000241
61 287.63319808667546 280.00013658073703 2.411623523000344
62 287.55191495810624 280.000137478439 2.4502835270004653
63 287.47185342198662 280.00013836265521 2.4891184830003112
64 287.39298297421118 280.00013923370784 2.5277846330000102
65 287.31527429371067 280.00014009193194 2.5665437019997626
66 287.2386991799836 280.00014093763929 2.605245374000333
67 287.16323049476819 280.00014177112598 2.6439495459999307
68 287.08884210758038 280.00014259268141 2.682856430999891
69 287.01550884479173 280.00014340258224 2.7215965940004025
70 286.94320644197671 280.00014420110153 2.7602835260004213
71 286.871911499232 280.00014498849487 2.7990121250004449
72 286.80160143935086 280.00014576500678 2.8377043179998509
73 286.73225446850091 280.00014653088465 2.8764678139996249
74 286.66384953932288 280.00014728635858 2.9152013620005164
75 286.59636631619372 280.00014803164908 2.9539869420004834
76 286.52978514261667 280.00014876698185 2.9927116870003374
77 286.46408701040883 280.00014949255785 3.0314766940000482
78 286.39925353073482 280.0001502085974 3.0701875849999851
79 286.33526690674404 280.00015091527291 3.1089491539996743
80 286.27210990775018 280.00015161279293 3.1476497319999908
81 286.20976584485095 280.00015230132465 3.1864508850003403
82 286.14821854782889 280.000152981062 3.225150109000424
83 286.08745234336743 280.00015365217416 3.2639210540000931
84 286.02745203433903 280.00015431482444 3.3026683520001825
85 285.96820288027584 280.0001549691803 3.3414588280002135
86 285.90969057878567 280.00015561539425 3.3801782600003207
87 285.85190124793621 280.00015625362812 3.4189539959998001
88 285.79482140952604 280.00015688402493 3.4576829610005007
89 285.73843797323048 280.00015750673515 3.4964192170000388
90 285.68273822148586 280.00015812189042 3.5351778169997488
91 285.62770979513431 280.00015872963229 3.5739728240005206
92 285.57334067974904 280.00015933009644 3.6126938200004588
93 285.51961919263346 280.00015992340343 3.6529307350001545
94 285.46653397043514 280.00016050968333 3.691762149999704
95 285.4140739572876 280.0001610890593 3.7305657509996308
96 285.36222839356986 280.00016166164545 3.7693077880003329
97 285.31098680516379 280.00016222756642 3.808082170000489
98 285.26033899313734 280.0001627869338 3.8468044680003004
99 285.21027502398249 280.00016333984416 3.8856024960005016
100 285.16078522018518 280.0001638864166 3.9243355230000816
101 285.11186015134024 280.00016442675098 3.9631439679997129
102 285.06349062549566 280.00016496094992 4.0018842340004994
103 285.01566768099207 280.00016548911344 4.0406640330002119
104 284.96838257859594 280.00016601133592 4.0793825800001287
105 284.9216267939637 280.00016652771836 4.1181518579996919
106 284.87539201046241 280.00016703834331 4.1569296770003348
107 284.82967011219802 280.00016754330022 4.1957020279996868
108 284.78445317746338 280.00016804268239 4.2344508879996283
109 284.73973347230162 280.00016853657121 4.2732468330004849
110 284.69550344446333 280.00016902505268 4.3119677770000635
111 284.65175571750405 280.00016950821043 4.350735908000388
112 284.60848308519871 280.00016998612017 4.389463727000475
113 284.56567850608531 280.00017045886079 4.4282548279998082
114 284.52333509830015 280.00017092650432 4.4670224390001749
115 284.48144613460227 280.00017138913006 4.5058498950002104
116 284.44000503751136 280.00017184681133 4.5446039629996449
117 284.39900537473994 280.00017229962259 4.5834049080003751
118 284.35844085472428 280.00017274761944 4.6221777279997696
119 284.31830532235443 280.00017319088198 4.6610613829998329
120 284.27859275483098 280.00017362947654 4.6998153479999019
121 284.23929725772638 280.00017406346433 4.7386686899999404
122 284.20041306115957 280.00017449290448 4.7774231230005171
123 284.16193451606949 280.00017491786531 4.8176398819996393
124 284.12385609073095 280.0001753384077 4.856363846000022
125 284.08617236728372 280.000175754591 4.8951647909998428
126 284.04887803844076 280.00017616647642 4.933956517000297
127 284.01196790434165 280.00017657411763 4.9728288699998302
128 283.9754368694197 280.00017697757391 5.011541376000423
129 283.93927993947545 280.00017737689149 5.0504032070002722
130 283.90349221883059 280.00017777213787 5.0891576410003836
131 283.86806890752445 280.00017816335736 5.1279492630001187
132 283.83300529869575 280.00017855060537 5.1667616140002792
133 283.79829677596547 280.00017893393198 5.2055906329997015
134 283.76393881096561 280.00017931338164 5.2443367850000868
135 283.72992696095287 280.00017968901977 5.2831686159997844
136 283.696256866461 280.00018006087731 5.3219884680001996
137 283.66292424908193 280.000180429007 5.3609554579998075
138 283.62992490925706 280.0001807934529 5.3997057249998761
139 283.59725472423128 280.00018115426985 5.4387329250002949
140 283.56490964597123 280.00018151149243 5.4774933999997302
141 283.53288569925144 280.00018186516746 5.5163004389996786
142 283.5011789797187 280.00018221534481 5.5553513380000368
143 283.46978565207871 280.00018256205624 5.5960488890004854
144 283.43870194830981 280.00018290534575 5.6390632120001101
145 283.40792416594894 280.00018324526332 5.6779511380000258
146 283.37744866640537 280.00018358183684 5.7166981760001363
147 283.34727187338359 280.00018391511111 5.7555531850002808
148 283.31739027129862 280.00018424513217 5.7943432439997196
149 283.28780040376472 280.00018457192584 5.8332384619998265
150 283.25849887214724 280.00018489553815 5.8719948220004881
151 283.22948233411898 280.00018521599958 5.9108450390003782
152 283.20074750231265 280.00018553335241 5.9496385359998385
153 283.17229114298101 280.0001858476291 5.9884269289996155
154 283.14411007469766 280.00018615886466 6.0272329259996695
155 283.11620116709622 280.00018646709668 6.0661143939996691
156 283.08856133969232 280.00018677235391 6.104889608999656
157 283.06118756069145 280.00018707467177 6.1436724810000669
158 283.03407684581617 280.00018737408743 6.1824355600001581
159 283.00722625727127 280.0001876706321 6.2212785370002166
160 282.98063290259176 280.00018796432886 6.2600829720004185
161 282.95429393367039 280.00018825522022 6.2989325119997375
162 282.92820654569556 280.00018854333325 6.3377805410000292
163 282.90236797620133 280.00018882869864 6.3765748189998703
164 282.87677550411377 280.000189111346 6.4153514409999843
165 282.85142644882791 280.00018939130513 6.4550257910004802
166 282.82631816929774 280.00018966860222 6.4990921700000399
167 282.80144806317696 280.00018994327093 6.5465480539996861
168 282.77681356598691 280.00019021533979 6.5857846340004471
169 282.75241215027836 280.00019048482915 6.6247394359997998
170 282.7282413248347 280.00019075177755 6.666744412999833
171 282.70429863391712 280.000191016202 6.7056287980003617
172 282.68058165648438 280.00019127813505 6.7443944289998399
173 282.65708800550084 280.00019153760394 6.7832355310001731
174 282.63381532718637 280.00019179463055 6.8220531429997209
175 282.61076130034411 280.00019204924058 6.8610495620005167
176 282.58792363570717 280.00019230146472 6.9021455069996591
177 282.56530007525754 280.0001925513223 6.9410187459998269
178 282.54288839160466 280.00019279884043 6.9798270350001985
179 282.52068638738331 280.00019304404083 7.0186674599999606
180 282.4986918946247 280.00019328695157 7.0574568419997377
181 282.4769027741998 280.0001935275958 7.0962882040003024
182 282.45531691523377 280.00019376599641 7.1350554500004364
183 282.43393223458247 280.00019400216928 7.1739051459999246
184 282.41274667625362 280.00019423614606 7.2126473919997807
185 282.39175821091789 280.00019446794516 7.2514886500002831
186 282.37096483537982 280.00019469759036 7.2903128250000009
187 282.35036457210646 280.00019492510131 7.3291547609996996
188 282.32995546872149 280.00019515050434 7.3679427360002592
189 282.30973559754733 280.00019537381399 7.406836131000091
190 282.28970305515401 280.00019559505773 7.4456323370004611
191 282.26985596189508 280.00019581425153 7.484473022000202
192 282.25019246149191 280.00019603142056 7.523254278999957
193 282.23071072060264 280.00019624657602 7.5621413720000419
194 282.21140892842385 280.00019645974555 7.6009703899999295
195 282.19228529624985 280.00019667095012 7.6397880539998368
196 282.17333805714401 280.00019688020922 7.6786094170001888
197 282.15456546550837 280.00019708753348 7.7174559880004381
198 282.13596579672384 280.00019729295025 7.7562626620001538
199 282.11753734680121 280.00019749647771 7.795130534999771
200 282.09927843201467 280.0001976981323 7.8339400739996563
201 282.08118738855705 280.00019789793055 7.8728226359999098
202 282.06326257220661 280.00019809589838 7.9116388929996901
203 282.04550235802805 280.00019829204643 7.9504997359999834
204 282.02790513997297 280.00019848639135 7.9893373479999354
205 282.01046933066152 280.00019867895185 8.0281814190002478
206 281.99319336102764 280.00019886974906 8.066987156000323
207 281.97607568001376 280.00019905880225 8.1058305500000642
208 281.95911475431376 280.00019924611803 8.1446583180004382
209 281.94230906805785 280.00019943172543 8.1835585360004188
210 281.92565712254111 280.0001996156297 8.2223641689997748
211 281.9091574359951 280.00019979785361 8.2612566779998815
212 281.89280854325648 280.00019997841287 8.300080072000128
213 281.87660899555755 280.0002001573236 8.3389563310001904
214 281.86055736023775 280.00020033459919 8.3777944639996349
215 281.84465222054706 280.00020051025439 8.4166356699997777
216 281.82889217535552 280.00020068431434 8.455451771999833
217 281.81327583892653 280.00020085678148 8.4943755320000491
218 281.79780184071774 280.00020102768326 8.5331835599999977
219 281.78246882512525 280.00020119702134 8.5720506010002282
220 281.76727545127028 280.00020136482146 8.6108806089996506
221 281.75222039279328 280.00020153109199 8.6512050780002028
222 281.73730233761194 280.00020169585184 8.6901738400001705
223 281.72251998777301 280.00020185910864 8.7290532759998314
224 281.70787205918424 280.00020202088149 8.7678886490002697
225 281.69335728145774 280.00020218118766 8.8067776690004393
226 281.67897439770934 280.00020234003318 8.8455914260002828
227 281.66472216435773 280.00020249743676 8.8844610710002598
228 281.65059935095849 280.00020265341783 8.9232867560003797
229 281.63660473999181 280.00020280797116 8.96218332799981
230 281.62273712672504 280.00020296112791 9.0010217219996775
231 281.60899531900486 280.00020311289575 9.0398975119996976
232 281.59537813707476 280.00020326328672 9.0787269470001775
233 281.5818844134825 280.00020341231152 9.1175687260001723
234 281.56851299281362 280.00020355998998 9.1564036299996587
235 281.55526273160297 280.00020370632717 9.1953147340000214
236 281.54213249815336 280.00020385133882 9.2341235439998854
237 281.5291211723839 280.00020399503478 9.2730263659996126
238 281.51622764566423 280.00020413743641 9.3118525199997748
239 281.50345082069242 280.00020427854378 9.3507321120005145
240 281.49078961131721 280.00020441837586 9.3895914960003211
241 281.47824294243043 280.00020455694755 9.4284379110004011
242 281.4658097497902 280.00020469425954 9.4672615649997169
243 281.45348897991761 280.00020483033336 9.5061226670004544
244 281.44127958993442 280.00020496517516 9.5449972599999455
245 281.4291805474316 280.00020509879829 9.5838648730004934
246 281.41719083036412 280.00020523121378 9.6226833700002317
247 281.40530942690214 280.00020536243272 9.6616026510000665
248 281.39353533529754 280.00020549246636 9.7004791190001924
249 281.38186756378133 280.0002056213284 9.7395035059998918
250 281.37030513043857 280.00020574902567 9.7783900780004842
251 281.35884706306013 280.00020587556799 9.817290920999767
252 281.34749239906927 280.00020600097179 9.8560910329997569
253 281.33624018538632 280.00020612524304 9.8949726040000314
254 281.32508947830809 280.000206248393 9.9338096960000257
255 281.31403934339937 280.00020637042849 9.9727097060003871
256 281.30308885538835 280.00020649136638 10.011518983999849
257 281.29223709807354 280.00020661121158 10.050421181000274
258 281.28148316417872 280.00020672998028 10.089253117000226
259 281.27082615529355 280.00020684767878 10.128114115000244
260 281.26026518173819 280.00020696431966 10.167001415999948
261 281.2497993624865 280.00020707990222 10.205855748000431
262 281.23942782504412 280.00020719444967 10.244669296999746
263 281.22914970536164 280.00020730796319 10.283553524999661
264 281.21896414774875 280.00020742045547 10.322417491999659
265 281.20887030476945 280.00020753192928 10.361312865999935
266 281.19886733714975 280.00020764240594 10.40012985300018
267 281.18895441367687 280.00020775188489 10.439031738000267
268 281.17913071112906 280.00020786037737 10.477926538999782
269 281.16939541418031 280.00020796789823 10.516777953999735
270 281.15974771529721 280.00020807444781 10.555670202999863
271 281.1501868146799 280.00020818003782 10.594554379000328
272 281.14071192015081 280.00020828467888 10.633478816000206
273 281.13132224709403 280.00020838838009 10.672389450999617
274 281.1220170183521 280.00020849114782 10.711257220999869
275 281.1127954641621 280.00020859299372 10.75019431400051
276 281.10365682206719 280.00020869392 10.789045677000104
277 281.09460033684536 280.00020879394657 10.827966468999875
278 281.08562526041322 280.00020889306347 10.866806529000314
279 281.07673085177623 280.00020899129646 10.905676278000101
280 281.06791637693408 280.00020908864366 10.944516806999673
281 281.05918110880754 280.00020918511672 10.983421244000056
282 281.05052432718412 280.00020928072968 11.022251772000345
283 281.04194531862208 280.00020937547362 11.0611766789998
284 281.03344337638049 280.00020946937258 11.099968247999641
285 281.0250178003792 280.00020956242724 11.138852007000423
286 281.01666789707969 280.00020965464228 11.177662639999653
287 281.0083929794751 280.00020974603171 11.216540618000181
288 281.00019236697079 280.00020983660119 11.255434898000203
289 280.99206538534645 280.00020992635746 11.294330740999612
290 280.98401136668087 280.00021001530496 11.333261271999618
291 280.97602964929865 280.00021010345631 11.372111489000417
292 280.96811957768233 280.00021019081822 11.410938580999755
293 280.96028050244416 280.00021027739609 11.449859424000351
294 280.95251178021789 280.00021036319441 11.488672557000427
295 280.94481277364338 280.00021044822176 11.52757444100007
296 280.93718285128284 280.00021053248753 11.566453356999773
297 280.92962138756366 280.00021061599693 11.605335240999921
298 280.92212776271373 280.00021069875459 11.644131289999677
299 280.91470136270948 280.00021078077441 11.683018591000291
300 280.90734157922975 280.00021086205811 11.721994956999879
301 280.9000478095644 280.00021094261211 11.764008371000273
302 280.89281945660753 280.00021102244153 11.817330222999772
303 280.88565592874744 280.00021110155149 11.856732483999622
304 280.87855663985846 280.00021117996135 11.895726505999846
305 280.87152100922214 280.00021125766096 11.934701934000259
306 280.86454846147166 280.00021133466646 11.973600850000366
307 280.8576384265499 280.00021141098557 12.012468099000216
308 280.85079033966792 280.00021148661767 12.0512781059997
309 280.8440036412112 280.00021156156561 12.090209730999959
310 280.83727777672595 280.00021163584944 12.130073669000012
311 280.83061219687988 280.0002117094636 12.171597280999777
312 280.82400635735524 280.00021178242378 12.210929279999618
313 280.81745971887136 280.00021185472326 12.249836736999896
314 280.81097174706861 280.00021192637763 12.288658933000079
315 280.80454191251005 280.00021199739029 12.327585349000401
316 280.79816969060113 280.00021206776773 12.366486244000043
317 280.79185456158018 280.00021213751552 12.405392921000384
318 280.78559601042707 280.00021220663223 12.444243711000126
319 280.77939352684746 280.00021227513537 12.483230961999652
320 280.77324660520543 280.00021234302397 12.522080396999627
321 280.76715474451794 280.00021241030095 12.561008427999695
322 280.76111744836265 280.00021247698032 12.59989182299978
323 280.75513422486341 280.00021254305653 12.638791260000289
324 280.74920458662535 280.00021260854675 12.677676008999697
325 280.74332805073686 280.00021267344385 12.716609508999682
326 280.73750413865622 280.00021273776588 12.755532383000173
327 280.73173237623587 280.00021280150918 12.794448800000282
328 280.72601229364125 280.00021286468143 12.833292610000171
329 280.72034342532675 280.00021292728695 12.872183192000193
330 280.7147253099879 280.00021298933723 12.91105575399979
331 280.70915749053398 280.00021305082987 12.949961909000194
332 280.70363951401333 280.00021311176914 12.988881346000198
333 280.69817093162658 280.0002131721663 13.027784116000475
334 280.69275129863439 280.00021323202168 13.066660688000411
335 280.68738017436397 280.00021329134046 13.10561616799987
336 280.68205712213916 280.00021335013025 13.144466957000077
337 280.67678170926564 280.00021340839481 13.183402904999639
338 280.67155350696089 280.00021346613227 13.222322186000383
339 280.66637209034906 280.00021352335602 13.26127042600001
340 280.66123703843226 280.00021358006859 13.300123351000366
341 280.6561479340121 280.00021363627314 13.339078830999824
342 280.65110436368508 280.00021369197873 13.377981444999932
343 280.6461059177982 280.00021374718159 13.416889007000464
344 280.64115219042355 280.00021380189065 13.45573432800029
345 280.63624277930836 280.00021385611467 13.494730329000049
346 280.63137728584388 280.00021390984557 13.533607942000344
347 280.62655531504248 280.00021396310473 13.572507847999987
348 280.62177647550305 280.0002140158806 13.611385826000514
349 280.61704037934999 280.0002140681845 13.651185179000095
350 280.61234664223292 280.00021412002212 13.690147065000019
351 280.60769488329913 280.00021417139715 13.729151034999632
352 280.60308472511781 280.00021422230947 13.768021982000391
353 280.59851579368922 280.00021427277221 13.807059130000198
354 280.59398771839813 280.00021432277856 13.845964713000285
355 280.58950013197563 280.00021437234119 13.884872534999886
356 280.58505267049361 280.00021442145959 13.923786919999657
357 280.58064497329758 280.00021447014251 13.96274234700013
358 280.57627668298773 280.00021451838512 14.001636732000406
359 280.57194744542568 280.00021456619925 14.040600545000416
360 280.56765690965983 280.00021461358136 14.079440501000136
361 280.56340472788992 280.00021466054625 14.118351449000329
362 280.55919055550044 280.00021470708583 14.157343335000405
363 280.55501405095021 280.00021475321279 14.196227563000321
364 280.5508748758001 280.00021479892371 14.235145542000282
365 280.54677269466873 280.00021484422928 14.274024717999964
366 280.54270717521064 280.00021488913114 14.313023792000422
367 280.53867798806976 280.00021493362931 14.35201422099999
368 280.53468480685945 280.00021497772741 14.390895739999905
369 280.53072730814762 280.00021502143778 14.429824396000186
370 280.52680517142488 280.00021506475144 14.468723676999616
371 280.52291807906255 280.00021510768414 14.507632124000338
372 280.5190657163061 280.00021515022559 14.546631197999886
373 280.5152477712428 280.0002151923934 14.585560374999659
374 280.5114639347596 280.00021523418138 14.624421477999931
375 280.5077139005474 280.00021527560267 14.66338815600011
376 280.50399736504045 280.00021531664498 14.702254830999664
377 280.50031402743497 280.00021535732549 14.741186821000156
378 280.49666358962372 280.00021539764327 14.780060058999879
379 280.4930457561818 280.00021543759993 14.818998245999865
380 280.48946023435809 280.00021547719786 14.857917891999932
381 280.48590673403311 280.0002155164417 14.896853215000192
382 280.48238496769881 280.00021555533601 14.935709004999808
383 280.47889465045432 280.00021559388279 14.974648026000068
384 280.47543549995169 280.00021563208662 15.013536681000005
385 280.47200723637394 280.00021566994872 15.052468201000011
386 280.46860958245497 280.00021570747595 15.09139888899972
387 280.4652422633979 280.00021574466291 15.130684063999979
388 280.46190500690386 280.00021578152121 15.169601730000068
389 280.45859754310055 280.00021581805009 15.208490385000005
390 280.45531960456776 280.00021585425293 15.247378988000492
391 280.45207092628016 280.00021589012925 15.286351187000037
392 280.4488512456075 280.00021592568919 15.325290884999959
393 280.44566030227497 280.00021596092864 15.36420230099975
394 280.4424978383463 280.00021599585625 15.40310913400026
395 280.43936359821134 280.00021603046724 15.442043779000414
396 280.43625732858476 280.00021606477907 15.480976601999828
397 280.43317877841577 280.00021609877859 15.519887966000169
398 280.43012769894278 280.00021613248094 15.558760892000464
399 280.42710384362869 280.00021616587463 15.597781790000226
400 280.42410696816967 280.00021619896802 15.636657215000014
401 280.42113683043721 280.00021623177224 15.675619153000298
402 280.41819319050069 280.00021626428486 15.714560987000368
403 280.41527581057909 280.00021629650377 15.753498758000205
404 280.41238445502597 280.00021632843607 15.792405643000166
405 280.40951889032038 280.00021636008336 15.831422999000097
406 280.40667888503754 280.00021639144978 15.870320455999718
407 280.40386420983447 280.00021642253557 15.909419481000441
408 280.40107463744221 280.0002164533438 15.948268551000183
409 280.39830994260421 280.00021648387786 15.987237104000087
410 280.39556990213038 280.00021651413186 16.026344775000325
411 280.39285429480014 280.00021654412734 16.065281295999739
412 280.39016290139728 280.00021657385338 16.10420693099968
413 280.38749550468771 280.00021660331106 16.14316412900007
414 280.38485188936886 280.00021663250823 16.182058201000473
415 280.38223184207612 280.00021666144397 16.221027327000229
416 280.3796351513792 280.00021669012216 16.259906502999911
417 280.37706160773422 280.00021671854813 16.298851825999918
418 280.37451100348062 280.00021674671615 16.337831056000141
419 280.3719831328296 280.000216774634 16.376753149000251
420 280.36947779183549 280.00021680230122 16.415697379000449
421 280.36699477838607 280.00021682972653 16.454634472999714
422 280.36453389219758 280.00021685690461 16.493521201000476
423 280.36209493475815 280.00021688383953 16.532518451999749
424 280.35967770936969 280.0002169105357 16.571437784999944
425 280.35728202107953 280.00021693699244 16.610440245000063
426 280.3549076767053 280.00021696321778 16.649400360000072
427 280.35255448477074 280.00021698920563 16.688350317999721
428 280.35022225556168 280.00021701496087 16.72725355700004
429 280.34791080102616 280.00021704048936 16.766237163000369
430 280.34561993483021 280.00021706579105 16.805157849999887
431 280.34334947228956 280.0002170908632 16.84413806900011
432 280.34109923040199 280.00021711571515 16.883049590000155
433 280.33886902779324 280.00021714035046 16.922006787999635
434 280.33665868473491 280.00021716475959 16.960930756999915
435 280.33446802308725 280.00021718895493 16.999985665000168
436 280.33229686632495 280.00021721293132 17.041896421000274
437 280.33014503951233 280.0002172366946 17.088924847000271
438 280.32801236927412 280.00021726024977 17.128023506999853
439 280.32589868380052 280.0002172835932 17.167167063999841
440 280.3238038128178 280.00021730672785 17.208204518999992
441 280.32172758759458 280.00021732966161 17.250441428000158
442 280.31966984088564 280.00021735238886 17.289374771000439
443 280.31763040697325 280.00021737490835 17.328892034999626
444 280.31560912162541 280.00021739722956 17.367799180000475
445 280.31360582207304 280.00021741935785 17.407161387999622
446 280.31162034701015 280.00021744128634 17.447845136000069
447 280.30965253659173 280.000217463019 17.48687290900034
448 280.30770223239887 280.00021748455634 17.525796877000175
449 280.30576927742567 280.0002175059069 17.564839702999961
450 280.30385351609107 280.0002175270634 17.60373268100011
451 280.3019547941991 280.00021754803112 17.642737068000315
452 280.30007295895268 280.00021756881705 17.68176702799974
453 280.2982078589045 280.00021758941477 17.720707350999874
454 280.29635934399192 280.00021760983242 17.759622933999708
455 280.29452726546469 280.00021763006725 17.798687948000406
456 280.29271147595961 280.00021765011672 17.837613425999734
457 280.29091182937748 280.00021766999168 17.876611198999854
458 280.2891281809753 280.00021768969236 17.915523552000195
459 280.28736038728243 280.00021770921541 17.954453667000053
460 280.28560830613071 280.00021772856445 17.99341789600021
461 280.28387179662758 280.00021774774302 18.032381865999923
462 280.28215071913428 280.00021776675101 18.071302291999928
463 280.2804449352717 280.00021778558835 18.110335221999776
464 280.27875430789874 280.00021780426039 18.14925085699997
465 280.27707870111203 280.00021782276798 18.188215346999641
466 280.27541798022872 280.00021784110902 18.227117544000066
467 280.27377201175591 280.00021785928561 18.266088545000457
468 280.27214066343566 280.00021787730321 18.305048346999683
469 280.27052380415438 280.00021789515938 18.343996118000177
470 280.26892130400239 280.00021791286287 18.382915346999653
471 280.26733303422606 280.0002179304002 18.421929005000493
472 280.26575886723248 280.00021794778695 18.460824847999902
473 280.26419867655989 280.00021796501653 18.499893455000347
474 280.2626523369027 280.00021798209565 18.538853310000377
475 280.26111972406932 280.00021799902311 18.577827279000303
476 280.25960071497434 280.00021801580124 18.616745518000243
477 280.25809518764839 280.00021803242362 18.655835896999633
478 280.25660302121446 280.00021804890525 18.694729603999804
479 280.25512409587361 280.00021806523984 18.73374508500001
480 280.25365829290524 280.00021808142935 18.772611864999817
481 280.25220549465894 280.00021809747307 18.811632189000193
482 280.2507655845335 280.00021811337092 18.850552095000239
483 280.24933844698256 280.0002181291332 18.889515283000037
484 280.24792396747443 280.0002181447544 18.928446595999958
485 280.24652203253243 280.00021816024287 18.967414523000116
486 280.24513252969211 280.00021817558724 19.00634343999991
487 280.24375534747338 280.00021819079785 19.045385276000161
488 280.24239037543833 280.00021820587165 19.084287577000396
489 280.24103750409438 280.00021822081288 19.123301026999798
490 280.23969662496086 280.00021823562037 19.162561043999631
491 280.23836763053174 280.00021825029739 19.201506262999828
492 280.23705041425336 280.00021826484425 19.240425336000044
493 280.23574487052201 280.00021827926798 19.279384512999968
494 280.23445089470039 280.00021829355603 19.318366503999641
495 280.23316838307539 280.00021830772391 19.357398131000082
496 280.23189723286407 280.0002183217577 19.396301421999851
497 280.2306373422258 280.00021833567411 19.43531440300012
498 280.22938861020566 280.00021834946529 19.474246026999936
499 280.22815093677104 280.00021836313567 19.513220153000475
500 280.2269242227834 280.0002183766814 19.55218485200021
501 280.22570836998818 280.00021839010941 19.591160435999882
502 280.22450328102155 280.00021840341742 19.630065758000455
503 280.22330885938806 280.0002184166072 19.669075458000407
504 280.22212500946216 280.00021842968397 19.707978540000113
505 280.22095163646793 280.00021844264342 19.746963030999723
506 280.21978864647804 280.00021845548741 19.785891843000172
507 280.21863594642605 280.00021846822096 19.825050817000374
508 280.21749344405691 280.00021848083998 19.863993588000085
509 280.21636104796113 280.00021849333945 19.902957193000475
510 280.21523866754296 280.0002185057387 19.941875170999992
511 280.21412621301016 280.00021851802063 19.980886641999859
512 280.21302359539368 280.00021853020246 20.019775609000135
513 280.21193072651033 280.00021854227117 20.058769579
514 280.21084751896603 280.00021855423284 20.09768406800049
515 280.20977388616109 280.0002185660893 20.136641891999716
516 280.20870974227296 280.00021857784373 20.175598568999703
517 280.20765500222785 280.00021858949151 20.214569308999671
518 280.20660958173551 280.00021860104107 20.253497757000332
519 280.20557339726253 280.00021861248405 20.292484071000217
520 280.20454636601869 280.00021862382755 20.331421060000139
521 280.20352840594342 280.00021863506686 20.370429769999646
522 280.20251943574573 280.00021864620845 20.409301446000427
523 280.20151937482575 280.000218657255 20.448232550000284
524 280.20052814332684 280.00021866820174 20.487247562000448
525 280.1995456621155 280.00021867905326 20.526239865000207
526 280.19857185274918 280.00021868980605 20.565176646000509
527 280.19760663750327 280.00021870046623 20.604178221000438
528 280.19664993933714 280.00021871103257 20.643094064000252
529 280.19570168192041 280.00021872150705 20.68215261899968
530 280.19476178959161 280.0002187318841 20.721080962000087
531 280.1938301873692 280.00021874217077 20.760049411000182
532 280.1929068009465 280.00021875237297 20.798976817000039
533 280.19199155669128 280.0002187624828 20.838003652000225
534 280.19108438162033 280.00021877250117 20.876940015999935
535 280.19018520340956 280.00021878243228 20.915952944999844
536 280.18929395038475 280.00021879227211 20.95494290500028
537 280.18841055151194 280.00021880202826 20.993976355000086
538 280.18753493640048 280.00021881169567 21.032892719000301
539 280.18666703527896 280.0002188212851 21.071833197999695
540 280.18580677900673 280.00021883078472 21.110828887000025
541 280.18495409907848 280.0002188402018 21.149805148000269
542 280.18410892757385 280.0002188495335 21.189140688000407
543 280.18327119721243 280.00021885878533 21.228110752000248
544 280.18244084130072 280.00021886795582 21.26706940799977
545 280.18161779373554 280.00021887704514 21.306136713000342
546 280.18080198902851 280.0002188860571 21.345104433000415
547 280.17999336225972 280.00021889499158 21.384042098999998
548 280.17919184910227 280.00021890384323 21.422997317999943
549 280.1783973858042 280.00021891261667 21.461974724999891
550 280.17760990917634 280.00021892131429 21.500881558000401
551 280.17682935661469 280.0002189299359 21.539860996000243
552 280.17605566605408 280.00021893848361 21.578819184000167
553 280.17528877599784 280.00021894695425 21.617849508999825
554 280.17452862551551 280.00021895534559 21.656776134000211
555 280.17377515419395 280.00021896366741 21.69578260399976
556 280.17302830217955 280.0002189719122 21.734761053000511
557 280.17228801015568 280.00021898008936 21.77377043999968
558 280.17155421933211 280.00021898819472 21.812664408000273
559 280.17082687144949 280.00021899622755 21.851672439999675
560 280.17010590876714 280.0002190041933 21.890622554999936
561 280.16939127406238 280.00021901208464 21.929648608999742
562 280.1686829106319 280.00021901990351 21.968563983999957
563 280.16798076227485 280.00021902766116 22.007557171999906
564 280.16728477329599 280.00021903534707 22.046528746000149
565 280.16659488851008 280.00021904296756 22.085499538000477
566 280.16591105319998 280.00021905052068 22.124451216000125
567 280.16523321316686 280.00021905800565 22.163455341999907
568 280.16456131467919 280.00021906542639 22.202393425999617
569 280.16389530451107 280.00021907278199 22.241411197999696
570 280.16323512988401 280.00021908007346 22.280427825000515
571 280.16258073850997 280.00021908730292 22.325544123000327
572 280.16193207857674 280.00021909446502 22.367613319999691
573 280.16128909871168 280.00021910157034 22.406759012000293
574 280.16065174802793 280.00021910860465 22.445723138000176
575 280.16001997608015 280.00021911558287 22.484902477000105
576 280.15939373289092 280.00021912249508 22.523816445000193
577 280.15877296890693 280.00021912935506 22.562883646000046
578 280.15815763504423 280.00021913614887 22.60179740500007
579 280.15754768264196 280.00021914288288 22.640731946999949
580 280.15694306348314 280.00021914956216 22.679858159000105
581 280.15634372978951 280.0002191561851 22.719396882000183
582 280.15574963419107 280.00021916274812 22.758447832000456
583 280.15516072976419 280.00021916924879 22.797416227999747
584 280.15457696998885 280.00021917569796 22.836290924999957
585 280.15399830877726 280.00021918208569 22.875274478000392
586 280.15342470044249 280.00021918842288 22.914239540999915
587 280.15285609972614 280.00021919470134 22.953211427000497
588 280.1522924617521 280.00021920092701 22.992146542000228
589 280.1517337420579 280.00021920709872 23.031123949000175
590 280.15117989657818 280.00021921321803 23.070101981000334
591 280.15063088164305 280.00021921927976 23.109038292999685
592 280.1500866539804 280.00021922528947 23.147947678000492
593 280.14954717070503 280.00021923124973 23.186967116999767
594 280.14901238929394 280.0002192371519 23.225903534000281
595 280.14848226763974 280.0002192430054 23.264860731999761
596 280.1479567639912 280.00021924881338 23.303898557000139
597 280.14743583697322 280.00021925456861 23.342928101000325
598 280.14691944559314 280.00021926026989 23.381867486000374
599 280.14640754921425 280.00021926592001 23.42082254900015
600 280.14590010756962 280.00021927152829 23.459768079999776
601 280.1453970807471 280.00021927708087 23.498756842000148
602 280.14489842920676 280.00021928258786 23.537679871999899
603 280.14440411374778 280.00021928804841 23.576631132999864
604 280.14391409553241 280.00021929346042 23.615572654000061
605 280.14342833606014 280.00021929882462 23.654532352000388
606 280.14294679717557 280.00021930413931 23.694542907999676
607 280.14246944108294 280.00021930941682 23.733534429999963
608 280.14199623031078 280.00021931464249 23.772497930999634
609 280.14152712772528 280.00021931982474 23.811493203000282
610 280.14106209653232 280.00021932495861 23.850421234000351
611 280.14060110025224 280.00021933004933 23.889389056999789
612 280.14014410275638 280.0002193350935 23.928341931999967
613 280.13969106821656 280.00021934009948 23.967289754999911
614 280.13924196114129 280.00021934505827 24.006219453000085
615 280.13879674634518 280.00021934997591 24.045185766000031
616 280.13835538896842 280.00021935484853 24.084079682000265
617 280.13791785447097 280.00021935968317 24.123047349000444
618 280.13748410859597 280.00021936447439 24.161989025999901
619 280.13705411741694 280.00021936922263 24.200984297999639
620 280.13662784730548 280.00021937393262 24.239901547000045
621 280.13620526493889 280.00021937860083 24.278906350999932
622 280.13578633727747 280.00021938322578 24.317873029000111
623 280.13537103160326 280.00021938781356 24.356875123999998
624 280.13495931546424 280.00021939235643 24.395817685999646
625 280.13455115671957 280.00021939686189 24.434831292000126
626 280.13414652350798 280.00021940133189 24.473746665999897
627 280.13374538425359 280.0002194057646 24.512680843000453
628 280.13334770766971 280.00021941015467 24.551619447000121
629 280.13295346274157 280.00021941450819 24.590640448999693
630 280.13256261873369 280.00021941882744 24.629549260999738
631 280.13217514520517 280.00021942310616 24.668532241000321
632 280.13179101195749 280.00021942734929 24.707490429000245
633 280.13141018908487 280.0002194315561 24.74648825300028
634 280.13103264694439 280.0002194357221 24.785447014000056
635 280.13065835615117 280.00021943985871 24.824436036000407
636 280.13028728759559 280.00021944395502 24.863359222999861
637 280.12991941241478 280.00021944801949 24.902348870000424
638 280.12955470202473 280.00021945204583 24.94131236999965
639 280.12919312808128 280.00021945604016 24.980298319000212
640 280.12883466250219 280.0002194599976 25.019229266999901
641 280.12847927745912 280.00021946392218 25.058228288999999
642 280.12812694536029 280.00021946781197 25.09714642400013
643 280.12777763887283 280.00021947166914 25.13608356900022
644 280.12743133090072 280.00021947549618 25.175017382000078
645 280.12708799461109 280.0002194792865 25.214018851999754
646 280.12674760337865 280.00021948305022 25.252972143999614
647 280.12641013084851 280.00021948677244 25.29197423900041
648 280.12607555088522 280.00021949046777 25.330909977999909
649 280.12574383758391 280.0002194941319 25.369904365000366
650 280.12541496528956 280.00021949776624 25.408857551999972
651 280.125088908566 280.00021950136545 25.447795219
652 280.1247656422085 280.00021950493408 25.486735854000472
653 280.12444514122029 280.00021950847662 25.525726959999702
654 280.12412738086499 280.00021951198477 25.564660564000405
655 280.12381233659119 280.00021951546552 25.603645940000206
656 280.12349998409331 280.00021951891102 25.642595117000383
657 280.12319029927238 280.00021952233391 25.681584764000036
658 280.12288325824511 280.00021952572428 25.720536753000488
659 280.12257883735009 280.00021952908412 25.759528743999908
660 280.12227701313174 280.00021953241725 25.79847984800017
661 280.12197776234575 280.00021953572656 25.837589550000303
662 280.12168106194781 280.00021953899886 25.876508674999968
663 280.12138688913132 280.00021954225019 25.915498582000509
664 280.1210952212457 280.00021954547071 25.954448436000348
665 280.12080603588447 280.00021954866605 25.993456365000384
666 280.1205193108209 280.00021955183473 26.032370281000112
667 280.1202350240377 280.00021955496987 26.071378053000444
668 280.11995315371064 280.00021955808631 26.110317126000155
669 280.119673678212 280.0002195611745 26.149307710000357
670 280.11939657611288 280.00021956423166 26.188256262999857
671 280.1191218261614 280.00021956726857 26.227265180999893
672 280.11884940731511 280.0002195702757 26.266256234000139
673 280.11857929869717 280.00021957325612 26.305258954000237
674 280.11831147965864 280.00021957621544 26.344191776999651
675 280.11804592968355 280.00021957914788 26.383166788000381
676 280.11778262847986 280.00021958205474 26.422097683000175
677 280.11752155591438 280.00021958494153 26.461087485999997
678 280.11726269205724 280.00021958780354 26.500148957999954
679 280.1170060171325 280.00021959063537 26.539195794000079
680 280.11675151155089 280.0002195934469 26.578195596999649
681 280.11649915591522 280.00021959623342 26.617160816000251
682 280.11624893097235 280.00021959899829 26.656081502999768
683 280.11600081765692 280.00021960173564 26.695118286999787
684 280.11575479708495 280.00021960445366 26.734106892000455
685 280.11551085052491 280.0002196071452 26.773114038999665
686 280.11526895942512 280.0002196098194 26.812022746999901
687 280.11502910538843 280.00021961246716 26.851077186999646
688 280.11479127019686 280.00021961509543 26.892028440999638
689 280.11455543577489 280.00021961769994 26.93178576199989
690 280.11432158424077 280.00021962028484 26.971131250000326
691 280.11408969784003 280.00021962284535 27.010222982999949
692 280.1138597589989 280.00021962538329 27.049226432000069
693 280.11363175028947 280.00021962790373 27.088214880999658
694 280.11340565445192 280.00021963039865 27.127167913000449
695 280.11318145436792 280.00021963287588 27.166269801999988
696 280.11295913308214 280.00021963532998 27.205229082999722
697 280.11273867379316 280.00021963776317 27.244597541000076
698 280.11252005983272 280.00021964017998 27.283544322000125
699 280.11230327470196 280.00021964257274 27.322651159000088
700 280.11208830204214 280.00021964495176 27.361700964000192
701 280.11187512564936 280.00021964730598 27.40064722399984
702 280.11166372944467 280.00021964963605 27.439616974999808
703 280.11145409751833 280.00021965195731 27.478645789000439
704 280.11124621407089 280.00021965424702 27.51763574800043
705 280.11104006349348 280.00021965652701 27.557083010000497
706 280.11083563025915 280.00021965878483 27.597577014000308
707 280.11063289902938 280.00021966102742 27.649226900000031
708 280.1104318545747 280.00021966324056 27.688238319000448
709 280.11023248182045 280.0002196654425 27.727399323999634
710 280.11003476579543 280.00021966762904 27.766562152000006
711 280.10983869170741 280.00021966979733 27.805604612000025
712 280.10964424486355 280.0002196719405 27.844554987000265
713 280.10945141072108 280.00021967407145 27.883621666999716
714 280.10926017484422 280.00021967618346 27.922593449000487
715 280.10907052295676 280.00021967827695 27.961906280000221
716 280.10888244089307 280.00021968035537 28.001214476000314
717 280.10869591460875 280.00021968241538 28.040273395999975
718 280.1085109302096 280.00021968445816 28.079287886999737
719 280.10832747389537 280.00021968648485 28.118320608000431
720 280.10814553200737 280.00021968849552 28.157323899999938
721 280.10796509102647 280.00021969048504 28.196402872000363
722 280.10778613750375 280.00021969246006 28.235374341999886
723 280.10760865816565 280.00021969442201 28.274477637000018
724 280.10743263982192 280.0002196963643 28.313476033999905
725 280.10725806942111 280.00021969829373 28.352522504999797
726 280.1070849340058 280.00021970020362 28.391557570000259
727 280.10691322076849 280.00021970210184 28.430573206999725
728 280.10674291698399 280.00021970398257 28.469548582000243
729 280.10657401006313 280.00021970584373 28.508587293000346
730 280.10640648751132 280.00021970769558 28.547599024000192
731 280.10624033696377 280.00021970953185 28.586681537000004
732 280.10607554615967 280.00021971135214 28.625669568999911
733 280.10591210294331 280.00021971315743 28.664762239000083
734 280.1057499952733 280.00021971494641 28.703788761999931
735 280.10558921121361 280.0002197167214 28.742840025000078
736 280.10542973893888 280.00021971848105 28.78185435999967
737 280.10527156672265 280.0002197202291 28.820890830999815
738 280.10511468295425 280.00021972196697 28.859839747000478
739 280.10495907611187 280.00021972368143 28.898891427000308
740 280.10480473479788 280.00021972538536 28.937888209000448
741 280.10465164769761 280.00021972707799 28.976957857999878
742 280.10449980361096 280.00021972875527 29.015969744999893
743 280.10434919142318 280.00021973041669 29.055001267999614
744 280.10419980013688 280.00021973206663 29.09396008099975
745 280.10405161884972 280.00021973370133 29.132988530000148
746 280.10390463673701 280.00021973532932 29.171967240000413
747 280.10375884309497 280.00021973693691 29.211028190000434
748 280.10361422731722 280.00021973853484 29.250314926999636
749 280.10347077887457 280.00021974011821 29.289374887999656
750 280.10332848732992 280.00021974169226 29.328413963000457
751 280.10318734237023 280.00021974325193 29.367489080999803
752 280.10304733374096 280.0002197447925 29.406478155000514
753 280.10290845129077 280.00021974633296 29.445540824000091
754 280.10277068497987 280.00021974785449 29.484541408000041
755 280.10263402482423 280.00021974936209 29.523647412000173
756 280.10249846095149 280.00021975086139 29.562697893999939
757 280.10236398357279 280.00021975234517 29.601734468999894
758 280.10223058299283 280.00021975382003 29.640838180999708
759 280.10209824957923 280.00021975528165 29.683096652999666
760 280.10196697382116 280.00021975672627 29.722100154000145
761 280.1018367462645 280.00021975816941 29.761220012000194
762 280.10170755756235 280.0002197595955 29.800191065000035
763 280.10157939842696 280.00021976101061 29.839262327999677
764 280.10145225967671 280.00021976241368 29.878243225000006
765 280.10132613219076 280.00021976380498 29.917272352000509
766 280.10120100695985 280.00021976518934 29.9562908529997
767 280.10107687502648 280.00021976656075 29.995380606999788
768 280.10095372751994 280.00021976792323 30.034379419999823
769 280.10083155566366 280.00021976926809 30.073452141999951
770 280.10071035075146 280.00021977060948 30.112402933999874
771 280.10059010414801 280.00021977193734 30.151520708999669
772 280.1004708072935 280.00021977325275 30.190549158000067
773 280.10035245173026 280.00021977456277 30.229572295000253
774 280.10023502904312 280.00021977585612 30.268581942999845
775 280.10011853091498 280.00021977714113 30.307628987000498
776 280.10000294909378 280.00021977842169 30.346626133999962
777 280.099888275404 280.00021977968782 30.385712762000367
778 280.09977450174495 280.00021978094617 30.42472037799962
779 280.09966162008925 280.00021978218825 30.463839246000134
780 280.099549622469 280.00021978342818 30.502879519000089
781 280.09943850101388 280.0002197846535 30.541958022000472
782 280.09932824788979 280.00021978586739 30.580995274999623
783 280.09921885536437 280.00021978708031 30.620002370000293
784 280.09911031576712 280.00021978827721 30.659044465999614
785 280.09900262145908 280.00021978946722 30.698156510999979
786 280.09889576493867 280.00021979064758 30.737150637000013
787 280.09878973871474 280.00021979181651 30.776233358999889
788 280.09868453538365 280.00021979298054 30.815189568000278
789 280.09858014761619 280.00021979412946 30.854273226999794
790 280.09847656812883 280.00021979527685 30.893321624999771
791 280.09837378973106 280.00021979641008 30.932355179000297
792 280.09827180525372 280.00021979753853 30.971361492999677
793 280.09817060764288 280.00021979865795 31.010458902999744
794 280.0980701898734 280.00021979976481 31.049467560000267
795 280.09797054499677 280.00021980086404 31.088546220000353
796 280.09787166611136 280.00021980195459 31.127532272999815
797 280.09777354640585 280.00021980304041 31.166644631000054
798 280.0976761790991 280.00021980411515 31.205649069000174
799 280.0975795574987 280.00021980518488 31.244710437000322
800 280.09748367495166 280.00021980624518 31.28398555900003
801 280.09738852487067 280.00021980729542 31.323059999000179
802 280.0972941007239 280.00021980833486 31.362062719000278
803 280.09720039605151 280.00021980937623 31.401142992999667
804 280.09710740443813 280.00021981040152 31.440166495000085
805 280.0970151195346 280.0002198114185 31.479254373000003
806 280.09692353504499 280.00021981243083 31.518304907000129
807 280.09683264471442 280.00021981343372 31.557354347
808 280.09674244237789 280.00021981442967 31.596342638999886
809 280.09665292189607 280.00021981541971 31.635412548000204
810 280.09656407720109 280.00021981640089 31.674426362000304
811 280.09647590227166 280.00021981737382 31.713551116000417
812 280.09638839113433 280.00021981834277 31.752560764000009
813 280.09630153789305 280.00021981929837 31.791714164000041
814 280.09621533667541 280.00021982024583 31.830828969999857
815 280.0961297816865 280.00021982119233 31.869937422000476
816 280.09604486716017 280.00021982213508 31.908958007000365
817 280.09596058741209 280.0002198230643 31.948022655000386
818 280.09587693677378 280.00021982398709 31.987071366000237
819 280.0957939096408 280.00021982490688 32.026177161000305
820 280.09571150048146 280.00021982581569 32.065233631999945
821 280.09562970378022 280.00021982671922 32.104247655000108
822 280.09554851409649 280.00021982761405 32.143309594999664
823 280.09546792601463 280.00021982850575 32.18239695200009
824 280.09538793418949 280.00021982939285 32.221389307000209
825 280.09530853332194 280.00021983026227 32.260466665000422
826 280.09522971813385 280.00021983113828 32.299464124000224
827 280.09515148342643 280.00021983199889 32.338581064999744
828 280.09507382403228 280.00021983285666 32.37754357599988
829 280.09499673483782 280.00021983371192 32.416571036000278
830 280.09492021076318 280.00021983455576 32.455595266999808
831 280.09484424678266 280.00021983539807 32.494654758999786
832 280.09476883792388 280.00021983622509 32.533653000000413
833 280.09469397923323 280.00021983705199 32.572999113000151
834 280.09461966583314 280.00021983787349 32.611943759000496
835 280.09454589286173 280.00021983868805 32.651031585000055
836 280.09447265552075 280.00021983949682 32.690170715000022
837 280.09439994905 280.00021984029968 32.729227810999873
838 280.09432776872239 280.00021984109719 32.768287459000021
839 280.0942561098654 280.00021984189027 32.807345545000317
840 280.09418496783235 280.00021984267727 32.846637229999942
841 280.0941143380457 280.00021984345881 32.886646744000245
842 280.09404421594644 280.00021984422625 32.931095631000062
843 280.09397459701586 280.00021984500097 32.971678386999884
844 280.09390547679277 280.00021984576392 33.010722619000262
845 280.09383685084032 280.00021984652255 33.049954093999986
846 280.09376871476434 280.00021984727351 33.089009262999753
847 280.09370106421096 280.000219848021 33.128057713000089
848 280.0936338948772 280.00021984876167 33.167112152999835
849 280.09356720247632 280.00021984950018 33.206197167000028
850 280.09350098277713 280.00021985023108 33.245227751999664
851 280.09343523158373 280.00021985095799 33.287364450000496
852 280.09336994472494 280.00021985167263 33.326479776999804
853 280.09330511809395 280.00021985239266 33.365558227999827
854 280.09324074759337 280.00021985310241 33.404566365000392
855 280.09317682916941 280.0002198538096 33.443619085999671
856 280.09311335881949 280.00021985450968 33.482679984000242
857 280.09305033255248 280.00021985520669 33.521696611000152
858 280.09298774643645 280.00021985589734 33.560697664000145
859 280.09292559656996 280.00021985658333 33.599871012999756
860 280.09286387906741 280.00021985726642 33.638866129000235
861 280.09280259009915 280.00021985794257 33.677912912000465
862 280.09274172585742 280.00021985861605 33.716978446000212
863 280.09268128257651 280.00021985928095 33.756022624999787
864 280.09262125652907 280.00021985994584 33.795109878999938
865 280.09256164400438 280.0002198605996 33.834184215000278
866 280.09250244134211 280.00021986125671 33.87318818499989
867 280.09244364490132 280.0002198619037 33.912279240000316
868 280.09238525107486 280.0002198625503 33.95128008499978
869 280.09232725630665 280.00021986318939 33.990370880000228
870 280.09226965704966 280.00021986382671 34.029414018000352
871 280.09221244979113 280.00021986445762 34.068426165000346
872 280.09215563106812 280.00021986508563 34.107495344999734
873 280.09209919742756 280.00021986571124 34.146944690000055
874 280.09204314546207 280.0002198663251 34.185988244000328
875 280.091987471783 280.00021986694196 34.225087996999719
876 280.09193217305028 280.00021986755405 34.264072955999836
877 280.09187724592783 280.00021986815875 34.303152135999881
878 280.09182268713005 280.0002198687622 34.342246160999821
879 280.09176849339292 280.00021986936071 34.381310808999842
880 280.09171466148655 280.0002198699566 34.420343998000135
881 280.09166118820048 280.00021987054447 34.45940885500022
882 280.09160807035778 280.00021987113115 34.498671946000286
883 280.09155530481326 280.00021987171078 34.537768834999952
884 280.09150288845007 280.00021987229258 34.576821190999908
885 280.09145081817883 280.00021987286897 34.61594511200019
886 280.09139909093028 280.00021987343922 34.654985385000145
887 280.09134770367115 280.00021987400896 34.694068992000211
888 280.09129665339242 280.0002198745683 34.733145568000509
889 280.09124593711061 280.00021987513173 34.7721603709997
890 280.09119555187289 280.00021987568664 34.811186060999717
891 280.0911454947468 280.00021987624183 34.850316908999957
892 280.09109576283834 280.00021987679054 34.889322285000162
893 280.0910463532594 280.00021987733396 34.928346828000031
894 280.09099726316771 280.00021987787943 34.967391215999669
895 280.09094848973342 280.00021987842007 35.006509355000162
896 280.09090003015922 280.00021987895354 35.045565878000161
897 280.09085188166853 280.00021987948458 35.084577243999775
898 280.09080404151564 280.00021988001021 35.123605849999876
899 280.09075650696872 280.00021988053624 35.162700812000367
900 280.09070927533469 280.00021988106135 35.201714574000107
901 280.09066234393293 280.00021988158045 35.24075812800038
902 280.09061571010744 280.00021988209204 35.279786213000079
903 280.09056937123682 280.00021988260778 35.319268215000193
904 280.0905233247106 280.00021988311158 35.358355989000302
905 280.09047756794706 280.0002198836184 35.397460533999947
906 280.09043209838819 280.00021988412152 35.436447629000213
907 280.09038691349974 280.00021988461867 35.475523736000468
908 280.09034201076958 280.00021988511634 35.514535362000061
909 280.09029738770312 280.0002198856082 35.553650429000299
910 280.09025304183194 280.00021988609677 35.592644190000101
911 280.09020897071224 280.0002198865854 35.631743162000021
912 280.09016517192293 280.00021988706999 35.67079968500002
913 280.09012164305693 280.00021988754861 35.709892095000214
914 280.09007838173198 280.00021988802791 35.748885492000227
915 280.09003538559307 280.00021988849812 35.78795081699991
916 280.0899926522967 280.00021988897072 35.827017028000228
917 280.08995017952924 280.00021988944422 35.866118292000465
918 280.08990796499717 280.0002198899092 35.905147106000186
919 280.08986600641373 280.00021989037197 35.944187535999845
920 280.08982430153594 280.00021989083547 35.983237704999738
921 280.08978284811042 280.00021989129198 36.022333656000228
922 280.08974164394596 280.00021989174405 36.061358875999758
923 280.08970068682345 280.00021989219948 36.100422952000372
924 280.08965997457943 280.00021989264616 36.139475672999652
925 280.08961950505932 280.00021989309568 36.178619072999936
926 280.08957927611789 280.00021989353911 36.217649606000123
927 280.08953928564091 280.00021989398164 36.256723422000505
928 280.08949953153558 280.00021989441677 36.295777444999658
929 280.08946001170909 280.00021989485725 36.334851104000336
930 280.08942072411037 280.00021989528562 36.373904502000187
931 280.08938166669049 280.00021989571911 36.413038267000047
932 280.08934283742207 280.00021989614902 36.452009943999656
933 280.08930423430405 280.00021989657671 36.491119021000486
934 280.08926585535431 280.00021989699843 36.530117782000161
935 280.08922769858083 280.00021989741668 36.569183941000119
936 280.08918976204848 280.00021989783983 36.608234475000245
937 280.0891520438193 280.00021989825404 36.647347093000462
938 280.08911454197062 280.00021989867037 36.68638116800048
939 280.08907725460557 280.00021989908282 36.725475244000336
940 280.08904017983372 280.00021989949141 36.764468119999947
941 280.08900331579378 280.00021989989813 36.803601520000484
942 280.0889666606277 280.00021990030365 36.842604188000223
943 280.08893021251157 280.00021990070223 36.881687013999908
944 280.08889396961973 280.00021990110679 36.920748798000204
945 280.08885793015781 280.00021990150032 36.959811257999718
946 280.08882209232985 280.00021990189782 36.998821582999881
947 280.08878645437841 280.0002199022943 37.037923732000309
948 280.08875101454475 280.00021990268692 37.07705447599983
949 280.08871577109647 280.00021990307545 37.116228449999653
950 280.08868072230126 280.00021990345959 37.155260337000072
951 280.08864586645694 280.00021990384585 37.194346340000266
952 280.08861120188106 280.00021990422789 37.233401509000032
953 280.0885767268843 280.00021990461198 37.272443761000432
954 280.08854243981619 280.000219904988 37.311751123000249
955 280.08850833902085 280.00021990536214 37.350885253000342
956 280.08847442287504 280.00021990573816 37.389940525999918
957 280.08844068975321 280.00021990611089 37.429083770000034
958 280.08840713806205 280.0002199064844 37.468048833000466
959 280.08837376621028 280.00021990684678 37.507118429000002
960 280.08834057262453 280.00021990721393 37.546189847999813
961 280.08830755574388 280.00021990757853 37.585250746999918
962 280.08827471401924 280.00021990794232 37.624221850999675
963 280.08824204592355 280.00021990830453 37.663408794000134
964 280.08820954994462 280.00021990866088 37.702710896000099
965 280.08817722455984 280.00021990902366 37.741831899999852
966 280.08814506829884 280.00021990937563 37.780889829999978
967 280.08811307966789 280.00021990972687 37.81994770700021
968 280.08808125720731 280.00021991008072 37.85902490799981
969 280.08804959947253 280.000219910434 37.898084608000318
970 280.08801810501541 280.00021991077915 37.937104724000164
971 280.08798677241845 280.00021991112237 37.976202707000084
972 280.08795560025737 280.00021991147059 38.015217823000057
973 280.08792458714834 280.00021991180938 38.054328305999661
974 280.08789373168787 280.00021991215635 38.093313524999758
975 280.08786303252037 280.00021991249292 38.132734536000498
976 280.08783248826188 280.0002199128333 38.172988950999752
977 280.08780209757083 280.00021991316413 38.217975819000458
978 280.08777185911379 280.00021991349729 38.257148595000217
979 280.08774177155613 280.00021991383392 38.296221577000324
980 280.08771183358562 280.00021991416128 38.335444614999687
981 280.08768204391072 280.00021991449012 38.374586087999887
982 280.08765240121511 280.00021991481719 38.413601463999839
983 280.08762290424255 280.00021991514484 38.452655123000113
984 280.08759355171401 280.00021991547061 38.491711489999943
985 280.08756434237182 280.00021991579172 38.530846869000015
986 280.08753527497601 280.000219916113 38.571077065000281
987 280.08750634829158 280.00021991643411 38.610192131000076
988 280.08747756109335 280.00021991675305 38.64922500800003
989 280.08744891216332 280.00021991706865 38.688365283000167
990 280.08742040031484 280.00021991738072 38.727375919999758
991 280.08739202433651 280.00021991769722 38.76644723499976
992 280.08736378306628 280.00021991800674 38.805493288999969
993 280.08733567533079 280.00021991832023 38.844508873999985
994 280.08730769996635 280.00021991862883 38.883555604999856
995 280.08727985582192 280.00021991893203 38.922646609000367
996 280.08725214176843 280.00021991923722 38.961689693999688
997 280.08722455666833 280.00021991954736 39.0008428860001
998 280.08719709941323 280.00021991984823 39.039802168000278
999 280.08716976888434 280.0002199201499 39.078843795000466
1000 280.08714256398861 280.00021992045089 39.117899484000191
