iterat. internal-T external-T elapsed-time
0 300 280 0.02998355499948957
1 299.19999999999868 280.0000088353122 0.06311832899973524
2 298.52813741741454 280.00001625546093 0.092873650000001362
3 297.94710600452311 280.00002267245816 0.122776475000137
4 297.43349718286157 280.0000283448249 0.1526760179995108
5 296.97180041472296 280.00003344386818 0.18247555800007831
6 296.55130638030414 280.00003808786539 0.2124421339995024
7 296.16435677203174 280.00004236139267 0.24227651999990485
8 295.80530500684097 280.0000463268168 0.27219710499957728
9 295.46987441645211 280.0000500313563 0.30206581399943389
10 295.15474864618409 280.00005351165129 0.33209311999962665
11 294.8573023636298 280.00005679669266 0.36196516299969517
12 294.57541936238187 280.00005990984721 0.39196054199965147
13 294.30736659798703 280.00006287025985 0.42200149400014197
14 294.05170493986572 280.00006569382515 0.45191984000030061
15 293.80722459684267 280.00006839390011 0.48182125800030917
16 293.57289749130433 280.00007098184341 0.51178022899966891
17 293.3478415146156 280.00007346739233 0.54195061199970951
18 293.1312932699168 280.00007585898459 0.57439885999974649
19 292.92258698416094 280.00007816396322 0.60698971500005428
20 292.72113797695749 280.00008038879707 0.63706603299942799
21 292.52642954511902 280.00008253918315 0.66762553900025523
22 292.33800244262028 280.00008462019997 0.69751695699960692
23 292.15544635734511 280.00008663637601 0.72758514999986801
24 291.97839294191635 280.0000885917799 0.75821418899977289
25 291.80651006684582 280.00009049007781 0.78816430599999876
26 291.63949704460578 280.00009233459286 0.81806483899981686
27 291.47708063187963 280.00009412834311 0.8488781010000821
28 291.31901166082656 280.00009587408061 0.87889045900010387
29 291.16506218269933 280.00009757432059 0.90888078500029224
30 291.01502303191296 280.0000992313735 0.93893803999981174
31 290.86870173745893 280.0001008473663 0.9688789909996558
32 290.72592072306281 280.00010242425856 1.0051802440002575
33 290.58651574885158 280.00010396386801 1.0538933970001381
34 290.45033455612872 280.00010546787257 1.0949611670002923
35 290.3172356838665 280.00010693783605 1.1471339310000985
36 290.18708743107459 280.00010837521097 1.1858234680003079
37 290.05976694369036 280.00010978135936 1.2161439589999645
38 289.93515940824233 280.0001111575408 1.2460615230002077
39 289.81315733741303 280.0001125049493 1.2903905650000524
40 289.69365993503004 280.00011382469631 1.3203646929996466
41 289.57657253000605 280.00011511782628 1.3504237709994413
42 289.46180607024797 280.00011638532436 1.3803637840001102
43 289.34927666901331 280.00011762811414 1.4103179639996597
44 289.23890519717463 280.00011884707226 1.4402613100000963
45 289.13061691592327 280.00012004302476 1.471565990000272
46 289.02434114502631 280.00012121674843 1.5054832819996591
47 288.92001096261004 280.00012236898476 1.5409589430000779
48 288.8175629328519 280.00012350043755 1.571046770999601
49 288.7169368584652 280.00012461176641 1.6010019929999544
50 288.61807555530675 280.00012570360434 1.6309203900000284
51 288.52092464675064 280.00012677655269 1.6608724870002334
52 288.42543237567753 280.00012783118081 1.6908410420001019
53 288.33154943240351 280.00012886803904 1.7207888149996506
54 288.23922879678975 280.00012988764212 1.7508511750002071
55 288.14842559324381 280.00013089048554 1.7808112920001804
56 288.05909695726399 280.00013187704258 1.8107328149999375
57 287.97120191253447 280.0001328477681 1.8415775359999316
58 287.88470125742788 280.00013380309719 1.8716056229995957
59 287.79955746018936 280.00013474343893 1.9015912619997835
60 287.71573456191607 280.00013566918938 1.9315263270000287
61 287.63319808667433 280.00013658073505 1.9618030139999973
62 287.55191495810459 280.00013747843713 1.9918164660002731
63 287.47185342198685 280.00013836265066 2.0217566869996517
64 287.39298297421192 280.00013923370562 2.0522677549997752
65 287.31527429371107 280.0001400919312 2.0822509979998358
66 287.2386991799836 280.00014093763826 2.116759448999801
67 287.1632304947679 280.00014177112536 2.1505944989994532
68 287.08884210757924 280.00014259268119 2.1806361290000496
69 287.01550884479144 280.00014340258315 2.2106673420003062
70 286.9432064419737 280.00014420110131 2.2406143339994742
71 286.87191149922893 280.00014498849305 2.2705380959996546
72 286.80160143935109 280.00014576500604 2.3005061829999249
73 286.73225446850086 280.00014653088402 2.3304685399998561
74 286.66384953931987 280.00014728635807 2.3604235530001461
75 286.59636631619782 280.00014803165124 2.3904563280002549
76 286.52978514261565 280.00014876698299 2.420427226999891
77 286.46408701040906 280.00014949256189 2.4503700519999256
78 286.39925353073329 280.00015020859627 2.4808172639995973
79 286.33526690674455 280.0001509152728 2.510824101000253
80 286.27210990775291 280.00015161278998 2.5408378659994924
81 286.20976584485243 280.00015230132459 2.5707907949999935
82 286.14821854783088 280.00015298106149 2.6007434650000505
83 286.08745234336232 280.0001536521732 2.6307434270001977
84 286.02745203433739 280.00015431482461 2.6610033429997202
85 285.96820288027834 280.00015496917905 2.6910352849999981
86 285.90969057878584 280.00015561539584 2.720998891999443
87 285.85190124793166 280.00015625363022 2.7510515630001464
88 285.79482140952138 280.00015688402732 2.781081004999578
89 285.73843797322746 280.00015750673595 2.8112530549997246
90 285.68273822148484 280.0001581218915 2.841663129999688
91 285.62770979513255 280.0001587296336 2.8721161229996142
92 285.57334067974693 280.00015933009502 2.9020840539997153
93 285.51961919263658 280.00015992340349 2.9322490710001148
94 285.46653397043252 280.0001605096835 2.9622431999996479
95 285.41407395728595 280.00016108905879 2.9922941529994205
96 285.36222839357202 280.00016166164818 3.0223941690001084
97 285.31098680516493 280.0001622275671 3.0523750160000418
98 285.26033899314041 280.00016278693175 3.082345654999699
99 285.21027502397959 280.00016333984439 3.1124852029997783
100 285.16078522018739 280.00016388641592 3.1425877199999377
101 285.11186015134433 280.00016442675133 3.1726122660002147
102 285.06349062549839 280.00016496095026 3.2026693640000303
103 285.01566768099309 280.00016548911447 3.2327829229998315
104 284.9683825785965 280.000166011337 3.2627375189995291
105 284.92162679396569 280.00016652771711 3.2927359189998242
106 284.87539201045826 280.0001670383416 3.3226941610000722
107 284.82967011220035 280.00016754329914 3.3528436579999834
108 284.78445317746059 280.00016804268137 3.3827933060001669
109 284.73973347230162 280.00016853657161 3.412764726000205
110 284.69550344446225 280.00016902505342 3.4429059409994807
111 284.65175571750643 280.00016950821089 3.4729135600000518
112 284.60848308519695 280.00016998612011 3.5029333140000745
113 284.56567850607968 280.00017045885971 3.5336413650002214
114 284.52333509830316 280.00017092650484 3.5637991429994145
115 284.48144613459925 280.00017138913211 3.5938029589997313
116 284.44000503751113 280.00017184681383 3.6237785459998122
117 284.39900537474165 280.0001722996214 3.6539012709999952
118 284.35844085472547 280.00017274762081 3.6839580569994723
119 284.31830532235568 280.00017319088346 3.7139664050000647
120 284.27859275483024 280.00017362947574 3.7440922549994866
121 284.23929725773189 280.00017406346274 3.774105810999572
122 284.20041306115536 280.00017449290391 3.8041109819996564
123 284.16193451607108 280.00017491786537 3.8340958910002882
124 284.12385609072982 280.00017533840855 3.8695858239998415
125 284.08617236728213 280.00017575459214 3.9050401300000885
126 284.04887803844349 280.0001761664775 3.9484673289998682
127 284.01196790434403 280.00017657411803 3.9840799200001129
128 283.97543686941941 280.00017697757272 4.0140532670002358
129 283.93927993947744 280.00017737689325 4.044099427999754
130 283.90349221883207 280.00017777213941 4.0742302259995995
131 283.86806890752905 280.00017816335821 4.104281126999922
132 283.83300529869615 280.00017855060639 4.1342613489996438
133 283.79829677596337 280.00017893393311 4.1644209500000215
134 283.76393881096271 280.00017931338544 4.1944563289998769
135 283.72992696095116 280.00017968902 4.224497803000304
136 283.69625686646356 280.00018006087691 4.254492191999816
137 283.66292424907886 280.00018042900746 4.2852089409998371
138 283.62992490925581 280.00018079345477 4.3152241640000284
139 283.597254724229 280.00018115427048 4.3476058999995075
140 283.56490964597009 280.00018151149396 4.3777624280000964
141 283.53288569924968 280.0001818651703 4.4078349960000196
142 283.50117897971717 280.0001822153456 4.4378177700000379
143 283.46978565208161 280.00018256205692 4.4678179920001639
144 283.43870194831118 280.00018290534848 4.4979780100002245
145 283.40792416594746 280.00018324526394 4.5280195870000171
146 283.3774486664048 280.00018358183939 4.5580238719994668
147 283.34727187338535 280.00018391511401 4.5881794629995056
148 283.31739027129845 280.00018424513297 4.618202759000269
149 283.28780040376381 280.00018457192795 4.6482119399997828
150 283.25849887214599 280.00018489553867 4.6783013829999618
151 283.22948233411688 280.00018521600066 4.7084659319998536
152 283.20074750231572 280.00018553335241 4.7394877409997207
153 283.172291142983 280.00018584762881 4.7695472870000231
154 283.1441100746955 280.00018615886518 4.7997103259995129
155 283.11620116709469 280.0001864670952 4.8297094549998292
156 283.08856133969357 280.00018677235323 4.8615055000000211
157 283.0611875606885 280.00018707467206 4.8916297360001408
158 283.03407684581759 280.00018737408737 4.9216178219994617
159 283.00722625727133 280.00018767062983 4.9516388780002671
160 282.98063290259279 280.00018796432965 4.9844841140002245
161 282.95429393367152 280.00018825522079 5.0166499599999952
162 282.92820654569368 280.00018854333359 5.0491015409997999
163 282.90236797620145 280.00018882869904 5.0791378579997399
164 282.87677550411343 280.00018911134566 5.1091402679994644
165 282.8514264488258 280.00018939130501 5.1391347609996956
166 282.82631816929393 280.00018966860335 5.1691565979999723
167 282.80144806317463 280.00018994327189 5.1991357259994402
168 282.77681356598714 280.0001902153395 5.2292790249994141
169 282.75241215027557 280.00019048483063 5.2593462799995905
170 282.7282413248372 280.00019075177806 5.2893519720000768
171 282.70429863391877 280.00019101620387 5.3193861009995089
172 282.6805816564879 280.000191278138 5.3493961149997631
173 282.65708800550226 280.00019153760553 5.3794372239999575
174 282.6338153271829 280.00019179463197 5.4094686970001931
175 282.61076130034593 280.00019204924303 5.4394705859995156
176 282.58792363570785 280.00019230146677 5.4694519019994914
177 282.56530007525492 280.00019255132406 5.4995610850000958
178 282.54288839160597 280.00019279884162 5.529712873999415
179 282.52068638738047 280.00019304404339 5.5597290340001564
180 282.49869189462163 280.00019328695373 5.5896994639997502
181 282.47690277419809 280.00019352759642 5.6197347389997958
182 282.45531691523689 280.00019376599602 5.649726054999519
183 282.43393223458366 280.00019400216968 5.6797723729996505
184 282.41274667625385 280.00019423614577 5.7097615009997753
185 282.39175821091339 280.0001944679459 5.7411444640001719
186 282.37096483537914 280.00019469759098 5.7713553160001538
187 282.35036457210771 280.00019492510216 5.8068912389999241
188 282.32995546872058 280.00019515050428 5.8400275750000219
189 282.30973559755085 280.00019537381485 5.8723705080001309
190 282.28970305515617 280.00019559505751 5.9046835959998134
191 282.26985596189604 280.00019581425204 5.9347570489999271
192 282.25019246149543 280.00019603142039 5.9648191999995106
193 282.23071072060486 280.0001962465775 5.9947932759996547
194 282.21140892842294 280.00019645974834 6.0248092800002269
195 282.19228529625246 280.00019667095273 6.0548268989996359
196 282.17333805714532 280.0001968802103 6.0848511320000398
197 282.15456546550797 280.0001970875357 6.1148790639999788
198 282.13596579672418 280.0001972929532 6.1449232449995179
199 282.11753734680053 280.00019749648021 6.1831269899994368
200 282.09927843201223 280.00019769813457 6.2247812830000839
201 282.08118738855575 280.00019789793288 6.2712462079998659
202 282.06326257220934 280.00019809589998 6.3012219499996718
203 282.04550235802424 280.00019829204655 6.331267225999909
204 282.0279051399736 280.00019848639198 6.3751440179994461
205 282.01046933066419 280.00019867895446 6.4052002309999807
206 281.99319336102548 280.00019886975252 6.4352145160000873
207 281.97607568001519 280.00019905880396 6.4653879199995572
208 281.95911475431353 280.00019924612218 6.4955872609998551
209 281.94230906805137 280.00019943172714 6.5256892569996126
210 281.92565712254179 280.00019961563282 6.5572837350000555
211 281.90915743599635 280.00019979785776 6.5936678019997998
212 281.89280854325858 280.0001999784173 6.6259029200000441
213 281.87660899555658 280.00020015732741 6.6561060120002367
214 281.86055736023809 280.00020033460311 6.6861642040003062
215 281.84465222054973 280.00020051026002 6.7192713730000833
216 281.82889217535165 280.00020068431775 6.7493264929998986
217 281.81327583892539 280.00020085678563 6.7794072380002035
218 281.79780184071825 280.00020102768474 6.8094038660001388
219 281.78246882512718 280.00020119702498 6.8397310230002404
220 281.76727545127324 280.00020136482368 6.8708406979994834
221 281.75222039279123 280.00020153109432 6.9010597799997413
222 281.73730233761506 280.0002016958519 6.9310968259997026
223 281.72251998777523 280.00020185910967 6.9610962669994478
224 281.70787205918202 280.00020202088314 6.9912392010000985
225 281.69335728145649 280.00020218118823 7.0212606220002272
226 281.67897439770775 280.00020234003398 7.0522433670003011
227 281.66472216435756 280.00020249743716 7.0822983819998626
228 281.6505993509565 280.00020265341476 7.1123695440001029
229 281.63660473999488 280.00020280797048 7.1423730999995314
230 281.62273712672629 280.00020296112763 7.1723794159997851
231 281.6089953189994 280.00020311289484 7.2024837549997756
232 281.595378137078 280.00020326328547 7.2325135099999898
233 281.58188441348096 280.00020341231067 7.262517012999524
234 281.56851299281209 280.00020355998782 7.2934036099995865
235 281.5552627316024 280.00020370632524 7.3273477259999709
236 281.54213249815393 280.00020385133723 7.3618137799994656
237 281.52912117238344 280.00020399503535 7.3945883890000914
238 281.51622764566542 280.00020413743442 7.4290903820001404
239 281.50345082068986 280.00020427854264 7.4595161870001903
240 281.49078961131545 280.00020441837546 7.4904811710002832
241 281.47824294242707 280.0002045569446 7.5205772290000823
242 281.46580974979071 280.00020469425743 7.5505851079997228
243 281.45348897991545 280.00020483033018 7.5806713740003033
244 281.44127958992942 280.00020496517243 7.6158923419998246
245 281.42918054743234 280.00020509879585 7.6459196480000173
246 281.41719083036645 280.00020523121162 7.6762213359997986
247 281.40530942690202 280.00020536243073 7.7063102579995757
248 281.39353533529868 280.00020549246528 7.7363977739996699
249 281.38186756378337 280.00020562132624 7.7665317499995581
250 281.37030513043328 280.00020574902436 7.7965977550002208
251 281.35884706305836 280.00020587556685 7.8266524059999938
252 281.34749239907063 280.00020600096974 7.8572438920000423
253 281.33624018538848 280.00020612524133 7.8873483870002019
254 281.32508947830752 280.00020624839158 7.9174220489994696
255 281.31403934339676 280.00020637042888 7.951261526000053
256 281.30308885539114 280.00020649136701 7.9858349790001739
257 281.29223709806786 280.00020661121476 8.0177644650002549
258 281.28148316417929 280.00020672998295 8.0482800629997655
259 281.27082615529281 280.00020684768054 8.0789789479995306
260 281.26026518173995 280.00020696431886 8.1090836000003037
261 281.2497993624869 280.00020707990336 8.1412040269997306
262 281.23942782504042 280.00020719444933 8.1712681569997585
263 281.22914970536249 280.00020730796251 8.2013609340001494
264 281.21896414774943 280.00020742045422 8.2314391270001579
265 281.20887030476979 280.00020753193064 8.2614424220000728
266 281.19886733714719 280.000207642406 8.2915162399995097
267 281.18895441367528 280.00020775188511 8.3216173499995421
268 281.17913071112741 280.00020786037828 8.3516354900002625
269 281.1693954141748 280.00020796789818 8.3816726400000334
270 281.15974771529727 280.0002080744481 8.4117010399995706
271 281.15018681467893 280.00020818003935 8.4417615239999577
272 281.14071192014984 280.00020828468081 8.4723760309998397
273 281.13132224708971 280.00020838838105 8.5025152669995805
274 281.12201701835181 280.00020849115026 8.5354164419995868
275 281.11279546416193 280.0002085929944 8.565437915000075
276 281.10365682206736 280.00020869392159 8.595512410000083
277 281.09460033684411 280.00020879394481 8.6255207570002312
278 281.08562526041328 280.00020889306501 8.6556009300002188
279 281.07673085177606 280.0002089912972 8.6856387569996514
280 281.06791637693146 280.00020908864593 8.7156675219994213
281 281.05918110881055 280.00020918511836 8.7457470689996626
282 281.05052432718446 280.00020928072797 8.7759679729997515
283 281.04194531861998 280.00020937547401 8.8059880920000069
284 281.03344337638049 280.00020946937173 8.8360585760001413
285 281.02501780037608 280.00020956242565 8.8669404339998437
286 281.01666789708077 280.00020965464211 8.8970420119994742
287 281.00839297947556 280.00020974603126 8.9272171869997692
288 281.0001923669721 280.00020983660016 8.9573108489994411
289 280.99206538534429 280.00020992635558 8.9873970110002119
290 280.98401136668332 280.00021001530541 9.0174148380001498
291 280.9760296492978 280.00021010345625 9.0474374039995382
292 280.96811957768318 280.00021019081811 9.0774616379994768
293 280.96028050244166 280.00021027739444 9.1075479040000573
294 280.95251178021459 280.00021036319288 9.1375962519996392
295 280.94481277364315 280.00021044822142 9.1676336109994736
296 280.93718285128404 280.00021053248634 9.197715813999821
297 280.92962138756212 280.00021061599671 9.2277566619995923
298 280.92212776271293 280.00021069875527 9.2577725619994453
299 280.91470136270993 280.00021078077441 9.2877752849999524
300 280.90734157922645 280.00021086205726 9.3177940489995308
301 280.9000478095677 280.00021094261172 9.3478678149995176
302 280.89281945660645 280.00021102244108 9.3778460049998102
303 280.88565592875023 280.0002111015541 9.4079696159997184
304 280.87855663986034 280.00021117996238 9.4379787970001416
305 280.87152100922304 280.00021125766364 9.4680220929994903
306 280.86454846147097 280.00021133466885 9.4993559399999867
307 280.85763842655541 280.00021141098676 9.5294373099995937
308 280.85079033966923 280.00021148661722 9.5594761269994706
309 280.84400364120734 280.00021156156822 9.5895031210002344
310 280.83727777672965 280.00021163585103 9.6195354270003008
311 280.83061219688085 280.00021170946593 9.6496420579996993
312 280.82400635735979 280.00021178242281 9.6796804589994281
313 280.81745971887386 280.00021185472463 9.7097144319996005
314 280.81097174706917 280.00021192637809 9.7398033540002871
315 280.80454191250618 280.00021199739007 9.7700748850002128
316 280.79816969060488 280.00021206776751 9.8001046389999829
317 280.79185456158336 280.00021213751324 9.8301735089999056
318 280.78559601042895 280.00021220663268 9.8618653329995141
319 280.77939352684444 280.00021227513474 9.8919414940000934
320 280.77324660520895 280.00021234302233 9.9219647899999472
321 280.76715474451925 280.00021241030095 9.9520741819997056
322 280.76111744836544 280.00021247697839 9.9821625309996307
323 280.75513422486034 280.00021254305653 10.012258224000107
324 280.7492045866295 280.00021260854521 10.042264904999683
325 280.74332805073624 280.00021267344493 10.072298774000046
326 280.73750413865548 280.00021273776633 10.102316704999794
327 280.73173237623405 280.00021280150975 10.132393961000162
328 280.72601229364068 280.00021286468262 10.16241262099993
329 280.72034342532635 280.00021292728974 10.192451697999786
330 280.71472530999046 280.00021298933791 10.222464681000019
331 280.70915749053148 280.00021305083038 10.252511415000299
332 280.7036395140131 280.00021311177045 10.28252309599975
333 280.69817093162516 280.00021317216687 10.312585247000243
334 280.69275129863456 280.0002132320223 10.342611250999653
335 280.68738017436419 280.00021329134108 10.372715225999855
336 280.68205712213864 280.00021335013082 10.402784928999608
337 280.67678170926195 280.00021340839402 10.432891976999599
338 280.67155350695646 280.00021346613408 10.462951991999944
339 280.66637209035048 280.0002135233583 10.493207480999445
340 280.66123703843181 280.00021358007018 10.523290934000215
341 280.65614793401016 280.00021363627519 10.554210344000239
342 280.65110436368269 280.00021369197839 10.584292651999931
343 280.64610591780166 280.00021374718165 10.614327457999934
344 280.64115219042799 280.00021380189094 10.644360598000276
345 280.63624277930916 280.00021385611274 10.674397695999687
346 280.63137728584474 280.00021390984585 10.709057035999649
347 280.62655531504646 280.00021396310331 10.74163492200023
348 280.62177647550254 280.00021401587986 10.774397916999988
349 280.61704037934624 280.0002140681853 10.805924059999597
350 280.61234664223417 280.00021412002269 10.837715312999535
351 280.60769488329902 280.0002141713984 10.86874795499989
352 280.60308472511781 280.00021422231174 10.899762574999841
353 280.59851579369115 280.00021427277358 10.929896446999919
354 280.59398771839693 280.00021432278101 10.959966098000223
355 280.58950013197961 280.00021437234301 10.993948182999702
356 280.58505267049441 280.00021442146169 11.023989446999622
357 280.58064497329269 280.00021447014331 11.054038889999902
358 280.57627668298954 280.00021451838592 11.084361307000108
359 280.57194744542977 280.00021456619902 11.114417363999564
360 280.56765690965631 280.00021461358392 11.144513526000082
361 280.56340472789248 280.00021466054619 11.17454947799979
362 280.55919055549748 280.00021470708737 11.20459897299952
363 280.55501405094651 280.00021475321353 11.234688571999868
364 280.55087487579942 280.0002147989257 11.270990242000153
365 280.54677269467265 280.00021484423092 11.315290167999592
366 280.54270717521445 280.00021488913148 11.361368677999963
367 280.53867798806544 280.00021493363056 11.392696378999972
368 280.53468480685643 280.00021497773031 11.422756289999597
369 280.53072730814841 280.00021502143835 11.463515145000201
370 280.5268051714234 280.00021506475343 11.493773289999808
371 280.52291807906118 280.00021510768465 11.523903307000182
372 280.51906571630786 280.00021515022877 11.556123528999706
373 280.51524777124041 280.00021519239573 11.591726587999801
374 280.5114639347575 280.00021523418428 11.622426201999588
375 280.50771390054035 280.00021527560233 11.654012398000305
376 280.50399736503999 280.00021531664754 11.690004217000023
377 280.50031402743667 280.00021535732674 11.722760075999759
378 280.49666358962173 280.00021539764344 11.753046658999665
379 280.49304575618169 280.00021543759919 11.783119695000096
380 280.48946023435462 280.00021547719808 11.813179918999595
381 280.48590673403055 280.00021551644329 11.84428053099964
382 280.48238496769977 280.00021555533749 11.874322628999835
383 280.47889465045569 280.00021559388495 11.904372488000263
384 280.47543549994924 280.00021563208861 11.93441880499995
385 280.47200723637582 280.00021566995059 11.964782420999654
386 280.46860958245406 280.0002157074756 11.994874365000214
387 280.46524226339977 280.0002157446641 12.025001934000102
388 280.46190500690193 280.00021578152183 12.055705662000037
389 280.45859754309907 280.00021581805049 12.085795260999475
390 280.45531960456924 280.00021585425253 12.117246818999774
391 280.4520709262822 280.00021589013016 12.147349074999511
392 280.44885124560807 280.00021592568794 12.178681098999732
393 280.44566030227099 280.00021596092955 12.214882713999941
394 280.44249783834545 280.00021599585597 12.244958718999442
395 280.43936359821646 280.00021603046991 12.286480769999798
396 280.43625732858442 280.00021606477856 12.323847568000019
397 280.43317877841594 280.00021609877859 12.35395096999946
398 280.43012769894159 280.00021613247657 12.384200104000229
399 280.42710384363113 280.00021616587253 12.414247410999451
400 280.42410696816978 280.00021619896813 12.444312790999902
401 280.42113683043885 280.00021623177247 12.475622990999909
402 280.41819319050165 280.00021626428247 12.505689099999472
403 280.41527581057829 280.00021629650155 12.535973756000203
404 280.41238445502472 280.00021632843482 12.566018301999975
405 280.40951889031794 280.00021636008228 12.596100558000217
406 280.40667888503492 280.00021639144813 12.626152136000201
407 280.40386420983543 280.00021642253353 12.656795601999875
408 280.40107463743874 280.00021645334169 12.686874158999672
409 280.39830994260643 280.0002164838761 12.719542202999946
410 280.39556990212901 280.00021651413402 12.749584926999887
411 280.39285429479941 280.00021654412762 12.779716766999627
412 280.39016290140245 280.00021657385321 12.809759855000266
413 280.38749550468816 280.00021660331112 12.839836536999428
414 280.38485188936534 280.00021663250834 12.870910951000042
415 280.38223184207692 280.0002166614442 12.901728171000286
416 280.37963515138046 280.00021669012233 12.931883344999733
417 280.37706160773268 280.0002167185458 12.961931902000288
418 280.37451100347926 280.00021674671513 12.992005979999703
419 280.37198313283011 280.00021677463337 13.022061984999709
420 280.36947779183345 280.00021680230168 13.052131843999632
421 280.36699477838528 280.00021682972522 13.082174776000102
422 280.36453389219179 280.00021685690342 13.112332658000014
423 280.36209493475701 280.00021688383907 13.142395537999619
424 280.35967770936844 280.00021691053547 13.172493834999841
425 280.35728202108248 280.00021693699296 13.202549370999805
426 280.35490767670541 280.00021696321744 13.23264324199954
427 280.35255448477483 280.00021698920563 13.262694922999799
428 280.35022225556173 280.00021701496183 13.29274889699991
429 280.34791080102741 280.00021704049004 13.322848027999498
430 280.34561993482731 280.00021706579173 13.352912573999674
431 280.34334947229058 280.00021709086599 13.38296477699987
432 280.34109923040143 280.00021711571742 13.413044011999773
433 280.33886902779585 280.00021714034983 13.443148715999996
434 280.33665868473213 280.0002171647601 13.473234148000302
435 280.33446802308305 280.00021718895437 13.503351768999892
436 280.33229686632092 280.00021721293302 13.533579705000193
437 280.33014503950847 280.00021723669721 13.563658053999461
438 280.32801236927418 280.0002172602513 13.593747340999471
439 280.32589868380109 280.00021728359405 13.62388027399993
440 280.32380381282104 280.00021730673041 13.653937997999492
441 280.32172758759077 280.00021732966172 13.68408713000008
442 280.31966984088348 280.00021735238835 13.714433453999845
443 280.31763040697177 280.00021737491079 13.744515137000235
444 280.3156091216249 280.00021739723309 13.774652340999637
445 280.31360582207094 280.00021741935876 13.804723241999454
446 280.31162034701293 280.00021744128736 13.834779506999439
447 280.30965253659269 280.00021746301996 13.865870796999843
448 280.30770223239858 280.00021748455839 13.895955864999451
449 280.30576927742442 280.00021750590759 13.926279843999509
450 280.30385351608845 280.00021752706527 13.956423716000245
451 280.30195479420081 280.00021754803362 13.988198301999546
452 280.30007295895109 280.00021756881824 14.018308527000045
453 280.29820785890394 280.00021758941591 14.048380989999714
454 280.29635934398908 280.00021760983213 14.078446005999467
455 280.29452726546816 280.00021763006691 14.108533052999519
456 280.2927114759575 280.00021765011894 14.13864379899951
457 280.29091182937896 280.00021766999367 14.16872365800009
458 280.28912818097535 280.0002176896935 14.198815861999719
459 280.28736038728289 280.00021770921694 14.228905201000089
460 280.28560830613691 280.00021772856633 14.258947767999416
461 280.28387179662673 280.00021774774524 14.289019189000101
462 280.2821507191328 280.00021776675288 14.319090455000151
463 280.28044493526903 280.00021778559119 14.34955787600029
464 280.27875430789589 280.000217804263 14.379629037000086
465 280.27707870111067 280.00021782276929 14.40969853200022
466 280.27541798022725 280.00021784110982 14.439775630999975
467 280.27377201176046 280.00021785928817 14.469996066000022
468 280.27214066343566 280.00021787730446 14.500275200999567
469 280.27052380415279 280.0002178951612 14.530505845999869
470 280.26892130400324 280.00021791286167 14.560614142999839
471 280.26733303422583 280.00021793040133 14.590685981999741
472 280.26575886722981 280.00021794778695 14.620771205999517
473 280.26419867656114 280.00021796501721 14.6508268460002
474 280.26265233690515 280.00021798209644 14.680910299999596
475 280.26111972407068 280.00021799902305 14.711297562000254
476 280.25960071497724 280.00021801579919 14.74290677999943
477 280.25809518765072 280.00021803242521 14.773010650000288
478 280.2566030212144 280.00021804890605 14.80306561299949
479 280.25512409587344 280.00021806523955 14.833149430999583
480 280.2536582929074 280.0002180814289 14.864379681999708
481 280.25220549465797 280.00021809747238 14.894608919999882
482 280.25076558453367 280.00021811337342 14.924892846999683
483 280.24933844697767 280.00021812913548 14.955487248999816
484 280.24792396747438 280.00021814475747 14.98556721299974
485 280.24652203253481 280.00021816024224 15.015664468999603
486 280.24513252968762 280.00021817558809 15.045715473999735
487 280.24375534747554 280.0002181907978 15.075809396000295
488 280.24239037543197 280.00021820587233 15.106089885000074
489 280.24103750409267 280.00021822081391 15.136189484999704
490 280.23969662496427 280.00021823562224 15.166261270999712
491 280.23836763053339 280.00021825029972 15.196345088999806
492 280.23705041424961 280.00021826484698 15.226442553000197
493 280.23574487052099 280.00021827926759 15.256531006999467
494 280.2344508946951 280.00021829355717 15.28668670099978
495 280.23316838307085 280.00021830772243 15.316778227999748
496 280.23189723286686 280.00021832175935 15.346831732000282
497 280.23063734222524 280.00021833567439 15.376890810000077
498 280.22938861020538 280.0002183494654 15.406957909000084
499 280.22815093677156 280.00021836313584 15.437041727000178
500 280.2269242227826 280.00021837668237 15.467121951000081
501 280.22570836998892 280.00021839010992 15.497369365999475
502 280.22450328102337 280.00021840341913 15.527630167999632
503 280.22330885939056 280.00021841660953 15.557702995999534
504 280.22212500946466 280.00021842968584 15.587784156999987
505 280.22095163646657 280.00021844264455 15.617897246999746
506 280.2197886464802 280.00021845548889 15.647981377000178
507 280.21863594642656 280.00021846822102 15.678054517999954
508 280.21749344406055 280.00021848083924 15.708286776999557
509 280.21636104796164 280.00021849334314 15.738399813999422
510 280.21523866754058 280.00021850574024 15.768487954999728
511 280.21412621301153 280.00021851802416 15.798556511999777
512 280.21302359539504 280.00021853020314 15.828631735999807
513 280.21193072651096 280.0002185422735 15.858927434000179
514 280.21084751896876 280.00021855423608 15.889096619000156
515 280.20977388616467 280.00021856609288 15.919236583999918
516 280.20870974226892 280.0002185778456 15.94943430999956
517 280.20765500222819 280.00021858949361 15.980045432000225
518 280.20660958173812 280.0002186010409 16.010226491999674
519 280.20557339726622 280.00021861248439 16.040309529000297
520 280.20454636601897 280.00021862382829 16.070376210999711
521 280.20352840594774 280.00021863506913 16.100611073999971
522 280.20251943574578 280.00021864621203 16.130752496999776
523 280.2015193748253 280.00021865725682 16.160861888999534
524 280.2005281433282 280.00021866820344 16.19092539400026
525 280.19954566211595 280.00021867905542 16.221063484000297
526 280.19857185275004 280.00021868980912 16.251158655999461
527 280.1976066375035 280.00021870046925 16.281242994999957
528 280.1966499393393 280.00021871103519 16.311473535000005
529 280.19570168192291 280.00021872150921 16.341542404999927
530 280.19476178959098 280.00021873188786 16.385872697000195
531 280.19383018736784 280.00021874217578 16.431669949000025
532 280.19290680094775 280.0002187523761 16.46786271000019
533 280.19199155669122 280.00021876248439 16.498469457000283
534 280.19108438161987 280.00021877250293 16.530317013000058
535 280.19018520341086 280.00021878243422 16.572644081999897
536 280.18929395038606 280.00021879227597 16.602753369000311
537 280.18841055151154 280.00021880203155 16.632836406000024
538 280.18753493639758 280.00021881170102 16.662908399999651
539 280.18666703527362 280.00021882128794 16.694384854999953
540 280.18580677900843 280.00021883078773 16.728850440000315
541 280.18495409907541 280.00021884020572 16.762168551000286
542 280.18410892757487 280.00021884953833 16.801773213999695
543 280.18327119721334 280.00021885879079 16.832102350000241
544 280.18244084129776 280.00021886796208 16.862902693999786
545 280.18161779373696 280.00021887705122 16.895285732000048
546 280.18080198902987 280.00021888606096 16.925595075999809
547 280.17999336226183 280.00021889499442 16.955679101999522
548 280.17919184910244 280.00021890384573 16.985744794999846
549 280.17839738580017 280.00021891262003 17.015841530000216
550 280.17760990917503 280.0002189213173 17.046584685999733
551 280.17682935660832 280.00021892993828 17.077271225999539
552 280.17605566605016 280.00021893848361 17.107575412999722
553 280.1752887760004 280.00021894695362 17.137654907999604
554 280.1745286255146 280.00021895534769 17.167739976000121
555 280.17377515419525 280.00021896366917 17.197794730999703
556 280.17302830218176 280.00021897191618 17.227870371999416
557 280.17228801015824 280.00021898009237 17.25798335699983
558 280.17155421933512 280.00021898819722 17.288202386000194
559 280.17082687145017 280.00021899623022 17.31828672499978
560 280.1701059087664 280.00021900419358 17.348395856000025
561 280.16939127406164 280.00021901208561 17.378464360999715
562 280.1686829106327 280.00021901990766 17.408563439999853
563 280.16798076227633 280.00021902766383 17.438638507999713
564 280.16728477329923 280.00021903534906 17.468922903000021
565 280.166594888509 280.00021904296932 17.49928454000019
566 280.16591105319856 280.00021905052188 17.529587060999802
567 280.16523321316646 280.00021905800747 17.559673638999811
568 280.16456131468328 280.00021906542793 17.589737872999649
569 280.16389530451079 280.00021907278364 17.619896588999836
570 280.16323512988293 280.00021908007471 17.649956968999504
571 280.16258073851225 280.00021908730253 17.680041306999556
572 280.16193207857327 280.0002190944661 17.710331223999674
573 280.1612890987098 280.00021910156897 17.740427177000129
574 280.16065174802742 280.00021910860659 17.770518651999737
575 280.16001997608038 280.00021911558417 17.800609136000276
576 280.15939373289029 280.00021912249849 17.830685453999649
577 280.15877296890693 280.00021912935716 17.861832004999997
578 280.15815763504452 280.00021913615114 17.892094994000217
579 280.15754768264276 280.00021914288686 17.922244645999854
580 280.15694306348723 280.00021914956471 17.952327994999905
581 280.15634372979059 280.00021915618493 17.982387228999869
582 280.155749634193 280.00021916274721 18.012499172999924
583 280.15516072976288 280.00021916925078 18.042577365999932
584 280.15457696999039 280.00021917569831 18.072657276999962
585 280.15399830878073 280.0002191820879 18.10287359799986
586 280.15342470045039 280.00021918842344 18.13300830299977
587 280.15285609973012 280.00021919470294 18.163089099999524
588 280.15229246175301 280.00021920092803 18.193173750999449
589 280.15173374205779 280.00021920709958 18.22328845499942
590 280.15117989657762 280.00021921321706 18.253355240999554
591 280.15063088164561 280.00021921927936 18.283431715000006
592 280.15008665398352 280.00021922528992 18.313667151000118
593 280.1495471707006 280.0002192312491 18.343752480000148
594 280.1490123892944 280.00021923715411 18.373842287000116
595 280.14848226763939 280.00021924300768 18.404067253999528
596 280.14795676398876 280.00021924881338 18.434129874000064
597 280.14743583697498 280.00021925456673 18.464238796000245
598 280.14691944559513 280.00021926027011 18.494405688999905
599 280.14640754921527 280.00021926592149 18.524583831999735
600 280.14590010757303 280.00021927152812 18.554949739999756
601 280.14539708075182 280.00021927708161 18.585042464000253
602 280.1448984292096 280.00021928258911 18.615101282000069
603 280.1444041137496 280.0002192880491 18.645222651999575
604 280.14391409552957 280.00021929346087 18.675295948999519
605 280.14342833605514 280.0002192988249 18.70555523999974
606 280.14294679717437 280.00021930414215 18.735651246000089
607 280.1424694410839 280.00021930941597 18.765713396000137
608 280.14199623031215 280.00021931464244 18.795784973999616
609 280.14152712772949 280.00021931982479 18.825845301999834
610 280.14106209653386 280.00021932495918 18.856908048999685
611 280.14060110025503 280.00021933004962 18.887269685999854
612 280.14014410275672 280.00021933509578 18.917382202000226
613 280.13969106821446 280.00021934010022 18.947937644999911
614 280.13924196113885 280.00021934506054 18.978018703000089
615 280.13879674634478 280.00021934997756 19.008112104000247
616 280.1383553889699 280.00021935485108 19.038182848999895
617 280.13791785446671 280.0002193596834 19.068286251000245
618 280.13748410859137 280.00021936447462 19.098573563000173
619 280.13705411741722 280.00021936922337 19.1286841000001
620 280.13662784730593 280.00021937393279 19.158797449999838
621 280.13620526494003 280.0002193786006 19.188897154000188
622 280.13578633728042 280.00021938322578 19.21898034700007
623 280.13537103160365 280.00021938781259 19.249072290000186
624 280.13495931546527 280.00021939235836 19.279143138000109
625 280.13455115671957 280.00021939686462 19.309430241999507
626 280.13414652350696 280.00021940133433 19.339516872999411
627 280.13374538425347 280.00021940576516 19.370055284000046
628 280.13334770766795 280.00021941015535 19.400211760000275
629 280.13295346274043 280.00021941451013 19.430296098999861
630 280.13256261873715 280.00021941882807 19.460375020999891
631 280.132175145205 280.00021942310627 19.490594414999578
632 280.13179101195908 280.00021942734918 19.520738233999509
633 280.13141018908703 280.00021943155576 19.550950075999936
634 280.13103264694217 280.00021943572415 19.581050560999756
635 280.13065835614884 280.00021943985888 19.611127659999511
636 280.13028728759184 280.00021944395627 19.6412567389998
637 280.12991941241535 280.00021944801949 19.671388683000259
638 280.12955470202706 280.00021945204611 19.701634222999928
639 280.12919312808316 280.0002194560405 19.731799917999524
640 280.12883466250645 280.00021945999833 19.761875037999744
641 280.12847927746049 280.00021946392286 19.791965106000134
642 280.12812694535927 280.00021946781453 19.82210345600015
643 280.12777763886925 280.0002194716709 19.853206308000154
644 280.12743133090174 280.00021947549709 19.883353772999726
645 280.12708799460574 280.00021947928815 19.913614731000052
646 280.12674760337535 280.00021948304919 19.943730267999854
647 280.12641013084448 280.00021948677409 19.973815804999504
648 280.12607555088135 280.00021949046931 20.003970665999987
649 280.12574383758647 280.00021949413343 20.034057816999848
650 280.12541496529349 280.0002194977659 20.064161010000134
651 280.12508890856896 280.00021950136602 20.094343580999521
652 280.12476564220424 280.0002195049351 20.124453493000146
653 280.1244451412212 280.00021950847679 20.15453465399969
654 280.12412738086016 280.00021951198676 20.184646753999914
655 280.12381233659079 280.00021951546529 20.214734635000241
656 280.12349998409218 280.00021951891404 20.244814806999784
657 280.12319029927312 280.00021952233573 20.274896644999899
658 280.1228832582496 280.00021952572632 20.305174633999741
659 280.12257883735526 280.00021952908696 20.335325119999652
660 280.12227701313543 280.00021953242026 20.365370239000185
661 280.12197776234723 280.00021953572701 20.395584060000147
662 280.12168106195367 280.00021953900199 20.425707045999843
663 280.1213868891266 280.00021954225099 20.455805812000108
664 280.12109522124251 280.0002195454727 20.485872753999502
665 280.12080603588072 280.00021954866821 20.516184598000109
666 280.12051931081862 280.00021955183536 20.546383939999942
667 280.12023502403798 280.00021955497328 20.576512966999871
668 280.11995315371092 280.00021955808614 20.606606680999903
669 280.11967367821512 280.00021956117439 20.636714717999894
670 280.11939657610986 280.00021956423353 20.666801504999967
671 280.11912182616101 280.00021956726943 20.697899408000012
672 280.11884940730988 280.00021957027695 20.728061248999438
673 280.11857929870104 280.00021957325947 20.758149911000146
674 280.11831147965694 280.00021957621772 20.788256021000052
675 280.11804592968338 280.00021957915072 20.818368381000255
676 280.11778262848026 280.00021958205764 20.848859759999868
677 280.11752155591813 280.00021958494244 20.879616666999937
678 280.11726269205906 280.00021958780229 20.909923510000226
679 280.11700601713113 280.00021959063628 20.940046859999711
680 280.11675151155424 280.00021959344718 20.979395057999682
681 280.11649915591187 280.00021959623427 21.009579972000211
682 280.11624893096962 280.00021959899919 21.039699885000118
683 280.11600081765926 280.00021960173649 21.069771358999787
684 280.11575479708273 280.00021960445417 21.100051690999862
685 280.11551085052628 280.00021960714747 21.130152228000043
686 280.11526895942563 280.00021960982048 21.16027990099974
687 280.11502910538997 280.00021961246904 21.19038689700028
688 280.11479127019396 280.00021961509623 21.220491131999552
689 280.11455543577654 280.00021961770074 21.250564064000173
690 280.11432158423997 280.00021962028404 21.280728456999896
691 280.11408969783793 280.00021962284552 21.311005091999505
692 280.11385975899526 280.00021962538364 21.341142035999837
693 280.11363175028947 280.00021962790288 21.371316323999963
694 280.11340565445005 280.0002196303987 21.401446236999618
695 280.1131814543686 280.00021963287577 21.43155875299999
696 280.11295913308174 280.00021963533129 21.474029522999444
697 280.11273867379128 280.00021963776561 21.509125122999649
698 280.11252005983249 280.00021964018026 21.554788935000033
699 280.11230327470332 280.00021964257382 21.585921162999512
700 280.11208830204703 280.00021964494965 21.616059461000077
701 280.11187512565158 280.00021964730462 21.651409180999508
702 280.11166372944717 280.00021964963668 21.685575333000088
703 280.11145409751521 280.00021965195481 21.715828321000117
704 280.11124621407549 280.00021965424816 21.745929118999811
705 280.11104006349109 280.00021965652553 21.776098823999746
706 280.11083563026108 280.00021965878392 21.8061910790002
707 280.11063289903086 280.00021966102378 21.836307501999727
708 280.11043185457646 280.00021966324169 21.867841665999549
709 280.11023248181516 280.00021966544347 21.904879394000091
710 280.11003476579884 280.00021966762858 21.935488379999697
711 280.10983869170889 280.00021966979511 21.965795119999711
712 280.10964424486389 280.00021967194067 21.996433221000188
713 280.10945141071824 280.00021967407099 22.026585008999973
714 280.1092601748436 280.00021967618301 22.057792654999503
715 280.10907052295693 280.00021967827661 22.087929807999899
716 280.10888244089097 280.00021968035475 22.118039928000144
717 280.10869591461153 280.00021968241538 22.148166924000179
718 280.10851093020705 280.0002196844581 22.178258449999703
719 280.10832747389429 280.00021968648446 22.208412269999826
720 280.10814553201368 280.00021968849404 22.238807240999449
721 280.10796509102198 280.00021969048606 22.268928194999717
722 280.10778613750625 280.00021969246114 22.299024826000277
723 280.10760865816542 280.00021969442247 22.329276563999883
724 280.10743263982164 280.00021969636572 22.359408299999814
725 280.10725806941514 280.00021969829481 22.389526545000081
726 280.10708493400409 280.00021970020583 22.419656510000095
727 280.10691322076764 280.00021970210207 22.449800380999477
728 280.10674291698251 280.00021970398342 22.480136964999474
729 280.10657401005847 280.00021970584731 22.510254793999593
730 280.1064064875132 280.00021970769859 22.540530282999498
731 280.10624033696695 280.00021970953321 22.570638997999595
732 280.10607554616246 280.00021971135396 22.600748181000199
733 280.10591210294524 280.00021971315897 22.63087048899979
734 280.10574999527296 280.00021971494925 22.660974671999611
735 280.10558921121446 280.00021971672379 22.69108598999992
736 280.10542973893837 280.00021971848452 22.721249965999959
737 280.10527156672265 280.00021972023137 22.751383212000292
738 280.10511468295215 280.0002197219664 22.781527395999547
739 280.10495907611505 280.00021972368347 22.811677621999479
740 280.10480473479851 280.0002197253873 22.84178930500002
741 280.10465164769897 280.00021972707856 22.87233245599964
742 280.10449980360795 280.00021972875641 22.902484348000144
743 280.10434919142523 280.00021973041913 22.934348988999773
744 280.1041998001391 280.00021973206918 22.964562496999861
745 280.10405161884626 280.00021973370445 22.994674491999831
746 280.10390463673752 280.00021973532927 23.02481310300027
747 280.1037588430986 280.00021973693958 23.054949421999481
748 280.1036142273162 280.00021973853688 23.085065584999938
749 280.10347077887133 280.00021974012088 23.115166225999928
750 280.10332848733111 280.00021974169306 23.145306659000198
751 280.10318734236569 280.00021974325256 23.175418498999534
752 280.10304733373681 280.00021974479586 23.205573619999996
753 280.10290845129532 280.00021974633268 23.235774992999723
754 280.10277068497817 280.00021974785426 23.265875789999882
755 280.10263402482155 280.0002197493634 23.296007109000129
756 280.10249846095348 280.00021975086059 23.326183012999536
757 280.10236398357489 280.00021975234557 23.356317560999742
758 280.10223058298999 280.00021975381986 23.386429451999902
759 280.10209824958014 280.00021975528142 23.416574521000257
760 280.10196697382122 280.00021975672894 23.446670422999887
761 280.10183674626688 280.00021975816924 23.476835284000117
762 280.10170755755911 280.00021975959555 23.506949259000066
763 280.10157939842611 280.00021976101073 23.537297040999874
764 280.10145225967301 280.0002197624147 23.567430234999847
765 280.10132613219207 280.00021976380663 23.597535199000049
766 280.10120100695843 280.00021976518957 23.627686570999686
767 280.10107687502534 280.0002197665608 23.657808305999424
768 280.10095372752102 280.00021976792095 23.687981969999782
769 280.10083155566713 280.00021976926865 23.718099695000092
770 280.10071035075305 280.00021977060896 23.74831320300018
771 280.10059010414801 280.00021977193609 23.778462231000049
772 280.10047080729834 280.00021977325258 23.808597194999493
773 280.1003524517281 280.00021977456174 23.838707056000203
774 280.10023502904289 280.00021977585664 23.869209425000008
775 280.10011853091561 280.00021977714277 23.89937876499971
776 280.10000294909298 280.00021977842067 23.930321248999462
777 280.09988827540644 280.00021977968697 23.960469912000008
778 280.09977450174756 280.00021978094424 23.990672326000094
779 280.09966162008732 280.00021978218888 24.020827342999837
780 280.09954962247156 280.00021978342755 24.050943506000294
781 280.09943850101178 280.00021978465321 24.081084096000268
782 280.09932824788979 280.00021978587012 24.111253592999674
783 280.09921885536306 280.00021978707912 24.14138897399971
784 280.09911031575814 280.00021978827749 24.171521698999641
785 280.09900262146232 280.00021978946785 24.201652548999846
786 280.09889576493947 280.00021979064775 24.231806265000159
787 280.09878973871565 280.00021979181776 24.261959147000198
788 280.09868453538672 280.00021979298003 24.292075309000211
789 280.09858014761585 280.00021979413185 24.322308089000217
790 280.09847656813184 280.00021979527764 24.352462636999917
791 280.09837378972753 280.00021979641076 24.382578538999951
792 280.09827180525576 280.00021979753944 24.412708607999775
793 280.09817060764317 280.00021979865687 24.442822166000042
794 280.09807018987181 280.00021979976452 24.472929890999694
795 280.09797054499234 280.00021980086512 24.503077823999774
796 280.09787166611056 280.00021980195652 24.533364199000061
797 280.09777354640357 280.00021980304064 24.563491664000139
798 280.09767617910103 280.00021980411589 24.593617513999561
799 280.09757955749791 280.00021980518426 24.623762166000233
800 280.09748367494763 280.00021980624462 24.653881506000289
801 280.09738852486817 280.00021980729451 24.684217308999905
802 280.09729410072543 280.00021980833606 24.714342637999835
803 280.09720039605259 280.00021980937419 24.744480675999512
804 280.09710740444206 280.00021981039964 24.774638662000143
805 280.09701511953722 280.00021981141828 24.804772116000095
806 280.096923535043 280.00021981243066 24.83489541400013
807 280.09683264471477 280.00021981343315 24.865984932000174
808 280.09674244237851 280.00021981442922 24.896146146999854
809 280.09665292189663 280.00021981541857 24.926336634000108
810 280.09656407719746 280.00021981639992 24.956516860999727
811 280.09647590227024 280.00021981737336 24.986666148999575
812 280.09638839113688 280.00021981834078 25.017372844999954
813 280.09630153789408 280.00021981929893 25.047561561999828
814 280.09621533667911 280.00021982024901 25.07768454699999
815 280.09612978168605 280.00021982119523 25.110388997999507
816 280.09604486716643 280.00021982213445 25.14058542299972
817 280.09596058741141 280.0002198230643 25.170769086000291
818 280.09587693677031 280.00021982398761 25.200924155999928
819 280.09579390964552 280.00021982490574 25.231107716000224
820 280.09571150048191 280.00021982581592 25.261268618000031
821 280.0956297037813 280.00021982672007 25.291407801999412
822 280.09554851409376 280.00021982761393 25.321569226000065
823 280.09546792601645 280.00021982850575 25.351743358000022
824 280.09538793419443 280.00021982938989 25.381847019999441
825 280.09530853331796 280.00021983026409 25.41204886200012
826 280.09522971812993 280.00021983113652 25.442148721000194
827 280.09515148342632 280.0002198319998 25.472288998999829
828 280.09507382403211 280.00021983285671 25.502419379999992
829 280.09499673483566 280.00021983370993 25.532757891000074
830 280.0949202107625 280.00021983455429 25.562882438999623
831 280.09484424678215 280.00021983539563 25.59301276899987
832 280.09476883791876 280.00021983622537 25.623127732999819
833 280.09469397923374 280.00021983705233 25.653303739999501
834 280.09461966583143 280.00021983787332 25.68347448700024
835 280.09454589286008 280.00021983868839 25.713596638999661
836 280.09447265552194 280.00021983949762 25.743728999999803
837 280.09439994904642 280.00021984030076 25.773876672999904
838 280.09432776872069 280.00021984109799 25.804012575999877
839 280.09425610986148 280.00021984188947 25.83413634199951
840 280.09418496783439 280.00021984267579 25.864469905000078
841 280.09411433804883 280.00021984345597 25.894591796999521
842 280.09404421594667 280.00021984422784 25.924794419999671
843 280.09397459701927 280.00021984499818 25.95493870700011
844 280.09390547679237 280.00021984576171 25.985522275999756
845 280.09383685083782 280.00021984652034 26.015695471000072
846 280.09376871476366 280.00021984727232 26.045806268999513
847 280.09370106421483 280.00021984802015 26.075976129999617
848 280.09363389487561 280.00021984876076 26.106096667999736
849 280.09356720247666 280.00021984949836 26.13624210099988
850 280.09350098277724 280.00021985022931 26.166413993999413
851 280.09343523158088 280.00021985095572 26.196539323000252
852 280.09336994472864 280.00021985167473 26.227166800000305
853 280.09330511809543 280.00021985239238 26.257334629999605
854 280.09324074758962 280.00021985310275 26.287497356000131
855 280.09317682916833 280.00021985380943 26.317623048999849
856 280.09311335881586 280.00021985451053 26.347779941999761
857 280.09305033255464 280.0002198552055 26.377913499999522
858 280.09298774643707 280.00021985589694 26.408073257000069
859 280.0929255965662 280.00021985658395 26.438239055999475
860 280.092863879064 280.0002198572659 26.468385062999914
861 280.09280259009466 280.00021985794245 26.498518569000225
862 280.09274172585594 280.00021985861491 26.528818277000028
863 280.0926812825785 280.00021985928208 26.566901133999636
864 280.09262125652924 280.00021985994493 26.608349170999645
865 280.09256164400489 280.00021986060199 26.656490280000071
866 280.09250244134341 280.00021986125705 26.686707173999821
867 280.09244364489882 280.00021986190575 26.721140675000242
868 280.09238525107935 280.00021986255041 26.761835205999887
869 280.0923272563054 280.00021986319081 26.792410232999828
870 280.09226965704818 280.00021986382848 26.822527853999418
871 280.09221244979148 280.00021986445904 26.853426638000201
872 280.09215563106648 280.0002198650871 26.883593009999458
873 280.0920991974304 280.00021986571033 26.913725942999918
874 280.09204314546099 280.00021986632765 26.944401181000103
875 280.0919874717855 280.00021986694338 26.980484355999579
876 280.09193217305022 280.00021986755456 27.016983008999887
877 280.09187724592647 280.00021986816074 27.047263966000173
878 280.09182268712846 280.00021986876419 27.077431224000065
879 280.0917684933944 280.00021986936184 27.107883331000266
880 280.09171466148575 280.00021986995694 27.138019025000176
881 280.09166118819752 280.0002198705468 27.168222792999586
882 280.09160807035653 280.00021987113382 27.19833775799998
883 280.09155530481354 280.00021987171522 27.228518713000085
884 280.09150288845274 280.0002198722953 27.258656699000312
885 280.09145081817815 280.00021987287045 27.288876718000211
886 280.09139909093244 280.00021987344076 27.319354868000119
887 280.09134770367399 280.0002198740093 27.34952811399944
888 280.09129665339026 280.00021987457188 27.379774643999554
889 280.09124593711158 280.00021987513321 27.409909868999421
890 280.0911955518734 280.00021987568823 27.440051448999839
891 280.09114549474958 280.0002198762428 27.470160476000274
892 280.09109576283731 280.00021987679236 27.500582061999921
893 280.09104635325946 280.00021987733646 27.530780256999606
894 280.09099726316509 280.00021987788017 27.560929909999686
895 280.09094848973268 280.0002198784187 27.59112826099954
896 280.09090003015825 280.00021987895417 27.621312289999878
897 280.09085188167148 280.00021987948537 27.651473556999917
898 280.0908040415178 280.00021988001208 27.681615448999764
899 280.09075650697139 280.00021988053794 27.712083389999862
900 280.09070927533338 280.0002198810609 27.74222215699956
901 280.09066234393373 280.00021988157999 27.772416341999815
902 280.09061571010881 280.00021988209386 27.802584172000024
903 280.0905693712358 280.00021988260693 27.832758513000044
904 280.09052332470998 280.00021988311312 27.863301352000235
905 280.09047756794661 280.00021988361954 27.893464597999809
906 280.09043209838893 280.00021988412209 27.923952070999803
907 280.09038691349861 280.00021988462009 27.954091098999925
908 280.09034201076963 280.00021988511634 27.984225385999707
909 280.09029738769868 280.00021988560951 28.014447853000092
910 280.09025304183331 280.00021988609763 28.044605944000068
911 280.09020897071264 280.00021988658574 28.07472246999987
912 280.09016517192271 280.0002198870697 28.105139004000193
913 280.09012164305545 280.00021988754963 28.135438659999636
914 280.09007838173221 280.00021988802797 28.165574458000265
915 280.09003538559296 280.00021988850131 28.195730829999775
916 280.08999265229517 280.00021988897248 28.225895742999455
917 280.08995017953077 280.00021988944371 28.256042635000085
918 280.08990796499501 280.00021988990949 28.286177027000122
919 280.08986600641356 280.0002198903731 28.316620644999603
920 280.08982430153247 280.00021989083444 28.346796756999538
921 280.08978284811286 280.00021989129232 28.376932606999617
922 280.08974164394243 280.00021989174616 28.407105592999869
923 280.08970068682413 280.00021989219925 28.437334258000192
924 280.08965997458296 280.00021989264815 28.467503598999429
925 280.08961950505977 280.00021989309624 28.497639760999846
926 280.08957927611738 280.00021989353991 28.528120046999902
927 280.08953928564347 280.00021989398169 28.558276730999751
928 280.08949953153393 280.00021989441905 28.588419351999619
929 280.08946001171017 280.00021989485833 28.618533951000245
930 280.0894207241077 280.00021989528886 28.648780272999829
931 280.08938166668753 280.00021989572173 28.678898154000308
932 280.08934283742087 280.00021989615055 28.709270780000224
933 280.08930423430587 280.00021989657773 28.739540384000065
934 280.08926585534891 280.00021989700025 28.76968925500023
935 280.08922769858083 280.00021989742169 28.799863543999891
936 280.08918976205126 280.00021989784113 28.829994914999588
937 280.08915204381964 280.00021989825683 28.860426969999935
938 280.08911454197397 280.0002198986723 28.890571777999867
939 280.08907725460398 280.00021989908436 28.9210168540003
940 280.089040179834 280.00021989949346 28.95126952999999
941 280.08900331579213 280.00021989990006 28.981402671999604
942 280.08896666063134 280.00021990030552 29.011852644000101
943 280.08893021251157 280.00021990070564 29.042050682999616
944 280.08889396961922 280.00021990110764 29.072343828999692
945 280.08885793015662 280.00021990150429 29.102680985999541
946 280.08882209233298 280.00021990190078 29.132942931999423
947 280.08878645438176 280.00021990229641 29.163760516999901
948 280.08875101454811 280.00021990268817 29.193931888999941
949 280.08871577109585 280.00021990307619 29.224086280999472
950 280.08868072230132 280.00021990346181 29.256051287999981
951 280.08864586645996 280.00021990384874 29.286196877999828
952 280.08861120187868 280.00021990423016 29.316621277000195
953 280.08857672688646 280.00021990461215 29.347279794999849
954 280.08854243981335 280.00021990498982 29.377450490000228
955 280.08850833901926 280.00021990536516 29.407608163000077
956 280.08847442287441 280.00021990574078 29.437720158999582
957 280.08844068975537 280.00021990611287 29.46790142699956
958 280.08840713806507 280.00021990648435 29.498030298000231
959 280.08837376621449 280.00021990685048 29.528559751000103
960 280.08834057262681 280.00021990721831 29.558704768000098
961 280.08830755574343 280.00021990758222 29.588893952000035
962 280.08827471402162 280.00021990794426 29.619022197999584
963 280.08824204592679 280.00021990830714 29.649190704999455
964 280.08820954994252 280.00021990866429 29.679393640999479
965 280.08817722456365 280.00021990902428 29.709756319000007
966 280.08814506829594 280.00021990937819 29.739961805999883
967 280.08811307966823 280.00021990973022 29.770170574999611
968 280.08808125720805 280.00021991008259 29.800360071999421
969 280.08804959947071 280.00021991043411 29.830486494999604
970 280.08801810501342 280.00021991078125 29.861543981000068
971 280.08798677241839 280.00021991112607 29.891788062999694
972 280.08795560026226 280.00021991147162 29.922224908999851
973 280.08792458714873 280.00021991181194 29.95240898999964
974 280.08789373169554 280.00021991215624 29.982600674999958
975 280.08786303251958 280.00021991249503 30.01275584799987
976 280.08783248826199 280.00021991283245 30.042886072999863
977 280.0878020975739 280.00021991316578 30.073049423999691
978 280.08777185911418 280.00021991349985 30.103284183000142
979 280.0877417715563 280.00021991383352 30.133512690999851
980 280.08771183358891 280.00021991416304 30.163725262000298
981 280.08768204390424 280.00021991449188 30.193918040999961
982 280.08765240121284 280.00021991481896 30.224064203000125
983 280.08762290423988 280.00021991514569 30.254188074000012
984 280.08759355171156 280.00021991547015 30.28434793499946
985 280.08756434237017 280.00021991579257 30.315127445999678
986 280.08753527497521 280.00021991611356 30.345373663999453
987 280.08750634829062 280.00021991643405 30.375529150000148
988 280.08747756108932 280.00021991675163 30.40570505300002
989 280.08744891216361 280.00021991706876 30.435893247999957
990 280.08742040030808 280.00021991738254 30.466015244000118
991 280.0873920243389 280.00021991769705 30.496199741000055
992 280.08736378306628 280.00021991800759 30.526336893000007
993 280.08733567532977 280.00021991832068 30.556483419999495
994 280.08730769996271 280.00021991862826 30.586603853999804
995 280.08727985582141 280.00021991893414 30.61680647599951
996 280.0872521417665 280.00021991923973 30.646935711999504
997 280.08722455666856 280.00021991954628 30.677124374999948
998 280.08719709940965 280.00021991984926 30.707316842000182
999 280.08716976888149 280.00021992015053 30.737521234999804
1000 280.08714256399014 280.00021992045117 30.767694168999697
