iterat. internal-T external-T elapsed-time
0 300 244.401 0.0379909
1 299.86 244.401 0.0757771
2 299.733 244.401 0.113498
3 299.613 244.401 0.15112
4 299.48 244.401 0.188818
5 299.358 244.401 0.226391
6 299.227 244.401 0.263946
7 299.102 244.401 0.301494
8 298.983 244.401 0.339058
9 298.864 244.401 0.37672
10 298.742 244.401 0.414279
11 298.623 244.401 0.451862
12 298.513 244.401 0.489638
13 298.397 244.401 0.527901
14 298.282 244.401 0.565983
15 298.172 244.401 0.603737
16 298.065 244.401 0.641362
17 297.958 244.401 0.679
18 297.844 244.401 0.716556
19 297.738 244.401 0.75414
20 297.634 244.401 0.791729
21 297.531 244.401 0.829324
22 297.427 244.401 0.866922
23 297.317 244.401 0.904462
24 297.215 244.401 0.942025
25 297.12 244.401 0.980056
26 297.014 244.401 1.01831
27 296.917 244.401 1.06253
28 296.826 244.401 1.10962
29 296.726 244.401 1.15934
30 296.629 244.401 1.19719
31 296.544 244.401 1.23478
32 296.452 244.401 1.27255
33 296.353 244.401 1.31012
34 296.263 244.401 1.3477
35 296.168 244.401 1.38528
36 296.073 244.401 1.42286
37 295.999 244.401 1.46048
38 295.908 244.401 1.49817
39 295.814 244.401 1.53572
40 295.735 244.401 1.57332
41 295.643 244.401 1.61086
42 295.56 244.401 1.64845
43 295.475 244.401 1.68606
44 295.39 244.401 1.7236
45 295.308 244.401 1.76126
46 295.225 244.401 1.79885
47 295.141 244.401 1.83638
48 295.064 244.401 1.87407
49 294.984 244.401 1.91161
50 294.903 244.401 1.94923
51 294.828 244.401 1.98683
52 294.74 244.401 2.02441
53 294.664 244.401 2.06276
54 294.593 244.401 2.10041
55 294.514 244.401 2.13806
56 294.437 244.401 2.17594
57 294.36 244.401 2.21355
58 294.286 244.401 2.2511
59 294.215 244.401 2.28866
60 294.141 244.401 2.32623
61 294.066 244.401 2.36379
62 293.994 244.401 2.40139
63 293.924 244.401 2.43898
64 293.852 244.401 2.47654
65 293.784 244.401 2.51411
66 293.708 244.401 2.55167
67 293.642 244.401 2.58927
68 293.575 244.401 2.62683
69 293.507 244.401 2.66436
70 293.432 244.401 2.70197
71 293.363 244.401 2.7395
72 293.296 244.401 2.77715
73 293.23 244.401 2.81478
74 293.16 244.401 2.85238
75 293.098 244.401 2.89003
76 293.035 244.401 2.92758
77 292.964 244.401 2.96522
78 292.901 244.401 3.0028
79 292.838 244.401 3.04034
80 292.771 244.401 3.08152
81 292.706 244.401 3.11917
82 292.652 244.401 3.15678
83 292.585 244.401 3.19441
84 292.517 244.401 3.23201
85 292.457 244.401 3.26959
86 292.392 244.401 3.30715
87 292.332 244.401 3.34471
88 292.272 244.401 3.38234
89 292.207 244.401 3.41991
90 292.147 244.401 3.4575
91 292.092 244.401 3.49511
92 292.03 244.401 3.53265
93 291.97 244.401 3.57024
94 291.909 244.401 3.60779
95 291.854 244.401 3.64537
96 291.795 244.401 3.68296
97 291.737 244.401 3.72053
98 291.68 244.401 3.75815
99 291.621 244.401 3.79575
100 291.566 244.401 3.83335
101 291.51 244.401 3.87099
102 291.455 244.401 3.90868
103 291.394 244.401 3.94626
104 291.34 244.401 3.98389
105 291.285 244.401 4.02145
106 291.226 244.401 4.059
107 291.175 244.401 4.09656
108 291.123 244.401 4.13416
109 291.062 244.401 4.17172
110 291.015 244.401 4.20963
111 290.958 244.401 4.24725
112 290.899 244.401 4.2848
113 290.851 244.401 4.32237
114 290.795 244.401 4.3609
115 290.743 244.401 4.40918
116 290.693 244.401 4.44687
117 290.638 244.401 4.48463
118 290.585 244.401 4.52236
119 290.535 244.401 4.56001
120 290.482 244.401 4.59764
121 290.432 244.401 4.63519
122 290.381 244.401 4.67275
123 290.331 244.401 4.71032
124 290.279 244.401 4.74789
125 290.231 244.401 4.78551
126 290.177 244.401 4.82313
127 290.129 244.401 4.86068
128 290.08 244.401 4.89823
129 290.033 244.401 4.93579
130 289.981 244.401 4.97338
131 289.936 244.401 5.01099
132 289.886 244.401 5.04859
133 289.834 244.401 5.08614
134 289.788 244.401 5.12373
135 289.738 244.401 5.16135
136 289.687 244.401 5.19893
137 289.646 244.401 5.23649
138 289.595 244.401 5.27406
139 289.544 244.401 5.31165
140 289.497 244.401 5.34923
141 289.453 244.401 5.38682
142 289.406 244.401 5.42489
143 289.362 244.401 5.4626
144 289.312 244.401 5.50016
145 289.267 244.401 5.53777
146 289.225 244.401 5.57541
147 289.176 244.401 5.61298
148 289.129 244.401 5.65053
149 289.087 244.401 5.68808
150 289.043 244.401 5.72564
151 288.995 244.401 5.76326
152 288.948 244.401 5.80084
153 288.907 244.401 5.83843
154 288.863 244.401 5.87598
155 288.818 244.401 5.91359
156 288.771 244.401 5.95119
157 288.728 244.401 5.9892
158 288.687 244.401 6.02675
159 288.641 244.401 6.0643
160 288.598 244.401 6.10195
161 288.557 244.401 6.13954
162 288.514 244.401 6.17749
163 288.47 244.401 6.21533
164 288.429 244.401 6.25294
165 288.386 244.401 6.2905
166 288.343 244.401 6.32809
167 288.305 244.401 6.36565
168 288.256 244.401 6.40323
169 288.215 244.401 6.44078
170 288.173 244.401 6.47836
171 288.13 244.401 6.51591
172 288.09 244.401 6.55349
173 288.052 244.401 6.5911
174 288.008 244.401 6.62864
175 287.968 244.401 6.66623
176 287.929 244.401 6.70378
177 287.884 244.401 6.74135
178 287.846 244.401 6.77894
179 287.807 244.401 6.81653
180 287.762 244.401 6.85416
181 287.725 244.401 6.89173
182 287.684 244.401 6.9293
183 287.643 244.401 6.96687
184 287.604 244.401 7.00448
185 287.564 244.401 7.04203
186 287.525 244.401 7.07961
187 287.487 244.401 7.11728
188 287.448 244.401 7.15486
189 287.408 244.401 7.19241
190 287.369 244.401 7.22997
191 287.332 244.401 7.26754
192 287.294 244.401 7.3051
193 287.254 244.401 7.34265
194 287.215 244.401 7.38027
195 287.175 244.401 7.41786
196 287.137 244.401 7.45544
197 287.1 244.401 7.493
198 287.066 244.401 7.53056
199 287.027 244.401 7.56811
200 286.989 244.401 7.60578
201 286.951 244.401 7.64339
202 286.912 244.401 7.68101
203 286.875 244.401 7.71858
204 286.841 244.401 7.75619
205 286.801 244.401 7.79377
206 286.764 244.401 7.83132
207 286.729 244.401 7.86891
208 286.691 244.401 7.90648
209 286.656 244.401 7.94406
210 286.618 244.401 7.98168
211 286.584 244.401 8.01924
212 286.545 244.401 8.05682
213 286.509 244.401 8.09437
214 286.475 244.401 8.13201
215 286.438 244.401 8.1696
216 286.4 244.401 8.20718
217 286.366 244.401 8.24474
218 286.332 244.401 8.28231
219 286.297 244.401 8.31986
220 286.26 244.401 8.35747
221 286.226 244.401 8.39508
222 286.191 244.401 8.43264
223 286.157 244.401 8.47026
224 286.121 244.401 8.50785
225 286.087 244.401 8.54544
226 286.051 244.401 8.58299
227 286.016 244.401 8.62055
228 285.982 244.401 8.65815
229 285.949 244.401 8.69572
230 285.917 244.401 8.73327
231 285.878 244.401 8.77084
232 285.845 244.401 8.80842
233 285.811 244.401 8.846
234 285.777 244.401 8.88356
235 285.746 244.401 8.92118
236 285.711 244.401 8.95877
237 285.676 244.401 8.99639
238 285.642 244.401 9.03397
239 285.608 244.401 9.07151
240 285.578 244.401 9.10913
241 285.544 244.401 9.14719
242 285.51 244.401 9.18477
243 285.478 244.401 9.22236
244 285.445 244.401 9.2599
245 285.41 244.401 9.29747
246 285.379 244.401 9.33542
247 285.346 244.401 9.37371
248 285.312 244.401 9.4147
249 285.279 244.401 9.45232
250 285.248 244.401 9.48991
251 285.217 244.401 9.52746
252 285.184 244.401 9.565
253 285.152 244.401 9.60265
254 285.121 244.401 9.64028
255 285.088 244.401 9.67785
256 285.056 244.401 9.71544
257 285.022 244.401 9.75302
258 284.991 244.401 9.79063
259 284.963 244.401 9.82819
260 284.931 244.401 9.86576
261 284.899 244.401 9.90336
262 284.868 244.401 9.94093
263 284.837 244.401 9.97853
264 284.803 244.401 10.0161
265 284.774 244.401 10.0537
266 284.742 244.401 10.0913
267 284.712 244.401 10.1289
268 284.681 244.401 10.1665
269 284.652 244.401 10.2041
270 284.618 244.401 10.2416
271 284.59 244.401 10.2792
272 284.56 244.401 10.3167
273 284.527 244.401 10.3543
274 284.497 244.401 10.3918
275 284.466 244.401 10.4296
276 284.438 244.401 10.4673
277 284.407 244.401 10.5049
278 284.378 244.401 10.5424
279 284.349 244.401 10.58
280 284.318 244.401 10.6176
281 284.29 244.401 10.6552
282 284.256 244.401 10.6928
283 284.229 244.401 10.7303
284 284.199 244.401 10.7679
285 284.168 244.401 10.8055
286 284.138 244.401 10.8431
287 284.112 244.401 10.8806
288 284.081 244.401 10.9182
289 284.052 244.401 10.9557
290 284.023 244.401 10.9933
291 283.993 244.401 11.0309
292 283.964 244.401 11.0685
293 283.936 244.401 11.1061
294 283.907 244.401 11.1436
295 283.879 244.401 11.1813
296 283.849 244.401 11.2189
297 283.822 244.401 11.2564
298 283.792 244.401 11.2941
299 283.765 244.401 11.3316
300 283.735 244.401 11.3694
301 283.707 244.401 11.4071
302 283.678 244.401 11.4447
303 283.649 244.401 11.4823
304 283.621 244.401 11.5198
305 283.594 244.401 11.5574
306 283.566 244.401 11.595
307 283.539 244.401 11.6325
308 283.512 244.401 11.6701
309 283.483 244.401 11.7077
310 283.454 244.401 11.7452
311 283.426 244.401 11.7828
312 283.4 244.401 11.8204
313 283.371 244.401 11.8581
314 283.342 244.401 11.8956
315 283.315 244.401 11.9332
316 283.288 244.401 11.9708
317 283.261 244.401 12.0084
318 283.234 244.401 12.046
319 283.206 244.401 12.0836
320 283.18 244.401 12.1212
321 283.155 244.401 12.1587
322 283.126 244.401 12.1964
323 283.099 244.401 12.234
324 283.07 244.401 12.2715
325 283.043 244.401 12.3091
326 283.019 244.401 12.3468
327 282.992 244.401 12.3878
328 282.965 244.401 12.4264
329 282.938 244.401 12.4708
330 282.912 244.401 12.5087
331 282.886 244.401 12.5467
332 282.86 244.401 12.5847
333 282.833 244.401 12.6225
334 282.806 244.401 12.6602
335 282.781 244.401 12.6978
336 282.755 244.401 12.7354
337 282.727 244.401 12.7749
338 282.701 244.401 12.8127
339 282.676 244.401 12.8502
340 282.651 244.401 12.8879
341 282.622 244.401 12.9255
342 282.597 244.401 12.9631
343 282.574 244.401 13.0007
344 282.548 244.401 13.0383
345 282.522 244.401 13.0761
346 282.495 244.401 13.1137
347 282.471 244.401 13.1513
348 282.444 244.401 13.1889
349 282.418 244.401 13.2267
350 282.393 244.401 13.2643
351 282.371 244.401 13.302
352 282.343 244.401 13.3397
353 282.317 244.401 13.3773
354 282.291 244.401 13.4149
355 282.269 244.401 13.4526
356 282.243 244.401 13.4902
357 282.217 244.401 13.5278
358 282.193 244.401 13.5654
359 282.168 244.401 13.6031
360 282.144 244.401 13.6407
361 282.119 244.401 13.6783
362 282.09 244.401 13.7159
363 282.068 244.401 13.7544
364 282.043 244.401 13.7941
365 282.019 244.401 13.8339
366 281.994 244.401 13.8738
367 281.971 244.401 13.9133
368 281.946 244.401 13.9529
369 281.921 244.401 13.9925
370 281.895 244.401 14.0319
371 281.872 244.401 14.0713
372 281.85 244.401 14.111
373 281.826 244.401 14.149
374 281.799 244.401 14.1867
375 281.776 244.401 14.2243
376 281.751 244.401 14.2619
377 281.727 244.401 14.2995
378 281.704 244.401 14.3375
379 281.679 244.401 14.3865
380 281.657 244.401 14.4241
381 281.633 244.401 14.462
382 281.609 244.401 14.4997
383 281.585 244.401 14.5373
384 281.561 244.401 14.575
385 281.537 244.401 14.6125
386 281.515 244.401 14.6501
387 281.491 244.401 14.6877
388 281.469 244.401 14.7254
389 281.443 244.401 14.7631
390 281.418 244.401 14.8008
391 281.397 244.401 14.8384
392 281.373 244.401 14.876
393 281.35 244.401 14.9137
394 281.327 244.401 14.9516
395 281.304 244.401 14.9893
396 281.281 244.401 15.0269
397 281.258 244.401 15.0645
398 281.236 244.401 15.1024
399 281.209 244.401 15.14
400 281.187 244.401 15.1777
401 281.165 244.401 15.2156
402 281.145 244.401 15.2538
403 281.121 244.401 15.2914
404 281.097 244.401 15.329
405 281.074 244.401 15.3666
406 281.052 244.401 15.4044
407 281.031 244.401 15.4424
408 281.008 244.401 15.4803
409 280.985 244.401 15.5183
410 280.962 244.401 15.5577
411 280.942 244.401 15.5967
412 280.919 244.401 15.636
413 280.895 244.401 15.6752
414 280.873 244.401 15.7138
415 280.851 244.401 15.7514
416 280.828 244.401 15.7891
417 280.806 244.401 15.8267
418 280.785 244.401 15.8643
419 280.762 244.401 15.9019
420 280.739 244.401 15.9395
421 280.717 244.401 15.9772
422 280.695 244.401 16.0148
423 280.672 244.401 16.0525
424 280.651 244.401 16.0901
425 280.63 244.401 16.1278
426 280.609 244.401 16.1658
427 280.587 244.401 16.2053
428 280.565 244.401 16.245
429 280.542 244.401 16.2845
430 280.521 244.401 16.324
431 280.499 244.401 16.3635
432 280.478 244.401 16.4015
433 280.456 244.401 16.4391
434 280.435 244.401 16.4767
435 280.414 244.401 16.5142
436 280.392 244.401 16.5518
437 280.37 244.401 16.5895
438 280.35 244.401 16.6271
439 280.329 244.401 16.6647
440 280.308 244.401 16.7022
441 280.287 244.401 16.7399
442 280.263 244.401 16.7775
443 280.242 244.401 16.8151
444 280.221 244.401 16.853
445 280.198 244.401 16.8906
446 280.179 244.401 16.9282
447 280.158 244.401 16.9658
448 280.137 244.401 17.0034
449 280.117 244.401 17.041
450 280.097 244.401 17.0787
451 280.077 244.401 17.1164
452 280.057 244.401 17.154
453 280.035 244.401 17.1916
454 280.013 244.401 17.2292
455 279.992 244.401 17.2668
456 279.972 244.401 17.3044
457 279.952 244.401 17.342
458 279.93 244.401 17.3797
459 279.91 244.401 17.4173
460 279.89 244.401 17.4549
461 279.87 244.401 17.4925
462 279.85 244.401 17.5301
463 279.827 244.401 17.5677
464 279.806 244.401 17.6054
465 279.786 244.401 17.6429
466 279.768 244.401 17.6805
467 279.748 244.401 17.7181
468 279.727 244.401 17.7557
469 279.705 244.401 17.7934
470 279.685 244.401 17.831
471 279.666 244.401 17.8686
472 279.646 244.401 17.9063
473 279.627 244.401 17.9438
474 279.605 244.401 17.9815
475 279.585 244.401 18.0191
476 279.566 244.401 18.0567
477 279.545 244.401 18.0943
478 279.526 244.401 18.132
479 279.507 244.401 18.1696
480 279.487 244.401 18.2072
481 279.465 244.401 18.2448
482 279.446 244.401 18.2829
483 279.427 244.401 18.3206
484 279.408 244.401 18.3582
485 279.388 244.401 18.3961
486 279.368 244.401 18.4339
487 279.349 244.401 18.4714
488 279.329 244.401 18.509
489 279.309 244.401 18.5467
490 279.291 244.401 18.5842
491 279.27 244.401 18.6219
492 279.249 244.401 18.6595
493 279.231 244.401 18.6971
494 279.21 244.401 18.7347
495 279.192 244.401 18.7723
496 279.173 244.401 18.8099
497 279.155 244.401 18.8475
498 279.134 244.401 18.8852
499 279.115 244.401 18.9227
500 279.097 244.401 18.9604
501 279.078 244.401 18.9984
502 279.059 244.401 19.0365
503 279.038 244.401 19.0742
504 279.019 244.401 19.1117
505 279.002 244.401 19.1494
506 278.984 244.401 19.187
507 278.963 244.401 19.2246
508 278.944 244.401 19.2623
509 278.927 244.401 19.2999
510 278.908 244.401 19.3379
511 278.888 244.401 19.3761
512 278.87 244.401 19.4158
513 278.851 244.401 19.4535
514 278.831 244.401 19.4911
515 278.812 244.401 19.5287
516 278.795 244.401 19.5663
517 278.774 244.401 19.6039
518 278.756 244.401 19.6415
519 278.739 244.401 19.6792
520 278.721 244.401 19.7167
521 278.701 244.401 19.7543
522 278.682 244.401 19.792
523 278.664 244.401 19.8296
524 278.646 244.401 19.8672
525 278.627 244.401 19.9048
526 278.607 244.401 19.9425
527 278.589 244.401 19.9801
528 278.572 244.401 20.0177
529 278.555 244.401 20.0553
530 278.537 244.401 20.0929
531 278.517 244.401 20.1305
532 278.499 244.401 20.1682
533 278.481 244.401 20.2058
534 278.463 244.401 20.2434
535 278.446 244.401 20.2815
536 278.426 244.401 20.3191
537 278.409 244.401 20.3567
538 278.39 244.401 20.3944
539 278.373 244.401 20.4322
540 278.354 244.401 20.4706
541 278.336 244.401 20.5083
542 278.318 244.401 20.5463
543 278.3 244.401 20.5839
544 278.284 244.401 20.6217
545 278.266 244.401 20.6593
546 278.248 244.401 20.6969
547 278.23 244.401 20.7346
548 278.212 244.401 20.7722
549 278.194 244.401 20.8098
550 278.178 244.401 20.8474
551 278.16 244.401 20.885
552 278.142 244.401 20.9227
553 278.124 244.401 20.9603
554 278.106 244.401 20.9979
555 278.088 244.401 21.0355
556 278.071 244.401 21.0732
557 278.054 244.401 21.1107
558 278.036 244.401 21.1484
559 278.017 244.401 21.186
560 278.001 244.401 21.2237
561 277.983 244.401 21.2613
562 277.967 244.401 21.2989
563 277.949 244.401 21.3365
564 277.932 244.401 21.3741
565 277.915 244.401 21.4117
566 277.897 244.401 21.4495
567 277.88 244.401 21.487
568 277.862 244.401 21.5246
569 277.844 244.401 21.5623
570 277.827 244.401 21.5998
571 277.809 244.401 21.6375
572 277.795 244.401 21.6751
573 277.778 244.401 21.7127
574 277.759 244.401 21.7505
575 277.743 244.401 21.7881
576 277.725 244.401 21.8258
577 277.711 244.401 21.8637
578 277.694 244.401 21.9014
579 277.678 244.401 21.939
580 277.657 244.401 21.9767
581 277.638 244.401 22.0143
582 277.625 244.401 22.0519
583 277.608 244.401 22.0896
584 277.591 244.401 22.1273
585 277.572 244.401 22.1649
586 277.555 244.401 22.2026
587 277.54 244.401 22.2402
588 277.525 244.401 22.2779
589 277.509 244.401 22.3162
590 277.492 244.401 22.3585
591 277.476 244.401 22.3962
592 277.458 244.401 22.4339
593 277.442 244.401 22.4716
594 277.424 244.401 22.5092
595 277.406 244.401 22.5477
596 277.389 244.401 22.5854
597 277.373 244.401 22.623
598 277.358 244.401 22.6605
599 277.343 244.401 22.6982
600 277.325 244.401 22.7359
601 277.308 244.401 22.7737
602 277.29 244.401 22.8118
603 277.276 244.401 22.8494
604 277.259 244.401 22.8871
605 277.243 244.401 22.9247
606 277.226 244.401 22.9623
607 277.213 244.401 22.9999
608 277.196 244.401 23.0375
609 277.18 244.401 23.0751
610 277.161 244.401 23.1128
611 277.144 244.401 23.1504
612 277.127 244.401 23.188
613 277.113 244.401 23.2257
614 277.099 244.401 23.2632
615 277.083 244.401 23.3008
616 277.065 244.401 23.3385
617 277.048 244.401 23.3766
618 277.033 244.401 23.4142
619 277.018 244.401 23.4519
620 277.004 244.401 23.4895
621 276.987 244.401 23.5281
622 276.97 244.401 23.5746
623 276.956 244.401 23.6244
624 276.938 244.401 23.6623
625 276.921 244.401 23.7003
626 276.906 244.401 23.7382
627 276.889 244.401 23.7759
628 276.875 244.401 23.8136
629 276.86 244.401 23.8512
630 276.842 244.401 23.8888
631 276.827 244.401 23.9278
632 276.811 244.401 23.9655
633 276.797 244.401 24.0031
634 276.783 244.401 24.0407
635 276.767 244.401 24.0783
636 276.75 244.401 24.1159
637 276.733 244.401 24.1539
638 276.716 244.401 24.1916
639 276.703 244.401 24.2292
640 276.687 244.401 24.2669
641 276.675 244.401 24.305
642 276.658 244.401 24.3432
643 276.641 244.401 24.3916
644 276.625 244.401 24.4295
645 276.61 244.401 24.4673
646 276.596 244.401 24.5049
647 276.58 244.401 24.5425
648 276.565 244.401 24.58
649 276.547 244.401 24.6176
650 276.532 244.401 24.6552
651 276.518 244.401 24.6927
652 276.502 244.401 24.7303
653 276.487 244.401 24.7679
654 276.474 244.401 24.8055
655 276.457 244.401 24.843
656 276.443 244.401 24.8806
657 276.427 244.401 24.9182
658 276.411 244.401 24.9558
659 276.399 244.401 24.9934
660 276.383 244.401 25.0309
661 276.369 244.401 25.0685
662 276.353 244.401 25.1061
663 276.335 244.401 25.1437
664 276.32 244.401 25.1813
665 276.306 244.401 25.2188
666 276.293 244.401 25.2564
667 276.278 244.401 25.2939
668 276.263 244.401 25.3315
669 276.247 244.401 25.369
670 276.231 244.401 25.4071
671 276.215 244.401 25.4449
672 276.203 244.401 25.4825
673 276.187 244.401 25.5201
674 276.173 244.401 25.5577
675 276.159 244.401 25.5953
676 276.144 244.401 25.6329
677 276.129 244.401 25.6705
678 276.113 244.401 25.708
679 276.097 244.401 25.7456
680 276.083 244.401 25.7833
681 276.071 244.401 25.8209
682 276.055 244.401 25.8584
683 276.041 244.401 25.896
684 276.025 244.401 25.9336
685 276.012 244.401 25.9712
686 275.996 244.401 26.0088
687 275.982 244.401 26.0464
688 275.968 244.401 26.0839
689 275.955 244.401 26.1215
690 275.94 244.401 26.1591
691 275.924 244.401 26.1967
692 275.911 244.401 26.2343
693 275.896 244.401 26.2718
694 275.882 244.401 26.3095
695 275.867 244.401 26.347
696 275.854 244.401 26.3846
697 275.838 244.401 26.4221
698 275.823 244.401 26.4598
699 275.806 244.401 26.4973
700 275.794 244.401 26.5349
701 275.781 244.401 26.5725
702 275.766 244.401 26.6101
703 275.753 244.401 26.6477
704 275.738 244.401 26.6853
705 275.724 244.401 26.7229
706 275.708 244.401 26.7605
707 275.696 244.401 26.798
708 275.683 244.401 26.8356
709 275.668 244.401 26.8732
710 275.656 244.401 26.9107
711 275.639 244.401 26.9483
712 275.623 244.401 26.9859
713 275.609 244.401 27.0235
714 275.596 244.401 27.0611
715 275.584 244.401 27.0986
716 275.568 244.401 27.1362
717 275.554 244.401 27.1738
718 275.54 244.401 27.2114
719 275.527 244.401 27.249
720 275.513 244.401 27.2866
721 275.501 244.401 27.3241
722 275.486 244.401 27.3617
723 275.472 244.401 27.3993
724 275.456 244.401 27.4369
725 275.441 244.401 27.4745
726 275.431 244.401 27.512
727 275.419 244.401 27.5496
728 275.404 244.401 27.5871
729 275.388 244.401 27.6247
730 275.374 244.401 27.6622
731 275.359 244.401 27.6998
732 275.347 244.401 27.7374
733 275.334 244.401 27.775
734 275.318 244.401 27.8126
735 275.306 244.401 27.8501
736 275.293 244.401 27.8877
737 275.278 244.401 27.9252
738 275.266 244.401 27.9628
739 275.254 244.401 28.0004
740 275.238 244.401 28.038
741 275.224 244.401 28.0756
742 275.211 244.401 28.1131
743 275.198 244.401 28.1507
744 275.184 244.401 28.1883
745 275.172 244.401 28.226
746 275.156 244.401 28.2635
747 275.144 244.401 28.3011
748 275.13 244.401 28.3387
749 275.116 244.401 28.3763
750 275.102 244.401 28.4139
751 275.09 244.401 28.4514
752 275.076 244.401 28.489
753 275.063 244.401 28.5266
754 275.051 244.401 28.5642
755 275.036 244.401 28.6018
756 275.024 244.401 28.6394
757 275.012 244.401 28.677
758 274.998 244.401 28.7145
759 274.983 244.401 28.7521
760 274.968 244.401 28.7897
761 274.956 244.401 28.8273
762 274.944 244.401 28.8649
763 274.932 244.401 28.9024
764 274.918 244.401 28.94
765 274.904 244.401 28.9775
766 274.89 244.401 29.0151
767 274.877 244.401 29.0527
768 274.864 244.401 29.0903
769 274.851 244.401 29.1279
770 274.838 244.401 29.1655
771 274.823 244.401 29.203
772 274.812 244.401 29.2406
773 274.8 244.401 29.2783
774 274.786 244.401 29.3158
775 274.775 244.401 29.3539
776 274.762 244.401 29.3975
777 274.748 244.401 29.4352
778 274.734 244.401 29.4728
779 274.723 244.401 29.5103
780 274.71 244.401 29.5479
781 274.697 244.401 29.5855
782 274.683 244.401 29.6231
783 274.67 244.401 29.6606
784 274.656 244.401 29.6982
785 274.644 244.401 29.7357
786 274.632 244.401 29.7733
787 274.62 244.401 29.8109
788 274.606 244.401 29.8485
789 274.593 244.401 29.8861
790 274.579 244.401 29.9236
791 274.567 244.401 29.9612
792 274.555 244.401 29.9988
793 274.543 244.401 30.0364
794 274.53 244.401 30.074
795 274.517 244.401 30.1115
796 274.505 244.401 30.1492
797 274.492 244.401 30.1867
798 274.479 244.401 30.2243
799 274.466 244.401 30.2619
800 274.454 244.401 30.2995
801 274.442 244.401 30.3371
802 274.43 244.401 30.3748
803 274.415 244.401 30.4125
804 274.402 244.401 30.4502
805 274.391 244.401 30.4878
806 274.378 244.401 30.5254
807 274.367 244.401 30.563
808 274.353 244.401 30.6006
809 274.342 244.401 30.6382
810 274.327 244.401 30.6758
811 274.315 244.401 30.7133
812 274.301 244.401 30.7509
813 274.291 244.401 30.7885
814 274.278 244.401 30.8261
815 274.267 244.401 30.8636
816 274.254 244.401 30.9012
817 274.243 244.401 30.9388
818 274.23 244.401 30.9764
819 274.217 244.401 31.014
820 274.204 244.401 31.0516
821 274.194 244.401 31.0892
822 274.18 244.401 31.1268
823 274.168 244.401 31.1644
824 274.154 244.401 31.202
825 274.143 244.401 31.2395
826 274.13 244.401 31.2771
827 274.118 244.401 31.3147
828 274.106 244.401 31.3522
829 274.095 244.401 31.3898
830 274.083 244.401 31.4274
831 274.071 244.401 31.4649
832 274.058 244.401 31.5026
833 274.046 244.401 31.5401
834 274.034 244.401 31.5777
835 274.022 244.401 31.6153
836 274.01 244.401 31.6528
837 273.999 244.401 31.6904
838 273.985 244.401 31.7279
839 273.974 244.401 31.7655
840 273.961 244.401 31.8031
841 273.95 244.401 31.8407
842 273.938 244.401 31.8783
843 273.925 244.401 31.9159
844 273.913 244.401 31.9535
845 273.901 244.401 31.991
846 273.89 244.401 32.0286
847 273.877 244.401 32.0662
848 273.867 244.401 32.1038
849 273.855 244.401 32.1414
850 273.842 244.401 32.1789
851 273.831 244.401 32.2165
852 273.818 244.401 32.2541
853 273.805 244.401 32.2916
854 273.794 244.401 32.3292
855 273.783 244.401 32.3668
856 273.773 244.401 32.4044
857 273.759 244.401 32.442
858 273.749 244.401 32.4796
859 273.736 244.401 32.5172
860 273.726 244.401 32.5547
861 273.713 244.401 32.5922
862 273.702 244.401 32.6299
863 273.691 244.401 32.6674
864 273.677 244.401 32.705
865 273.665 244.401 32.7425
866 273.652 244.401 32.7801
867 273.641 244.401 32.8176
868 273.629 244.401 32.8552
869 273.619 244.401 32.8928
870 273.607 244.401 32.9304
871 273.596 244.401 32.9679
872 273.584 244.401 33.0055
873 273.572 244.401 33.0431
874 273.562 244.401 33.0807
875 273.55 244.401 33.1183
876 273.537 244.401 33.156
877 273.526 244.401 33.1935
878 273.513 244.401 33.2311
879 273.503 244.401 33.2686
880 273.491 244.401 33.3062
881 273.481 244.401 33.3438
882 273.47 244.401 33.3814
883 273.459 244.401 33.419
884 273.446 244.401 33.4565
885 273.436 244.401 33.4941
886 273.424 244.401 33.5316
887 273.413 244.401 33.5694
888 273.401 244.401 33.607
889 273.389 244.401 33.6446
890 273.378 244.401 33.6823
891 273.367 244.401 33.7198
892 273.353 244.401 33.7575
893 273.344 244.401 33.795
894 273.332 244.401 33.8326
895 273.322 244.401 33.8702
896 273.311 244.401 33.9078
897 273.301 244.401 33.9454
898 273.289 244.401 33.9829
899 273.276 244.401 34.0205
900 273.267 244.401 34.0581
901 273.254 244.401 34.0958
902 273.243 244.401 34.1334
903 273.232 244.401 34.171
904 273.219 244.401 34.2086
905 273.209 244.401 34.2462
906 273.198 244.401 34.2837
907 273.188 244.401 34.3213
908 273.178 244.401 34.3594
909 273.166 244.401 34.4058
910 273.155 244.401 34.4435
911 273.143 244.401 34.4811
912 273.13 244.401 34.5187
913 273.12 244.401 34.5562
914 273.109 244.401 34.5938
915 273.098 244.401 34.6314
916 273.086 244.401 34.6698
917 273.076 244.401 34.7202
918 273.065 244.401 34.7697
919 273.054 244.401 34.8073
920 273.043 244.401 34.845
921 273.032 244.401 34.8826
922 273.021 244.401 34.9202
923 273.009 244.401 34.9578
924 272.999 244.401 34.9953
925 272.989 244.401 35.033
926 272.979 244.401 35.0707
927 272.969 244.401 35.1083
928 272.957 244.401 35.1459
929 272.945 244.401 35.1835
930 272.935 244.401 35.2211
931 272.926 244.401 35.2586
932 272.915 244.401 35.2962
933 272.901 244.401 35.3338
934 272.893 244.401 35.3714
935 272.88 244.401 35.4096
936 272.869 244.401 35.4473
937 272.859 244.401 35.4849
938 272.848 244.401 35.5225
939 272.837 244.401 35.5601
940 272.827 244.401 35.5978
941 272.817 244.401 35.6354
942 272.806 244.401 35.673
943 272.794 244.401 35.7106
944 272.782 244.401 35.7482
945 272.773 244.401 35.7858
946 272.76 244.401 35.8234
947 272.751 244.401 35.8609
948 272.74 244.401 35.9
949 272.73 244.401 35.9375
950 272.719 244.401 35.9789
951 272.709 244.401 36.0167
952 272.697 244.401 36.0543
953 272.688 244.401 36.0919
954 272.678 244.401 36.1295
955 272.668 244.401 36.167
956 272.657 244.401 36.2046
957 272.647 244.401 36.2422
958 272.635 244.401 36.2797
959 272.624 244.401 36.3173
960 272.614 244.401 36.3549
961 272.603 244.401 36.3924
962 272.595 244.401 36.43
963 272.583 244.401 36.4676
964 272.573 244.401 36.5051
965 272.562 244.401 36.5427
966 272.551 244.401 36.5803
967 272.54 244.401 36.6182
968 272.531 244.401 36.6558
969 272.522 244.401 36.6934
970 272.512 244.401 36.731
971 272.501 244.401 36.7686
972 272.489 244.401 36.8061
973 272.48 244.401 36.8437
974 272.467 244.401 36.8814
975 272.459 244.401 36.9189
976 272.45 244.401 36.9565
977 272.44 244.401 36.994
978 272.43 244.401 37.0316
979 272.418 244.401 37.0692
980 272.406 244.401 37.1068
981 272.396 244.401 37.1459
982 272.385 244.401 37.1835
983 272.375 244.401 37.2211
984 272.365 244.401 37.2587
985 272.356 244.401 37.2962
986 272.345 244.401 37.3338
987 272.336 244.401 37.3714
988 272.326 244.401 37.4089
989 272.314 244.401 37.4465
990 272.302 244.401 37.484
991 272.292 244.401 37.5216
992 272.283 244.401 37.5592
993 272.274 244.401 37.5968
994 272.264 244.401 37.6344
995 272.255 244.401 37.672
996 272.246 244.401 37.7096
997 272.235 244.401 37.7471
998 272.222 244.401 37.7848
999 272.212 244.401 37.8224
1000 272.202 244.401 37.86
1001 272.193 244.401 37.8977
1002 272.183 244.401 37.9353
1003 272.174 244.401 37.9729
1004 272.165 244.401 38.0105
1005 272.153 244.401 38.0481
1006 272.144 244.401 38.0857
1007 272.133 244.401 38.1232
1008 272.123 244.401 38.1609
1009 272.114 244.401 38.1984
1010 272.105 244.401 38.236
1011 272.093 244.401 38.2736
1012 272.083 244.401 38.3112
1013 272.071 244.401 38.3487
1014 272.062 244.401 38.3863
1015 272.053 244.401 38.4239
1016 272.044 244.401 38.4615
1017 272.035 244.401 38.4991
1018 272.026 244.401 38.5366
1019 272.015 244.401 38.5742
1020 272.005 244.401 38.6118
1021 271.995 244.401 38.6494
1022 271.984 244.401 38.6871
1023 271.975 244.401 38.7246
1024 271.964 244.401 38.7622
1025 271.955 244.401 38.7998
1026 271.945 244.401 38.8374
1027 271.935 244.401 38.875
1028 271.925 244.401 38.9126
1029 271.915 244.401 38.9501
1030 271.904 244.401 38.9877
1031 271.896 244.401 39.0253
1032 271.885 244.401 39.0628
1033 271.877 244.401 39.1004
1034 271.867 244.401 39.1381
1035 271.856 244.401 39.1756
1036 271.848 244.401 39.2132
1037 271.839 244.401 39.2508
1038 271.828 244.401 39.2884
1039 271.819 244.401 39.3261
1040 271.809 244.401 39.3752
1041 271.8 244.401 39.4135
1042 271.789 244.401 39.4511
1043 271.78 244.401 39.4886
1044 271.769 244.401 39.5262
1045 271.76 244.401 39.5638
1046 271.752 244.401 39.6013
1047 271.743 244.401 39.6389
1048 271.734 244.401 39.6765
1049 271.725 244.401 39.7152
1050 271.713 244.401 39.7528
1051 271.705 244.401 39.7904
1052 271.695 244.401 39.828
1053 271.685 244.401 39.8656
1054 271.676 244.401 39.9032
1055 271.666 244.401 39.9408
1056 271.658 244.401 39.9785
1057 271.647 244.401 40.016
1058 271.638 244.401 40.0536
1059 271.626 244.401 40.0912
1060 271.617 244.401 40.1288
1061 271.607 244.401 40.1664
1062 271.6 244.401 40.2039
1063 271.589 244.401 40.2415
1064 271.58 244.401 40.2791
1065 271.571 244.401 40.3166
1066 271.562 244.401 40.3542
1067 271.553 244.401 40.3918
1068 271.543 244.401 40.4296
1069 271.532 244.401 40.4673
1070 271.523 244.401 40.5049
1071 271.513 244.401 40.5425
1072 271.505 244.401 40.58
1073 271.496 244.401 40.6176
1074 271.486 244.401 40.6552
1075 271.478 244.401 40.6927
1076 271.467 244.401 40.7304
1077 271.459 244.401 40.768
1078 271.449 244.401 40.8056
1079 271.44 244.401 40.8432
1080 271.431 244.401 40.8807
1081 271.421 244.401 40.9183
1082 271.413 244.401 40.9559
1083 271.405 244.401 40.9934
1084 271.396 244.401 41.031
1085 271.388 244.401 41.0686
1086 271.376 244.401 41.1062
1087 271.367 244.401 41.1438
1088 271.358 244.401 41.1814
1089 271.348 244.401 41.219
1090 271.339 244.401 41.2566
1091 271.329 244.401 41.2941
1092 271.32 244.401 41.3317
1093 271.31 244.401 41.3692
1094 271.302 244.401 41.4068
1095 271.291 244.401 41.4444
1096 271.284 244.401 41.482
1097 271.275 244.401 41.5195
1098 271.265 244.401 41.5572
1099 271.257 244.401 41.5947
1100 271.246 244.401 41.6323
1101 271.238 244.401 41.67
1102 271.23 244.401 41.7076
1103 271.22 244.401 41.7453
1104 271.211 244.401 41.7829
1105 271.203 244.401 41.8205
1106 271.194 244.401 41.8581
1107 271.184 244.401 41.8957
1108 271.175 244.401 41.9333
1109 271.166 244.401 41.9708
1110 271.156 244.401 42.0084
1111 271.149 244.401 42.046
1112 271.14 244.401 42.0836
1113 271.131 244.401 42.1211
1114 271.123 244.401 42.1603
1115 271.113 244.401 42.1978
1116 271.105 244.401 42.2354
1117 271.095 244.401 42.273
1118 271.087 244.401 42.3105
1119 271.079 244.401 42.3481
1120 271.072 244.401 42.3857
1121 271.06 244.401 42.4232
1122 271.049 244.401 42.4608
1123 271.041 244.401 42.4983
1124 271.032 244.401 42.5359
1125 271.022 244.401 42.5735
1126 271.014 244.401 42.6111
1127 271.007 244.401 42.6486
1128 270.997 244.401 42.6862
1129 270.989 244.401 42.7237
1130 270.98 244.401 42.7617
1131 270.97 244.401 42.7993
1132 270.961 244.401 42.837
1133 270.952 244.401 42.8746
1134 270.945 244.401 42.9121
1135 270.937 244.401 42.9497
1136 270.928 244.401 42.9872
1137 270.919 244.401 43.0248
1138 270.911 244.401 43.0624
1139 270.901 244.401 43.1
1140 270.893 244.401 43.1377
1141 270.884 244.401 43.1752
1142 270.876 244.401 43.2128
1143 270.867 244.401 43.2504
1144 270.856 244.401 43.2879
1145 270.848 244.401 43.3255
1146 270.839 244.401 43.3631
1147 270.831 244.401 43.4006
1148 270.824 244.401 43.4382
1149 270.817 244.401 43.4758
1150 270.808 244.401 43.5133
1151 270.798 244.401 43.5509
1152 270.788 244.401 43.5884
1153 270.778 244.401 43.6261
1154 270.771 244.401 43.6637
1155 270.763 244.401 43.7013
1156 270.753 244.401 43.7389
1157 270.745 244.401 43.7765
1158 270.736 244.401 43.8141
1159 270.728 244.401 43.8517
1160 270.716 244.401 43.8893
1161 270.707 244.401 43.9268
1162 270.7 244.401 43.9644
1163 270.692 244.401 44.002
1164 270.687 244.401 44.0396
1165 270.68 244.401 44.0772
1166 270.67 244.401 44.1147
1167 270.66 244.401 44.1523
1168 270.65 244.401 44.1899
1169 270.642 244.401 44.2275
1170 270.634 244.401 44.265
1171 270.627 244.401 44.3026
1172 270.617 244.401 44.3407
1173 270.609 244.401 44.3898
1174 270.601 244.401 44.4275
1175 270.592 244.401 44.4651
1176 270.582 244.401 44.503
1177 270.574 244.401 44.5405
1178 270.566 244.401 44.5782
1179 270.557 244.401 44.6158
1180 270.549 244.401 44.6535
1181 270.54 244.401 44.691
1182 270.532 244.401 44.7286
1183 270.524 244.401 44.7662
1184 270.517 244.401 44.8038
1185 270.51 244.401 44.8414
1186 270.502 244.401 44.879
1187 270.494 244.401 44.9166
1188 270.485 244.401 44.9542
1189 270.474 244.401 44.9918
1190 270.465 244.401 45.0294
1191 270.456 244.401 45.067
1192 270.449 244.401 45.1045
1193 270.44 244.401 45.1421
1194 270.433 244.401 45.1797
1195 270.426 244.401 45.2173
1196 270.417 244.401 45.2549
1197 270.409 244.401 45.2924
1198 270.4 244.401 45.33
1199 270.392 244.401 45.3676
1200 270.383 244.401 45.4059
1201 270.376 244.401 45.4437
1202 270.368 244.401 45.4814
1203 270.361 244.401 45.519
1204 270.351 244.401 45.5568
1205 270.342 244.401 45.5953
1206 270.334 244.401 45.6347
1207 270.327 244.401 45.6829
1208 270.318 244.401 45.7205
1209 270.309 244.401 45.7583
1210 270.3 244.401 45.7959
1211 270.292 244.401 45.8344
1212 270.284 244.401 45.872
1213 270.276 244.401 45.9096
1214 270.268 244.401 45.9471
1215 270.261 244.401 45.989
1216 270.253 244.401 46.0266
1217 270.244 244.401 46.0641
1218 270.236 244.401 46.1017
1219 270.227 244.401 46.1393
1220 270.22 244.401 46.1769
1221 270.212 244.401 46.2144
1222 270.205 244.401 46.2521
1223 270.197 244.401 46.2896
1224 270.19 244.401 46.3272
1225 270.182 244.401 46.3647
1226 270.172 244.401 46.4023
1227 270.164 244.401 46.4399
1228 270.156 244.401 46.4775
1229 270.148 244.401 46.515
1230 270.14 244.401 46.5526
1231 270.133 244.401 46.5902
1232 270.125 244.401 46.6278
1233 270.117 244.401 46.6654
1234 270.108 244.401 46.7029
1235 270.099 244.401 46.7404
1236 270.092 244.401 46.7781
1237 270.084 244.401 46.8157
1238 270.076 244.401 46.8534
1239 270.069 244.401 46.8909
1240 270.061 244.401 46.9285
1241 270.054 244.401 46.9661
1242 270.045 244.401 47.0036
1243 270.038 244.401 47.0413
1244 270.031 244.401 47.0788
1245 270.023 244.401 47.1164
1246 270.015 244.401 47.1555
1247 270.005 244.401 47.1931
1248 269.996 244.401 47.2307
1249 269.989 244.401 47.2683
1250 269.979 244.401 47.3059
1251 269.972 244.401 47.3434
1252 269.966 244.401 47.3809
1253 269.96 244.401 47.4185
1254 269.953 244.401 47.4561
1255 269.942 244.401 47.4937
1256 269.935 244.401 47.5312
1257 269.926 244.401 47.5688
1258 269.918 244.401 47.6064
1259 269.909 244.401 47.6439
1260 269.901 244.401 47.6815
1261 269.892 244.401 47.7191
1262 269.886 244.401 47.7567
1263 269.878 244.401 47.7944
1264 269.871 244.401 47.8319
1265 269.863 244.401 47.8696
1266 269.857 244.401 47.9072
1267 269.85 244.401 47.9447
1268 269.842 244.401 47.9824
1269 269.835 244.401 48.0199
1270 269.827 244.401 48.0576
1271 269.818 244.401 48.0951
1272 269.811 244.401 48.1327
1273 269.802 244.401 48.1703
1274 269.796 244.401 48.2079
1275 269.788 244.401 48.2455
1276 269.781 244.401 48.2831
1277 269.774 244.401 48.3207
1278 269.765 244.401 48.3582
1279 269.759 244.401 48.3958
1280 269.751 244.401 48.4334
1281 269.742 244.401 48.471
1282 269.734 244.401 48.5085
1283 269.728 244.401 48.5461
1284 269.719 244.401 48.5837
1285 269.71 244.401 48.6213
1286 269.702 244.401 48.6588
1287 269.697 244.401 48.6964
1288 269.689 244.401 48.734
1289 269.683 244.401 48.7715
1290 269.674 244.401 48.8092
1291 269.666 244.401 48.8467
1292 269.66 244.401 48.8843
1293 269.65 244.401 48.9224
1294 269.644 244.401 48.9599
1295 269.636 244.401 48.9975
1296 269.628 244.401 49.0351
1297 269.62 244.401 49.0727
1298 269.613 244.401 49.1103
1299 269.604 244.401 49.1479
1300 269.597 244.401 49.1855
1301 269.589 244.401 49.2233
1302 269.582 244.401 49.2609
1303 269.575 244.401 49.2985
1304 269.568 244.401 49.3364
1305 269.559 244.401 49.3744
1306 269.554 244.401 49.4123
1307 269.546 244.401 49.4501
1308 269.539 244.401 49.4877
1309 269.531 244.401 49.5253
1310 269.526 244.401 49.5629
1311 269.517 244.401 49.6004
1312 269.51 244.401 49.638
1313 269.502 244.401 49.6756
1314 269.494 244.401 49.7132
1315 269.484 244.401 49.7507
1316 269.477 244.401 49.7883
1317 269.471 244.401 49.826
1318 269.465 244.401 49.8636
1319 269.457 244.401 49.9011
1320 269.451 244.401 49.9388
1321 269.441 244.401 49.9763
1322 269.433 244.401 50.0139
1323 269.426 244.401 50.0515
1324 269.418 244.401 50.0891
1325 269.411 244.401 50.1266
1326 269.405 244.401 50.1643
1327 269.398 244.401 50.2018
1328 269.392 244.401 50.2394
1329 269.382 244.401 50.277
1330 269.375 244.401 50.3146
1331 269.368 244.401 50.3521
1332 269.359 244.401 50.3897
1333 269.352 244.401 50.4273
1334 269.347 244.401 50.4651
1335 269.339 244.401 50.5027
1336 269.333 244.401 50.5403
1337 269.324 244.401 50.5779
1338 269.317 244.401 50.6155
1339 269.309 244.401 50.6531
1340 269.301 244.401 50.6907
1341 269.295 244.401 50.7283
1342 269.291 244.401 50.7659
1343 269.284 244.401 50.8034
1344 269.277 244.401 50.841
1345 269.27 244.401 50.8786
1346 269.262 244.401 50.9161
1347 269.255 244.401 50.9538
1348 269.246 244.401 50.9914
1349 269.24 244.401 51.029
1350 269.231 244.401 51.0665
1351 269.224 244.401 51.1041
1352 269.215 244.401 51.1418
1353 269.21 244.401 51.1794
1354 269.203 244.401 51.2169
1355 269.197 244.401 51.2545
1356 269.189 244.401 51.2921
1357 269.182 244.401 51.3296
1358 269.174 244.401 51.3673
1359 269.168 244.401 51.4048
1360 269.161 244.401 51.4424
1361 269.154 244.401 51.4799
1362 269.145 244.401 51.5175
1363 269.14 244.401 51.5551
1364 269.133 244.401 51.5926
1365 269.125 244.401 51.6302
1366 269.117 244.401 51.6678
1367 269.108 244.401 51.7054
1368 269.101 244.401 51.743
1369 269.097 244.401 51.7806
1370 269.089 244.401 51.8181
1371 269.083 244.401 51.8557
1372 269.076 244.401 51.8934
1373 269.068 244.401 51.9309
1374 269.06 244.401 51.9686
1375 269.053 244.401 52.0062
1376 269.048 244.401 52.0438
1377 269.042 244.401 52.0814
1378 269.034 244.401 52.119
1379 269.027 244.401 52.1582
1380 269.021 244.401 52.1957
1381 269.014 244.401 52.2333
1382 269.006 244.401 52.2709
1383 269 244.401 52.3085
1384 268.994 244.401 52.346
1385 268.986 244.401 52.3836
1386 268.979 244.401 52.4212
1387 268.971 244.401 52.4588
1388 268.964 244.401 52.4963
1389 268.956 244.401 52.5339
1390 268.949 244.401 52.5714
1391 268.941 244.401 52.609
1392 268.934 244.401 52.6466
1393 268.93 244.401 52.6842
1394 268.924 244.401 52.7217
1395 268.917 244.401 52.7593
1396 268.91 244.401 52.7969
1397 268.902 244.401 52.8345
1398 268.895 244.401 52.872
1399 268.889 244.401 52.9096
1400 268.882 244.401 52.9472
1401 268.875 244.401 52.9849
1402 268.867 244.401 53.0225
1403 268.862 244.401 53.0601
1404 268.855 244.401 53.0977
1405 268.847 244.401 53.1352
1406 268.84 244.401 53.1729
1407 268.834 244.401 53.2104
1408 268.827 244.401 53.248
1409 268.82 244.401 53.2856
1410 268.814 244.401 53.3231
1411 268.807 244.401 53.3607
1412 268.799 244.401 53.3982
1413 268.792 244.401 53.4359
1414 268.786 244.401 53.4734
1415 268.782 244.401 53.511
1416 268.774 244.401 53.5486
1417 268.768 244.401 53.5861
1418 268.762 244.401 53.6237
1419 268.755 244.401 53.6613
1420 268.747 244.401 53.6989
1421 268.74 244.401 53.7364
1422 268.733 244.401 53.774
1423 268.727 244.401 53.8116
1424 268.721 244.401 53.8492
1425 268.715 244.401 53.8868
1426 268.707 244.401 53.9246
1427 268.7 244.401 53.9624
1428 268.693 244.401 54.0001
1429 268.685 244.401 54.038
1430 268.677 244.401 54.0757
1431 268.67 244.401 54.1135
1432 268.664 244.401 54.1513
1433 268.659 244.401 54.1889
1434 268.652 244.401 54.2265
1435 268.644 244.401 54.2641
1436 268.638 244.401 54.3017
1437 268.633 244.401 54.3402
1438 268.626 244.401 54.3962
1439 268.62 244.401 54.4472
1440 268.614 244.401 54.4848
1441 268.607 244.401 54.5223
1442 268.599 244.401 54.5599
1443 268.594 244.401 54.5975
1444 268.588 244.401 54.6351
1445 268.58 244.401 54.6727
1446 268.573 244.401 54.7102
1447 268.566 244.401 54.7478
1448 268.561 244.401 54.7854
1449 268.555 244.401 54.8229
1450 268.547 244.401 54.8605
1451 268.54 244.401 54.8981
1452 268.533 244.401 54.9356
1453 268.527 244.401 54.9732
1454 268.519 244.401 55.0108
1455 268.513 244.401 55.0484
1456 268.506 244.401 55.0861
1457 268.501 244.401 55.1236
1458 268.495 244.401 55.1612
1459 268.487 244.401 55.1988
1460 268.481 244.401 55.2365
1461 268.477 244.401 55.2742
1462 268.469 244.401 55.3123
1463 268.464 244.401 55.3505
1464 268.457 244.401 55.3881
1465 268.45 244.401 55.4257
1466 268.443 244.401 55.4635
1467 268.437 244.401 55.5011
1468 268.429 244.401 55.5387
1469 268.423 244.401 55.5763
1470 268.417 244.401 55.6139
1471 268.411 244.401 55.6515
1472 268.403 244.401 55.689
1473 268.395 244.401 55.7266
1474 268.389 244.401 55.7642
1475 268.383 244.401 55.802
1476 268.377 244.401 55.8399
1477 268.371 244.401 55.8774
1478 268.366 244.401 55.915
1479 268.359 244.401 55.9526
1480 268.353 244.401 55.9904
1481 268.348 244.401 56.028
1482 268.342 244.401 56.0656
1483 268.335 244.401 56.1032
1484 268.33 244.401 56.1408
1485 268.321 244.401 56.1783
1486 268.316 244.401 56.2159
1487 268.31 244.401 56.2535
1488 268.303 244.401 56.291
1489 268.297 244.401 56.3291
1490 268.289 244.401 56.3675
1491 268.282 244.401 56.4063
1492 268.277 244.401 56.451
1493 268.271 244.401 56.4887
1494 268.265 244.401 56.5264
1495 268.258 244.401 56.5645
1496 268.252 244.401 56.6022
1497 268.245 244.401 56.64
1498 268.239 244.401 56.6777
1499 268.234 244.401 56.7154
1500 268.227 244.401 56.7532
1501 268.221 244.401 56.7909
1502 268.213 244.401 56.8286
1503 268.207 244.401 56.8663
1504 268.202 244.401 56.9039
1505 268.195 244.401 56.9415
1506 268.19 244.401 56.979
1507 268.183 244.401 57.0166
1508 268.176 244.401 57.0542
1509 268.172 244.401 57.0917
1510 268.166 244.401 57.1293
1511 268.159 244.401 57.1684
1512 268.152 244.401 57.2061
1513 268.145 244.401 57.2438
1514 268.139 244.401 57.2814
1515 268.133 244.401 57.3191
1516 268.127 244.401 57.3567
1517 268.12 244.401 57.3942
1518 268.115 244.401 57.4319
1519 268.108 244.401 57.4695
1520 268.103 244.401 57.5072
1521 268.096 244.401 57.5449
1522 268.09 244.401 57.5824
1523 268.085 244.401 57.62
1524 268.079 244.401 57.6577
1525 268.073 244.401 57.6952
1526 268.067 244.401 57.7329
1527 268.059 244.401 57.7705
1528 268.052 244.401 57.8082
1529 268.048 244.401 57.8458
1530 268.042 244.401 57.8834
1531 268.035 244.401 57.921
1532 268.031 244.401 57.9587
1533 268.024 244.401 57.9967
1534 268.019 244.401 58.0343
1535 268.012 244.401 58.072
1536 268.005 244.401 58.1096
1537 267.998 244.401 58.1477
1538 267.992 244.401 58.1853
1539 267.986 244.401 58.2233
1540 267.98 244.401 58.261
1541 267.973 244.401 58.2986
1542 267.968 244.401 58.3362
1543 267.962 244.401 58.3738
1544 267.956 244.401 58.4115
1545 267.951 244.401 58.449
1546 267.946 244.401 58.4867
1547 267.939 244.401 58.5243
1548 267.931 244.401 58.5619
1549 267.925 244.401 58.5995
1550 267.919 244.401 58.637
1551 267.914 244.401 58.6747
1552 267.907 244.401 58.7122
1553 267.901 244.401 58.7498
1554 267.895 244.401 58.7875
1555 267.888 244.401 58.8254
1556 267.882 244.401 58.8634
1557 267.876 244.401 58.9011
1558 267.871 244.401 58.9387
1559 267.865 244.401 58.9762
1560 267.86 244.401 59.0139
1561 267.855 244.401 59.0515
1562 267.85 244.401 59.0892
1563 267.843 244.401 59.1268
1564 267.836 244.401 59.1644
1565 267.83 244.401 59.2021
1566 267.823 244.401 59.2397
1567 267.817 244.401 59.2772
1568 267.813 244.401 59.3149
1569 267.807 244.401 59.353
1570 267.801 244.401 59.4023
1571 267.795 244.401 59.44
1572 267.788 244.401 59.4776
1573 267.782 244.401 59.5152
1574 267.776 244.401 59.5528
1575 267.769 244.401 59.5904
1576 267.764 244.401 59.628
1577 267.759 244.401 59.6657
1578 267.754 244.401 59.7033
1579 267.747 244.401 59.7409
1580 267.74 244.401 59.7785
1581 267.735 244.401 59.8162
1582 267.73 244.401 59.8538
1583 267.724 244.401 59.8913
1584 267.716 244.401 59.929
1585 267.71 244.401 59.9665
1586 267.707 244.401 60.0041
1587 267.701 244.401 60.0418
1588 267.695 244.401 60.0794
1589 267.69 244.401 60.1169
1590 267.685 244.401 60.1546
1591 267.678 244.401 60.1923
1592 267.672 244.401 60.2299
1593 267.665 244.401 60.2675
1594 267.66 244.401 60.3051
1595 267.655 244.401 60.3427
1596 267.649 244.401 60.3803
1597 267.645 244.401 60.418
1598 267.639 244.401 60.456
1599 267.633 244.401 60.4942
1600 267.628 244.401 60.5321
1601 267.62 244.401 60.5701
1602 267.614 244.401 60.6082
1603 267.608 244.401 60.6459
1604 267.601 244.401 60.6835
1605 267.596 244.401 60.7211
1606 267.591 244.401 60.7588
1607 267.584 244.401 60.7963
1608 267.579 244.401 60.834
1609 267.574 244.401 60.8716
1610 267.568 244.401 60.9092
1611 267.561 244.401 60.9468
1612 267.556 244.401 60.9844
1613 267.55 244.401 61.022
1614 267.545 244.401 61.0596
1615 267.539 244.401 61.0972
1616 267.533 244.401 61.1348
1617 267.529 244.401 61.1725
1618 267.522 244.401 61.2102
1619 267.517 244.401 61.2477
1620 267.511 244.401 61.2854
1621 267.504 244.401 61.323
1622 267.5 244.401 61.3606
1623 267.495 244.401 61.3982
1624 267.489 244.401 61.4358
1625 267.483 244.401 61.4736
1626 267.479 244.401 61.5112
1627 267.474 244.401 61.5488
1628 267.468 244.401 61.5865
1629 267.461 244.401 61.624
1630 267.456 244.401 61.6616
1631 267.45 244.401 61.6992
1632 267.444 244.401 61.7368
1633 267.437 244.401 61.7744
1634 267.432 244.401 61.812
1635 267.427 244.401 61.8497
1636 267.421 244.401 61.8875
1637 267.415 244.401 61.9252
1638 267.41 244.401 61.9627
1639 267.405 244.401 62.0004
1640 267.398 244.401 62.0379
1641 267.394 244.401 62.0755
1642 267.387 244.401 62.1133
1643 267.382 244.401 62.1509
1644 267.377 244.401 62.1885
1645 267.371 244.401 62.2262
1646 267.366 244.401 62.2637
1647 267.362 244.401 62.3013
1648 267.355 244.401 62.3389
1649 267.35 244.401 62.3766
1650 267.345 244.401 62.4142
1651 267.339 244.401 62.4517
1652 267.333 244.401 62.4894
1653 267.326 244.401 62.527
1654 267.321 244.401 62.5648
1655 267.316 244.401 62.6026
1656 267.311 244.401 62.6407
1657 267.305 244.401 62.6783
1658 267.3 244.401 62.7158
1659 267.295 244.401 62.7535
1660 267.29 244.401 62.7911
1661 267.283 244.401 62.8287
1662 267.278 244.401 62.8664
1663 267.273 244.401 62.9039
1664 267.268 244.401 62.9415
1665 267.262 244.401 62.9791
1666 267.256 244.401 63.0167
1667 267.25 244.401 63.0544
1668 267.246 244.401 63.092
1669 267.24 244.401 63.1297
1670 267.234 244.401 63.1673
1671 267.228 244.401 63.2049
1672 267.224 244.401 63.2425
1673 267.219 244.401 63.2801
1674 267.214 244.401 63.3177
1675 267.209 244.401 63.3553
1676 267.204 244.401 63.393
1677 267.2 244.401 63.4305
1678 267.195 244.401 63.4682
1679 267.189 244.401 63.5058
1680 267.182 244.401 63.5434
1681 267.176 244.401 63.581
1682 267.171 244.401 63.6185
1683 267.165 244.401 63.6562
1684 267.159 244.401 63.6939
1685 267.154 244.401 63.7314
1686 267.149 244.401 63.7692
1687 267.143 244.401 63.8068
1688 267.138 244.401 63.8445
1689 267.131 244.401 63.8823
1690 267.126 244.401 63.9199
1691 267.12 244.401 63.9576
1692 267.115 244.401 63.9953
1693 267.11 244.401 64.0329
1694 267.104 244.401 64.0705
1695 267.099 244.401 64.1082
1696 267.093 244.401 64.1459
1697 267.089 244.401 64.1836
1698 267.084 244.401 64.2213
1699 267.078 244.401 64.2589
1700 267.073 244.401 64.2967
1701 267.068 244.401 64.3348
1702 267.064 244.401 64.3743
1703 267.06 244.401 64.4133
1704 267.054 244.401 64.4511
1705 267.047 244.401 64.4888
1706 267.042 244.401 64.5264
1707 267.037 244.401 64.564
1708 267.032 244.401 64.6016
1709 267.025 244.401 64.6391
1710 267.02 244.401 64.6767
1711 267.015 244.401 64.7142
1712 267.01 244.401 64.7519
1713 267.004 244.401 64.7894
1714 266.999 244.401 64.827
1715 266.995 244.401 64.8645
1716 266.989 244.401 64.9021
1717 266.984 244.401 64.9397
1718 266.977 244.401 64.9773
1719 266.973 244.401 65.0149
1720 266.968 244.401 65.0525
1721 266.962 244.401 65.0901
1722 266.957 244.401 65.1277
1723 266.953 244.401 65.1654
1724 266.947 244.401 65.2029
1725 266.942 244.401 65.2405
1726 266.937 244.401 65.2781
1727 266.931 244.401 65.3157
1728 266.927 244.401 65.3533
1729 266.923 244.401 65.3909
1730 266.917 244.401 65.4286
1731 266.914 244.401 65.4664
1732 266.907 244.401 65.504
1733 266.9 244.401 65.5415
1734 266.895 244.401 65.5791
1735 266.889 244.401 65.6166
1736 266.884 244.401 65.6542
1737 266.879 244.401 65.6918
1738 266.874 244.401 65.7294
1739 266.869 244.401 65.767
1740 266.865 244.401 65.8046
1741 266.86 244.401 65.8422
1742 266.855 244.401 65.8798
1743 266.851 244.401 65.9174
1744 266.846 244.401 65.955
1745 266.842 244.401 65.9927
1746 266.837 244.401 66.0302
1747 266.831 244.401 66.0678
1748 266.826 244.401 66.1059
1749 266.821 244.401 66.1434
1750 266.815 244.401 66.181
1751 266.809 244.401 66.2186
1752 266.804 244.401 66.2562
1753 266.799 244.401 66.2938
1754 266.793 244.401 66.3314
1755 266.788 244.401 66.369
1756 266.784 244.401 66.4065
1757 266.778 244.401 66.4441
1758 266.774 244.401 66.4817
1759 266.77 244.401 66.5192
1760 266.764 244.401 66.5568
1761 266.759 244.401 66.5944
1762 266.755 244.401 66.6319
1763 266.749 244.401 66.6695
1764 266.743 244.401 66.7071
1765 266.738 244.401 66.7446
1766 266.732 244.401 66.7822
1767 266.727 244.401 66.8198
1768 266.722 244.401 66.8574
1769 266.717 244.401 66.895
1770 266.712 244.401 66.9325
1771 266.707 244.401 66.9701
1772 266.703 244.401 67.0076
1773 266.699 244.401 67.0452
1774 266.693 244.401 67.0832
1775 266.687 244.401 67.1217
1776 266.683 244.401 67.1639
1777 266.678 244.401 67.2022
1778 266.674 244.401 67.2398
1779 266.668 244.401 67.2775
1780 266.663 244.401 67.3151
1781 266.658 244.401 67.3527
1782 266.652 244.401 67.3903
1783 266.648 244.401 67.4279
1784 266.643 244.401 67.4655
1785 266.637 244.401 67.5033
1786 266.633 244.401 67.5408
1787 266.628 244.401 67.5784
1788 266.623 244.401 67.6159
1789 266.619 244.401 67.6535
1790 266.613 244.401 67.6911
1791 266.609 244.401 67.7286
1792 266.605 244.401 67.7663
1793 266.599 244.401 67.8039
1794 266.594 244.401 67.8414
1795 266.588 244.401 67.879
1796 266.584 244.401 67.9165
1797 266.58 244.401 67.9541
1798 266.575 244.401 67.9917
1799 266.57 244.401 68.0293
1800 266.565 244.401 68.0669
1801 266.56 244.401 68.1046
1802 266.556 244.401 68.1422
1803 266.552 244.401 68.1798
1804 266.547 244.401 68.2174
1805 266.542 244.401 68.255
1806 266.537 244.401 68.2926
1807 266.53 244.401 68.3302
1808 266.523 244.401 68.3678
1809 266.52 244.401 68.4053
1810 266.515 244.401 68.443
1811 266.511 244.401 68.4806
1812 266.506 244.401 68.5181
1813 266.502 244.401 68.5557
1814 266.498 244.401 68.5933
1815 266.493 244.401 68.6308
1816 266.487 244.401 68.6684
1817 266.483 244.401 68.7063
1818 266.479 244.401 68.7439
1819 266.473 244.401 68.7815
1820 266.468 244.401 68.819
1821 266.464 244.401 68.8566
1822 266.458 244.401 68.8942
1823 266.453 244.401 68.9317
1824 266.449 244.401 68.9693
1825 266.444 244.401 69.0069
1826 266.44 244.401 69.0445
1827 266.436 244.401 69.0821
1828 266.432 244.401 69.1196
1829 266.426 244.401 69.1572
1830 266.421 244.401 69.1948
1831 266.417 244.401 69.2324
1832 266.413 244.401 69.27
1833 266.407 244.401 69.3076
1834 266.401 244.401 69.3456
1835 266.397 244.401 69.3838
1836 266.392 244.401 69.4222
1837 266.386 244.401 69.4598
1838 266.383 244.401 69.4974
1839 266.377 244.401 69.535
1840 266.373 244.401 69.5726
1841 266.369 244.401 69.6101
1842 266.365 244.401 69.6477
1843 266.36 244.401 69.6853
1844 266.355 244.401 69.7228
1845 266.35 244.401 69.7604
1846 266.345 244.401 69.7981
1847 266.339 244.401 69.8357
1848 266.335 244.401 69.8733
1849 266.33 244.401 69.9108
1850 266.326 244.401 69.9484
1851 266.321 244.401 69.986
1852 266.315 244.401 70.0235
1853 266.312 244.401 70.0611
1854 266.307 244.401 70.0987
1855 266.303 244.401 70.1363
1856 266.299 244.401 70.1739
1857 266.294 244.401 70.2115
1858 266.29 244.401 70.2491
1859 266.283 244.401 70.2867
1860 266.279 244.401 70.3243
1861 266.274 244.401 70.3618
1862 266.269 244.401 70.3994
1863 266.265 244.401 70.4372
1864 266.261 244.401 70.475
1865 266.255 244.401 70.5125
1866 266.25 244.401 70.5501
1867 266.245 244.401 70.5877
1868 266.24 244.401 70.6253
1869 266.236 244.401 70.6628
1870 266.232 244.401 70.7004
1871 266.228 244.401 70.7383
1872 266.223 244.401 70.7759
1873 266.217 244.401 70.8135
1874 266.214 244.401 70.8511
1875 266.21 244.401 70.8886
1876 266.205 244.401 70.9262
1877 266.2 244.401 70.9637
1878 266.196 244.401 71.0013
1879 266.192 244.401 71.0388
1880 266.187 244.401 71.0764
1881 266.183 244.401 71.1141
1882 266.178 244.401 71.1516
1883 266.174 244.401 71.1892
1884 266.169 244.401 71.2268
1885 266.163 244.401 71.2644
1886 266.16 244.401 71.3019
1887 266.155 244.401 71.3395
1888 266.151 244.401 71.3771
1889 266.146 244.401 71.4147
1890 266.142 244.401 71.4523
1891 266.137 244.401 71.4899
1892 266.133 244.401 71.5275
1893 266.128 244.401 71.5651
1894 266.124 244.401 71.6026
1895 266.119 244.401 71.6402
1896 266.115 244.401 71.6778
1897 266.11 244.401 71.7154
1898 266.106 244.401 71.7529
1899 266.102 244.401 71.7905
1900 266.098 244.401 71.8282
1901 266.093 244.401 71.8659
1902 266.088 244.401 71.9036
1903 266.085 244.401 71.9411
1904 266.081 244.401 71.9787
1905 266.074 244.401 72.0163
1906 266.071 244.401 72.0539
1907 266.068 244.401 72.0914
1908 266.063 244.401 72.129
1909 266.059 244.401 72.1666
1910 266.054 244.401 72.2042
1911 266.048 244.401 72.2418
1912 266.042 244.401 72.2794
1913 266.038 244.401 72.3169
1914 266.034 244.401 72.3545
1915 266.03 244.401 72.3921
1916 266.024 244.401 72.4296
1917 266.02 244.401 72.4672
1918 266.015 244.401 72.5048
1919 266.011 244.401 72.5424
1920 266.007 244.401 72.58
1921 266.003 244.401 72.6175
1922 265.999 244.401 72.6551
1923 265.993 244.401 72.6927
1924 265.987 244.401 72.7302
1925 265.984 244.401 72.7681
1926 265.978 244.401 72.8057
1927 265.975 244.401 72.8432
1928 265.971 244.401 72.8808
1929 265.966 244.401 72.9184
1930 265.962 244.401 72.9559
1931 265.958 244.401 72.9935
1932 265.954 244.401 73.031
1933 265.951 244.401 73.0687
1934 265.944 244.401 73.1063
1935 265.941 244.401 73.1439
1936 265.937 244.401 73.1815
1937 265.933 244.401 73.2191
1938 265.93 244.401 73.2566
1939 265.926 244.401 73.2942
1940 265.92 244.401 73.3318
1941 265.916 244.401 73.3694
1942 265.911 244.401 73.407
1943 265.907 244.401 73.4445
1944 265.903 244.401 73.4821
1945 265.898 244.401 73.5197
1946 265.894 244.401 73.5573
1947 265.891 244.401 73.5949
1948 265.887 244.401 73.6324
1949 265.882 244.401 73.6701
1950 265.879 244.401 73.7076
1951 265.873 244.401 73.7453
1952 265.866 244.401 73.7828
1953 265.861 244.401 73.8204
1954 265.857 244.401 73.858
1955 265.853 244.401 73.8956
1956 265.849 244.401 73.9332
1957 265.845 244.401 73.9708
1958 265.842 244.401 74.0083
1959 265.838 244.401 74.0459
1960 265.834 244.401 74.0835
1961 265.83 244.401 74.121
1962 265.825 244.401 74.1587
1963 265.82 244.401 74.1963
1964 265.816 244.401 74.2339
1965 265.812 244.401 74.2715
1966 265.809 244.401 74.309
1967 265.806 244.401 74.3471
1968 265.8 244.401 74.3964
1969 265.795 244.401 74.4341
1970 265.792 244.401 74.4717
1971 265.787 244.401 74.5093
1972 265.783 244.401 74.5469
1973 265.778 244.401 74.5845
1974 265.773 244.401 74.6221
1975 265.769 244.401 74.6596
1976 265.765 244.401 74.6973
1977 265.761 244.401 74.7348
1978 265.757 244.401 74.7727
1979 265.754 244.401 74.8103
1980 265.748 244.401 74.8478
1981 265.745 244.401 74.8854
1982 265.739 244.401 74.923
1983 265.736 244.401 74.9606
1984 265.733 244.401 74.9981
1985 265.727 244.401 75.0357
1986 265.723 244.401 75.0733
1987 265.72 244.401 75.1108
1988 265.715 244.401 75.1484
1989 265.71 244.401 75.1861
1990 265.706 244.401 75.2236
1991 265.701 244.401 75.2612
1992 265.698 244.401 75.2988
1993 265.693 244.401 75.3363
1994 265.689 244.401 75.3739
1995 265.686 244.401 75.4116
1996 265.682 244.401 75.4493
1997 265.676 244.401 75.4869
1998 265.673 244.401 75.5245
1999 265.669 244.401 75.5621
