iterat. internal-T external-T elapsed-time
0 300 280 0.058850612999776786
1 299.19999999999868 280.0000088353122 0.11753445099930104
2 298.52813741741454 280.00001625546281 0.17618995499924495
3 297.94710600452311 280.00002267244952 0.2349499409992859
4 297.43349718286157 280.00002834482467 0.29374727199956396
5 296.97180041472296 280.00003344387665 0.35242465099963738
6 296.55130638030414 280.00003808785641 0.41126802399958251
7 296.16435677203174 280.00004236139313 0.47000754100008635
8 295.80530500684097 280.00004632680634 0.52898122999977204
9 295.46987441645211 280.00005003135124 0.58772210000006453
10 295.15474864618409 280.00005351165959 0.64663531899986992
11 294.8573023636298 280.00005679669255 0.70543077399997856
12 294.57541936238187 280.00005990984255 0.76431248099925142
13 294.30736659798703 280.00006287026281 0.82313361399974383
14 294.05170493986572 280.00006569382549 0.88205527099944447
15 293.80722459684267 280.00006839389607 0.94086827799947059
16 293.57289749130433 280.00007098184551 0.99989379099952203
17 293.3478415146156 280.00007346738914 1.0592786869992779
18 293.1312932699168 280.00007585898703 1.1187335839995285
19 292.92258698416094 280.00007816396629 1.1775276329999542
20 292.72113797695749 280.00008038879383 1.2364509559993166
21 292.52642954511902 280.0000825391819 1.2952694850000626
22 292.33800244262028 280.00008462019844 1.3541769739995289
23 292.15544635734511 280.00008663637487 1.4130009719992813
24 291.97839294191635 280.00008859177757 1.4720364329996301
25 291.80651006684582 280.00009049007446 1.5308864729995548
26 291.63949704460578 280.00009233459178 1.5898067739999533
27 291.47708063187963 280.00009412834038 1.6486877529996491
28 291.31901166082656 280.00009587407823 1.7075671679995139
29 291.16506218269933 280.00009757431707 1.7664592399996764
30 291.01502303191296 280.00009923137316 1.8253708960000949
31 290.86870173745893 280.00010084736351 1.8842178629993214
32 290.72592072306281 280.00010242426146 1.9431480610001017
33 290.58651574885158 280.00010396387017 2.0023131079997256
34 290.45033455612872 280.00010546787632 2.0612867969994113
35 290.3172356838665 280.00010693783702 2.1200959499992678
36 290.18708743107459 280.00010837521256 2.1790468259996487
37 290.05976694369036 280.00010978135805 2.237869364999824
38 289.93515940824233 280.00011115754046 2.2968173760000354
39 289.81315733741303 280.00011250494947 2.3556183000000601
40 289.69365993503004 280.0001138246958 2.4145694359995105
41 289.57657253000605 280.00011511782611 2.4734625499995673
42 289.46180607024797 280.00011638532095 2.5323738929992032
43 289.34927666901331 280.00011762811158 2.5912441939999553
44 289.23890519717463 280.00011884707271 2.650152412999887
45 289.13061691592327 280.00012004302266 2.7090090669998972
46 289.02434114502631 280.00012121674763 2.7679129629996169
47 288.92001096261004 280.00012236898345 2.8268319099997825
48 288.8175629328519 280.00012350043664 2.8857927339995513
49 288.7169368584652 280.00012461176289 2.9446106899995357
50 288.61807555530675 280.00012570360354 3.0035243249994892
51 288.52092464675064 280.00012677655099 3.0624004069995863
52 288.42543237567753 280.00012783117933 3.1213549809999677
53 288.33154943240351 280.00012886803478 3.1801581969994004
54 288.23922879678975 280.00012988763876 3.2391023009995479
55 288.14842559324381 280.00013089048252 3.2979423409997253
56 288.05909695726399 280.00013187704212 3.3568404549996558
57 287.97120191253447 280.0001328477648 3.4157126829995832
58 287.88470125742788 280.00013380309554 3.4746519430000262
59 287.79955746018936 280.00013474343558 3.533510003999254
60 287.71573456191607 280.00013566918818 3.5924200459994609
61 287.63319808667433 280.00013658072794 3.6513185240000894
62 287.55191495810459 280.00013747843491 3.7102350759996625
63 287.47185342198685 280.0001383626423 3.7691292839999733
64 287.39298297421192 280.00013923370113 3.8281250039999577
65 287.31527429371107 280.00014009192455 3.8869527520000702
66 287.2386991799836 280.00014093762854 3.9459228979994805
67 287.1632304947679 280.00014177111774 4.0050290899998799
68 287.08884210757924 280.00014259267283 4.0639743399997315
69 287.01550884479144 280.00014340257889 4.1228390679998483
70 286.9432064419737 280.00014420110028 4.1817978079998284
71 286.87191149922893 280.00014498849697 4.2406604009993316
72 286.80160143935109 280.00014576500826 4.2995579939997697
73 286.73225446850086 280.00014653088289 4.3584806399994704
74 286.66384953931987 280.00014728636052 4.4174157859997649
75 286.59636631619782 280.00014803165772 4.4762719189993732
76 286.52978514261565 280.00014876699015 4.5352131589997953
77 286.46408701040906 280.00014949256638 4.5941678369999863
78 286.39925353073329 280.00015020859882 4.6531509009992078
79 286.33526690674455 280.00015091527632 4.7119716170000174
80 286.27210990775291 280.00015161278884 4.7709232739998697
81 286.20976584485243 280.00015230132607 4.8297528969997074
82 286.14821854783088 280.00015298106501 4.8887370539996482
83 286.08745234336232 280.00015365217166 4.9475504789998013
84 286.02745203433739 280.00015431482535 5.0065268759999526
85 285.96820288027834 280.00015496917956 5.0653998849993513
86 285.90969057878584 280.00015561539823 5.12433716599935
87 285.85190124793166 280.00015625363147 5.1832314260000203
88 285.79482140952138 280.00015688402868 5.2422011039998324
89 285.73843797322746 280.00015750673617 5.3011351039995134
90 285.68273822148484 280.00015812189093 5.3600654060001034
91 285.62770979513255 280.00015872963098 5.418952373999673
92 285.57334067974693 280.00015933009212 5.477890696999566
93 285.51961919263658 280.00015992339564 5.5368169889998171
94 285.46653397043252 280.00016050968526 5.5958086989994626
95 285.41407395728595 280.0001610890597 5.6547273859996494
96 285.36222839357202 280.00016166165074 5.713696699999673
97 285.31098680516493 280.0001622275712 5.772511633999784
98 285.26033899314041 280.00016278693334 5.8314800099997228
99 285.21027502397959 280.00016333984496 5.8903498419995231
100 285.16078522018739 280.00016388641649 5.9493184269995254
101 285.11186015134433 280.00016442675337 6.0083338349995756
102 285.06349062549839 280.00016496095009 6.0677287309999883
103 285.01566768099309 280.00016548911242 6.1266963259995464
104 284.9683825785965 280.00016601133893 6.1856048039999223
105 284.92162679396569 280.00016652771399 6.2445176060000449
106 284.87539201045826 280.00016703833552 6.3034360329993433
107 284.82967011220035 280.00016754329505 6.3623215429997799
108 284.78445317746059 280.00016804268074 6.4213080439994883
109 284.73973347230162 280.00016853656945 6.4801249059992188
110 284.69550344446225 280.00016902505337 6.5390991149997717
111 284.65175571750643 280.00016950821214 6.5979457699995692
112 284.60848308519695 280.00016998612131 6.6569658660000641
113 284.56567850607968 280.00017045886011 6.7157801240000481
114 284.52333509830316 280.00017092650478 6.7747376659999645
115 284.48144613459925 280.00017138912978 6.8335924979992342
116 284.44000503751113 280.00017184681514 6.8926028019996011
117 284.39900537474165 280.000172299621 6.9515246139999363
118 284.35844085472547 280.00017274762035 7.0104721559991958
119 284.31830532235568 280.00017319088471 7.0694515219993264
120 284.27859275483024 280.00017362947511 7.1284147930000472
121 284.23929725773189 280.0001740634641 7.1873961379997127
122 284.20041306115536 280.00017449290294 7.246381910999844
123 284.16193451607108 280.00017491786576 7.3052894519996698
124 284.12385609072982 280.00017533840594 7.3642552759993123
125 284.08617236728213 280.00017575459299 7.4231409929998335
126 284.04887803844349 280.00017616647494 7.4821379639997758
127 284.01196790434403 280.00017657411723 7.5409899829992355
128 283.97543686941941 280.00017697757255 7.5999861719992623
129 283.93927993947744 280.00017737689672 7.6588744419996146
130 283.90349221883207 280.00017777214168 7.7178381819994684
131 283.86806890752905 280.00017816335901 7.7767520779998449
132 283.83300529869615 280.00017855060582 7.835719099999551
133 283.79829677596337 280.00017893392896 7.8946281509997789
134 283.76393881096271 280.00017931339073 7.9535861099993781
135 283.72992696095116 280.00017968901921 8.0125000059997546
136 283.69625686646356 280.00018006087572 8.0717862539995622
137 283.66292424907886 280.00018042900649 8.1307931719993576
138 283.62992490925581 280.00018079345739 8.1898044659992593
139 283.597254724229 280.0001811542682 8.2486792459994831
140 283.56490964597009 280.00018151149277 8.3076715799998055
141 283.53288569924968 280.00018186516957 8.3665319849997104
142 283.50117897971717 280.00018221534424 8.4255540079993807
143 283.46978565208161 280.00018256205675 8.4843895159992826
144 283.43870194831118 280.00018290534842 8.5434146119996512
145 283.40792416594746 280.00018324526172 8.6022791839995989
146 283.3774486664048 280.00018358183701 8.661289279999437
147 283.34727187338535 280.00018391512026 8.7202338009992673
148 283.31739027129845 280.0001842451336 8.779201863999333
149 283.28780040376381 280.00018457192641 8.8381163849999211
150 283.25849887214599 280.0001848955348 8.8970362179998119
151 283.22948233411688 280.0001852159985 8.9559938120000879
152 283.20074750231572 280.00018553334746 9.0149170830000003
153 283.172291142983 280.00018584762574 9.0738626980000845
154 283.1441100746955 280.0001861588641 9.1328297719992406
155 283.11620116709469 280.00018646709071 9.1922187820000545
156 283.08856133969357 280.00018677234976 9.2513233069994385
157 283.0611875606885 280.00018707467075 9.3102033999994092
158 283.03407684581759 280.00018737408482 9.369192713999837
159 283.00722625727133 280.0001876706263 9.4280327540000144
160 282.98063290259279 280.00018796432948 9.4870495159993879
161 282.95429393367152 280.00018825522176 9.546151488999385
162 282.92820654569368 280.00018854333399 9.6051442919997498
163 282.90236797620145 280.00018882869449 9.6640638649996617
164 282.87677550411343 280.00018911134356 9.7230114589992809
165 282.8514264488258 280.00018939130331 9.7819798869995793
166 282.82631816929393 280.00018966860233 9.8409190439997474
167 282.80144806317463 280.00018994326979 9.8998714299996209
168 282.77681356598714 280.0001902153378 9.9589379330000156
169 282.75241215027557 280.00019048483415 10.01780995199988
170 282.7282413248372 280.00019075177835 10.077097033999962
171 282.70429863391877 280.0001910162012 10.135972177999975
172 282.6805816564879 280.00019127813493 10.19495362699945
173 282.65708800550226 280.00019153760388 10.25386960600008
174 282.6338153271829 280.00019179463141 10.312832408999384
175 282.61076130034593 280.00019204924212 10.371705313999882
176 282.58792363570785 280.0001923014641 10.430692700999316
177 282.56530007525492 280.00019255132321 10.489676389999659
178 282.54288839160597 280.00019279884083 10.548635911000019
179 282.52068638738047 280.0001930440431 10.607552722999571
180 282.49869189462163 280.00019328695356 10.666514484999425
181 282.47690277419809 280.00019352759421 10.725475724999342
182 282.45531691523689 280.00019376599448 10.784409985999446
183 282.43393223458366 280.00019400217076 10.843337057999634
184 282.41274667625385 280.00019423614543 10.902343091999683
185 282.39175821091339 280.00019446794619 10.961213391999991
186 282.37096483537914 280.00019469758985 11.020216768999489
187 282.35036457210771 280.00019492509995 11.079118007999568
188 282.32995546872058 280.00019515050275 11.138117946999955
189 282.30973559755085 280.00019537381536 11.196986216999903
190 282.28970305515617 280.00019559505432 11.256019385999934
191 282.26985596189604 280.00019581425164 11.314934218999952
192 282.25019246149543 280.00019603141624 11.373897333999594
193 282.23071072060486 280.00019624657381 11.432798520999313
194 282.21140892842294 280.00019645974902 11.491794188999847
195 282.19228529625246 280.00019667094824 11.550749856999573
196 282.17333805714532 280.00019688020575 11.609748232999664
197 282.15456546550797 280.00019708753712 11.668685722999726
198 282.13596579672418 280.00019729295184 11.727693682999416
199 282.11753734680053 280.00019749648101 11.786596952999389
200 282.09927843201223 280.00019769813269 11.845598715000051
201 282.08118738855575 280.00019789793311 11.904446724000081
202 282.06326257220934 280.00019809589651 11.963446142000066
203 282.04550235802424 280.00019829204246 12.022341027000039
204 282.0279051399736 280.00019848638772 12.081647535999764
205 282.01046933066419 280.0001986789535 12.140532159999566
206 281.99319336102548 280.00019886975366 12.199524910999571
207 281.97607568001519 280.00019905879634 12.258499640999617
208 281.95911475431353 280.00019924612104 12.317484423999304
209 281.94230906805137 280.00019943172487 12.376435403999494
210 281.92565712254179 280.00019961563027 12.435406591999708
211 281.90915743599635 280.00019979785424 12.494363977999456
212 281.89280854325858 280.00019997841366 12.553381104999971
213 281.87660899555658 280.0002001573248 12.612269530999583
214 281.86055736023809 280.00020033460447 12.67128285599938
215 281.84465222054973 280.00020051026411 12.730186542999945
216 281.82889217535165 280.00020068431809 12.789226326999596
217 281.81327583892539 280.00020085678557 12.848131419999845
218 281.79780184071825 280.00020102767957 12.90714026599926
219 281.78246882512718 280.00020119702242 12.966010878999441
220 281.76727545127324 280.00020136482084 13.025004567999531
221 281.75222039279123 280.00020153109301 13.083995809000044
222 281.73730233761506 280.00020169584928 13.142969288999666
223 281.72251998777523 280.00020185910671 13.201920425000026
224 281.70787205918202 280.00020202088075 13.260870675999286
225 281.69335728145649 280.00020218118476 13.319857333000073
226 281.67897439770775 280.00020234002949 13.378841802999887
227 281.66472216435756 280.00020249743494 13.437761584999862
228 281.6505993509565 280.00020265340629 13.496747199999845
229 281.63660473999488 280.0002028079665 13.555675263000012
230 281.62273712672629 280.00020296112137 13.614699056999598
231 281.6089953189994 280.00020311288716 13.673592118999295
232 281.595378137078 280.0002032632795 13.732559973999741
233 281.58188441348096 280.00020341230567 13.791452149999714
234 281.56851299281209 280.00020355998083 13.850516777999474
235 281.5552627316024 280.00020370631802 13.909451610999895
236 281.54213249815393 280.00020385133041 13.968393527999979
237 281.52912117238344 280.00020399503404 14.027318829999786
238 281.51622764566542 280.00020413743005 14.086633515999893
239 281.50345082068986 280.00020427853707 14.145583714999702
240 281.49078961131545 280.00020441837194 14.204554381999515
241 281.47824294242707 280.00020455693556 14.263525674999983
242 281.46580974979071 280.00020469425198 14.322539416999462
243 281.45348897991545 280.00020483032228 14.38151154299976
244 281.44127958992942 280.00020496516231 14.44052997199924
245 281.42918054743234 280.00020509878664 14.499410376999549
246 281.41719083036645 280.00020523120378 14.558424586999536
247 281.40530942690202 280.00020536242607 14.61736921299962
248 281.39353533529868 280.00020549245659 14.676381182999648
249 281.38186756378337 280.0002056213213 14.735273620000044
250 281.37030513043328 280.00020574901527 14.794283923999501
251 281.35884706305836 280.00020587555917 14.85325985199961
252 281.34749239907063 280.00020600096207 14.912215258999822
253 281.33624018538848 280.00020612523218 14.971167904999675
254 281.32508947830752 280.00020624838407 15.030150291999234
255 281.31403934339676 280.00020637042303 15.08914293899943
256 281.30308885539114 280.00020649136542 15.14810720099922
257 281.29223709806786 280.00020661121454 15.20707255599973
258 281.28148316417929 280.00020672998369 15.266124734999721
259 281.27082615529281 280.00020684767952 15.325011547000031
260 281.26026518173995 280.00020696431716 15.384051121999619
261 281.2497993624869 280.00020707990461 15.442955277999317
262 281.23942782504042 280.00020719444564 15.501953551000042
263 281.22914970536249 280.00020730796416 15.56084478899993
264 281.21896414774943 280.00020742045291 15.619916240999373
265 281.20887030476979 280.00020753193138 15.678896230999271
266 281.19886733714719 280.00020764240452 15.737874711999211
267 281.18895441367528 280.00020775188739 15.796823763999782
268 281.17913071112741 280.00020786037879 15.855849224999474
269 281.1693954141748 280.00020796790017 15.914825777999795
270 281.15974771529727 280.00020807444929 15.973830508999527
271 281.15018681467893 280.00020818004145 16.032793624000078
272 281.14071192014984 280.00020828468035 16.091895648999525
273 281.13132224708971 280.00020838838572 16.151162416999796
274 281.12201701835181 280.00020849115174 16.210190377999425
275 281.11279546416193 280.00020859299536 16.2690978669998
276 281.10365682206736 280.00020869392489 16.328105201999279
277 281.09460033684411 280.00020879394515 16.38706821300002
278 281.08562526041328 280.00020889306967 16.446117580999271
279 281.07673085177606 280.0002089913018 16.505015798999921
280 281.06791637693146 280.00020908865099 16.564053758999762
281 281.05918110881055 280.00020918512149 16.623032395999871
282 281.05052432718446 280.00020928073275 16.682001604999641
283 281.04194531861998 280.00020937547987 16.740920031999849
284 281.03344337638049 280.00020946937104 16.799889397999323
285 281.02501780037608 280.00020956242798 16.858840793999661
286 281.01666789708077 280.00020965464518 16.917842868999287
287 281.00839297947556 280.0002097460349 16.976759576999939
288 281.0001923669721 280.00020983660391 17.035773943000095
289 280.99206538534429 280.00020992635928 17.094643826999345
290 280.98401136668332 280.0002100153099 17.153707621999274
291 280.9760296492978 280.00021010346109 17.213044026999341
292 280.96811957768318 280.00021019082124 17.272252668999499
293 280.96028050244166 280.00021027739342 17.331170105999263
294 280.95251178021459 280.00021036319197 17.390214682000078
295 280.94481277364315 280.00021044822415 17.449197850000019
296 280.93718285128404 280.00021053248946 17.508160964999661
297 280.92962138756212 280.00021061599728 17.567277156999808
298 280.92212776271293 280.00021069875896 17.626297148999583
299 280.91470136270993 280.00021078077742 17.685287972999504
300 280.90734157922645 280.00021086205811 17.744251035999696
301 280.9000478095677 280.00021094260882 17.803205610000077
302 280.89281945660645 280.00021102244091 17.862248049999835
303 280.88565592875023 280.0002111015578 17.921179809999558
304 280.87855663986034 280.00021117995936 17.980165998999837
305 280.87152100922304 280.00021125766392 18.03904374800004
306 280.86454846147097 280.00021133467089 18.09806962499988
307 280.85763842655541 280.00021141098193 18.157293579999532
308 280.85079033966923 280.00021148661324 18.216297789999771
309 280.84400364120734 280.00021156156816 18.275210174999302
310 280.83727777672965 280.00021163584785 18.334235739999713
311 280.83061219688085 280.00021170946604 18.39319026099929
312 280.82400635735979 280.00021178242213 18.452192543999445
313 280.81745971887386 280.00021185472514 18.511133054999846
314 280.81097174706917 280.00021192637752 18.570155858999897
315 280.80454191250618 280.00021199739086 18.629115588999412
316 280.79816969060488 280.00021206776501 18.688123392999842
317 280.79185456158336 280.00021213751228 18.747109216999888
318 280.78559601042895 280.00021220663001 18.806183636999776
319 280.77939352684444 280.00021227513162 18.865134616999967
320 280.77324660520895 280.0002123430171 18.924201588999495
321 280.76715474451925 280.00021241029941 18.983122098999957
322 280.76111744836544 280.00021247697418 19.042172090999884
323 280.75513422486034 280.00021254305602 19.101087913999436
324 280.7492045866295 280.00021260854373 19.160119051999573
325 280.74332805073624 280.00021267344522 19.219142115999603
326 280.73750413865548 280.0002127377644 19.278145179999228
327 280.73173237623405 280.00021280150906 19.33712157699938
328 280.72601229364068 280.00021286468029 19.396083442999952
329 280.72034342532635 280.00021292729201 19.455088589999832
330 280.71472530999046 280.00021298933871 19.514090299999225
331 280.70915749053148 280.00021305082817 19.573041748999458
332 280.7036395140131 280.0002131117717 19.632094761999724
333 280.69817093162516 280.00021317216806 19.691061522999917
334 280.69275129863456 280.00021323202168 19.75009516099999
335 280.68738017436419 280.00021329134472 19.80898869199973
336 280.68205712213864 280.00021335013184 19.868039568999848
337 280.67678170926195 280.0002134083943 19.926959506999992
338 280.67155350695646 280.0002134661363 19.986064030999842
339 280.66637209035048 280.00021352336 20.044960790999539
340 280.66123703843181 280.000213580072 20.103966667999885
341 280.65614793401016 280.00021363627633 20.163224789999731
342 280.65110436368269 280.00021369197782 20.222254000999783
343 280.64610591780166 280.00021374718051 20.281248053999661
344 280.64115219042799 280.00021380189179 20.340262056000029
345 280.63624277930916 280.00021385611092 20.399257671999294
346 280.63137728584474 280.00021390985052 20.458308809999835
347 280.62655531504646 280.00021396310177 20.517289946999881
348 280.62177647550254 280.00021401587986 20.576338688999385
349 280.61704037934624 280.00021406818831 20.635284772999512
350 280.61234664223417 280.00021412002462 20.694351119999737
351 280.60769488329902 280.00021417139556 20.753336943999784
352 280.60308472511781 280.00021422231373 20.812367716999688
353 280.59851579369115 280.00021427277198 20.871310779999476
354 280.59398771839693 280.00021432278214 20.930368428999827
355 280.58950013197961 280.00021437234329 20.98940128599952
356 280.58505267049441 280.00021442146215 21.048402213999907
357 280.58064497329269 280.00021447014018 21.107422101999873
358 280.57627668298954 280.00021451838182 21.166439019999416
359 280.57194744542977 280.00021456619447 21.225490314999661
360 280.56765690965631 280.00021461358017 21.284482232999835
361 280.56340472789248 280.00021466054324 21.343490505999398
362 280.55919055549748 280.00021470708293 21.402576956999837
363 280.55501405094651 280.00021475321205 21.461511998999413
364 280.55087487579942 280.00021479892632 21.520570116999806
365 280.54677269467265 280.00021484423013 21.579520679999405
366 280.54270717521445 280.0002148891345 21.638574108999819
367 280.53867798806544 280.0002149336334 21.697494879999795
368 280.53468480685643 280.00021497773264 21.756556695999279
369 280.53072730814841 280.00021502143755 21.815565749999223
370 280.5268051714234 280.00021506475736 21.874589230999845
371 280.52291807906118 280.00021510768221 21.933582711999406
372 280.51906571630786 280.00021515023155 21.992598223999266
373 280.51524777124041 280.0002151923963 22.051586339999631
374 280.5114639347575 280.0002152341853 22.110609039999872
375 280.50771390054035 280.00021527560176 22.169908256999406
376 280.50399736503999 280.00021531664714 22.228915591999794
377 280.50031402743667 280.00021535732714 22.287929280999379
378 280.49666358962173 280.00021539764344 22.346965574999558
379 280.49304575618169 280.0002154376017 22.40591728399977
380 280.48946023435462 280.00021547720036 22.464961286999824
381 280.48590673403055 280.0002155164442 22.523897734999991
382 280.48238496769977 280.00021555533846 22.582953768999687
383 280.47889465045569 280.00021559388745 22.641893758999686
384 280.47543549994924 280.00021563208514 22.700919271999737
385 280.47200723637582 280.0002156699486 22.759963846999199
386 280.46860958245406 280.00021570747595 22.818968994999523
387 280.46524226339977 280.00021574466234 22.877989767999679
388 280.46190500690193 280.0002157815174 22.936990591999347
389 280.45859754309907 280.00021581804822 22.995968238999922
390 280.45531960456924 280.0002158542456 23.054995626999698
391 280.4520709262822 280.00021589012744 23.113962960999743
392 280.44885124560807 280.00021592568584 23.172996337999393
393 280.44566030227099 280.00021596092728 23.231935025999519
394 280.44249783834545 280.00021599585477 23.291021477999493
395 280.43936359821646 280.00021603046872 23.349948342000062
396 280.43625732858442 280.00021606477526 23.40899442799946
397 280.43317877841594 280.00021609877712 23.467930094999247
398 280.43012769894159 280.00021613247247 23.527017900999454
399 280.42710384363113 280.00021616586878 23.586026485999355
400 280.42410696816978 280.00021619896671 23.645049237999956
401 280.42113683043885 280.00021623176673 23.704033030999199
402 280.41819319050165 280.00021626428077 23.763054220999948
403 280.41527581057829 280.00021629650161 23.822085305999281
404 280.41238445502472 280.00021632842947 23.881099569000071
405 280.40951889031794 280.00021636007733 23.940097840999442
406 280.40667888503492 280.00021639144529 23.999159499999223
407 280.40386420983543 280.00021642252727 24.058253086999684
408 280.40107463743874 280.00021645334027 24.117303235999316
409 280.39830994260643 280.0002164838736 24.176546306000091
410 280.39556990212901 280.00021651413761 24.235617964999619
411 280.39285429479941 280.00021654412649 24.294631133999246
412 280.39016290140245 280.00021657385128 24.353699823999705
413 280.38749550468816 280.00021660330924 24.412613563999912
414 280.38485188936534 280.00021663250487 24.471713244999592
415 280.38223184207692 280.00021666144215 24.530716204999408
416 280.37963515138046 280.00021669012273 24.589761300999271
417 280.37706160773268 280.00021671854375 24.648771968999426
418 280.37451100347926 280.00021674670984 24.707780762999391
419 280.37198313283011 280.00021677462894 24.766743044999203
420 280.36947779183345 280.00021680230054 24.825781734999509
421 280.36699477838528 280.00021682972323 24.884748235999723
422 280.36453389219179 280.00021685690177 24.943797185999756
423 280.36209493475701 280.00021688383828 25.002723738999521
424 280.35967770936844 280.00021691053286 25.061860763999903
425 280.35728202108248 280.00021693699222 25.120782523999878
426 280.35490767670541 280.00021696321346 25.1804451349999
427 280.35255448477483 280.00021698920432 25.239467417999549
428 280.35022225556173 280.00021701496308 25.298577359999399
429 280.34791080102741 280.00021704048862 25.357622872999855
430 280.34561993482731 280.00021706578929 25.416629217999798
431 280.34334947229058 280.00021709086326 25.475644365999869
432 280.34109923040143 280.00021711571497 25.534781651999765
433 280.33886902779585 280.00021714034665 25.593849926000075
434 280.33665868473213 280.0002171647576 25.652867417999914
435 280.33446802308305 280.00021718895312 25.711862408999878
436 280.33229686632092 280.0002172129287 25.770925890999933
437 280.33014503950847 280.00021723669687 25.829893381999682
438 280.32801236927418 280.00021726024522 25.88897925999936
439 280.32589868380109 280.00021728359621 25.947926801999529
440 280.32380381282104 280.00021730672836 26.00700158699965
441 280.32172758759077 280.0002173296582 26.065935222000007
442 280.31966984088348 280.00021735238693 26.125001829999746
443 280.31763040697177 280.00021737491045 26.184297191999576
444 280.3156091216249 280.00021739723275 26.243325985999945
445 280.31360582207094 280.00021741935706 26.302316861999316
446 280.31162034701293 280.00021744128827 26.361340968999684
447 280.30965253659269 280.00021746301871 26.420293666999896
448 280.30770223239858 280.00021748456021 26.479324179999821
449 280.30576927742442 280.00021750590338 26.538288492999527
450 280.30385351608845 280.00021752706328 26.597399007999229
451 280.30195479420081 280.00021754802924 26.656328996999946
452 280.30007295895109 280.00021756881364 26.715393156999198
453 280.29820785890394 280.00021758941529 26.774337052999726
454 280.29635934398908 280.00021760983032 26.833405899999889
455 280.29452726546816 280.00021763006453 26.89236828599951
456 280.2927114759575 280.00021765011911 26.951403798999308
457 280.29091182937896 280.00021766999612 27.010339569999815
458 280.28912818097535 280.00021768969305 27.069401020999976
459 280.28736038728289 280.00021770921768 27.128428199999689
460 280.28560830613691 280.00021772856587 27.187426732999484
461 280.28387179662673 280.00021774774518 27.246476203999919
462 280.2821507191328 280.00021776675254 27.305498957000054
463 280.28044493526903 280.00021778559272 27.364543792999939
464 280.27875430789589 280.00021780426385 27.423574044999441
465 280.27707870111067 280.00021782276849 27.482556119000037
466 280.27541798022725 280.00021784110913 27.541645070999948
467 280.27377201176046 280.00021785929312 27.600552611999774
468 280.27214066343566 280.00021787730549 27.659694428999501
469 280.27052380415279 280.0002178951633 27.718631970999922
470 280.26892130400324 280.00021791285866 27.777693160999661
471 280.26733303422583 280.00021793040474 27.836605285999212
472 280.26575886722981 280.00021794778718 27.895694498000012
473 280.26419867656114 280.00021796501642 27.95473396899979
474 280.26265233690515 280.00021798209866 28.013758387999587
475 280.26111972407068 280.00021799902368 28.072767285999362
476 280.25960071497724 280.00021801579834 28.131840819999525
477 280.25809518765072 280.00021803242566 28.190866332999576
478 280.2566030212144 280.00021804890599 28.250202164999791
479 280.25512409587344 280.00021806523665 28.309200957999565
480 280.2536582929074 280.00021808142805 28.368250429999534
481 280.25220549465797 280.00021809747255 28.427230211999813
482 280.25076558453367 280.00021811337547 28.48635307099994
483 280.24933844697767 280.00021812913576 28.545341915999416
484 280.24792396747438 280.00021814475679 28.604419200999473
485 280.24652203253481 280.00021816023963 28.663383409999369
486 280.24513252968762 280.00021817558581 28.722440068999276
487 280.24375534747554 280.0002181907937 28.781450894000045
488 280.24239037543197 280.00021820586738 28.840464269999757
489 280.24103750409267 280.00021822081305 28.8995320239992
490 280.23969662496427 280.00021823562167 28.958561390999421
491 280.23836763053339 280.00021825030018 29.017541432999678
492 280.23705041424961 280.00021826484596 29.076554236999982
493 280.23574487052099 280.00021827926372 29.135540946999754
494 280.2344508946951 280.00021829355609 29.19457989700004
495 280.23316838307085 280.00021830772187 29.253569939999579
496 280.23189723286686 280.00021832175827 29.312637484999868
497 280.23063734222524 280.00021833567223 29.371578307999698
498 280.22938861020538 280.0002183494617 29.430685645999802
499 280.22815093677156 280.00021836313368 29.489651208999931
500 280.2269242227826 280.00021837667833 29.548703701999329
501 280.22570836998892 280.00021839011083 29.607663951999712
502 280.22450328102337 280.00021840341918 29.666775664999477
503 280.22330885939056 280.00021841661282 29.725767373999588
504 280.22212500946466 280.00021842968431 29.784763406999446
505 280.22095163646657 280.00021844264336 29.843735532999744
506 280.2197886464802 280.00021845548832 29.9027631809995
507 280.21863594642656 280.00021846821699 29.961789735999446
508 280.21749344406055 280.0002184808352 30.020805716999348
509 280.21636104796164 280.00021849334297 30.079839145999358
510 280.21523866754058 280.0002185057395 30.13890335799988
511 280.21412621301153 280.00021851802637 30.197875951999777
512 280.21302359539504 280.00021853019945 30.257249857999341
513 280.21193072651096 280.00021854227157 30.31618583799991
514 280.21084751896876 280.00021855423 30.375258538999333
515 280.20977388616467 280.0002185660926 30.434230872999251
516 280.20870974226892 280.00021857784355 30.493303573999583
517 280.20765500222819 280.00021858949015 30.552316950999739
518 280.20660958173812 280.00021860103823 30.611346890999812
519 280.20557339726622 280.00021861248172 30.67036834099963
520 280.20454636601897 280.0002186238255 30.729454375999921
521 280.20352840594774 280.00021863506794 30.788419574999352
522 280.20251943574578 280.00021864621056 30.847424409999803
523 280.2015193748253 280.00021865725358 30.906407108999701
524 280.2005281433282 280.00021866820123 30.965519237999615
525 280.19954566211595 280.0002186790507 31.024467196999467
526 280.19857185275004 280.0002186898048 31.083566564999273
527 280.1976066375035 280.00021870046669 31.142515564999485
528 280.1966499393393 280.00021871103132 31.201636131999294
529 280.19570168192291 280.00021872150216 31.260595185000057
530 280.19476178959098 280.00021873188496 31.319663250999838
531 280.19383018736784 280.00021874217538 31.3786123029995
532 280.19290680094775 280.00021875237201 31.437689327000044
533 280.19199155669122 280.00021876248024 31.496709787999862
534 280.19108438161987 280.00021877250066 31.555725508999785
535 280.19018520341086 280.00021878242944 31.614735759999348
536 280.18929395038606 280.00021879227245 31.673761532999379
537 280.18841055151154 280.00021880202809 31.732794285999262
538 280.18753493639758 280.00021881170153 31.791813651999291
539 280.18666703527362 280.0002188212851 31.850821820999954
540 280.18580677900843 280.00021883078409 31.909900302999631
541 280.18495409907541 280.00021884020288 31.968827688999227
542 280.18410892757487 280.00021884953674 32.028023517999827
543 280.18327119721334 280.00021885879073 32.086992622999787
544 280.18244084129776 280.00021886795975 32.146058083999378
545 280.18161779373696 280.00021887705213 32.204998021999927
546 280.18080198902987 280.00021888606113 32.26443833599933
547 280.17999336226183 280.00021889499095 32.323447597999802
548 280.17919184910244 280.00021890384517 32.382466234998901
549 280.17839738580017 280.00021891261252 32.441464143000303
550 280.17760990917503 280.00021892131525 32.500538823999705
551 280.17682935660832 280.00021892993897 32.559534491999329
552 280.17605566605016 280.00021893847958 32.618548336999993
553 280.1752887760004 280.00021894694754 32.677583538000363
554 280.1745286255146 280.00021895534661 32.736653269998897
555 280.17377515419525 280.0002189636636 32.795630968998921
556 280.17302830218176 280.00021897191471 32.854709711999931
557 280.17228801015824 280.00021898008907 32.91367798400006
558 280.17155421933512 280.0002189881929 32.972734486999798
559 280.17082687145017 280.00021899622845 33.031726768999761
560 280.1701059087664 280.00021900419182 33.090809522999734
561 280.16939127406164 280.00021901207975 33.150182959999256
562 280.1686829106327 280.00021901990465 33.209304828999848
563 280.16798076227633 280.00021902765963 33.268322580998756
564 280.16728477329923 280.00021903534889 33.327353718998893
565 280.166594888509 280.00021904296688 33.386354699999174
566 280.16591105319856 280.00021905051972 33.445365368000239
567 280.16523321316646 280.00021905800344 33.504525987999841
568 280.16456131468328 280.00021906542571 33.563608793999265
569 280.16389530451079 280.00021907278278 33.622600659999989
570 280.16323512988293 280.00021908007318 33.681713569999374
571 280.16258073851225 280.00021908730042 33.740653767998992
572 280.16193207857327 280.00021909445934 33.799740583998755
573 280.1612890987098 280.0002191015659 33.858687552999072
574 280.16065174802742 280.0002191086017 33.917763587999616
575 280.16001997608038 280.00021911558264 33.976699411000482
576 280.15939373289029 280.00021912249656 34.035802737999802
577 280.15877296890693 280.00021912935222 34.094832104999114
578 280.15815763504452 280.0002191361487 34.15386048199889
579 280.15754768264276 280.00021914288862 34.212871045999236
580 280.15694306348723 280.00021914956614 34.272228597998946
581 280.15634372979059 280.00021915618203 34.33128025699898
582 280.155749634193 280.00021916274198 34.390301602998989
583 280.15516072976288 280.00021916924675 34.449327843999527
584 280.15457696999039 280.00021917569364 34.508397004000471
585 280.15399830878073 280.00021918208404 34.567414026999359
586 280.15342470045039 280.00021918842202 34.62652292599978
587 280.15285609973012 280.00021919469975 34.685497084000417
588 280.15229246175301 280.00021920092439 34.744561607999458
589 280.15173374205779 280.00021920709412 34.803548212998976
590 280.15117989657762 280.00021921320939 34.862639560999924
591 280.15063088164561 280.00021921927561 34.921677834000548
592 280.15008665398352 280.00021922528646 34.980674647999876
593 280.1495471707006 280.0002192312424 35.039686723000159
594 280.1490123892944 280.00021923715116 35.098756819998925
595 280.14848226763939 280.00021924300358 35.157748476999586
596 280.14795676398876 280.00021924880406 35.216760344000249
597 280.14743583697498 280.00021925455928 35.275770960000045
598 280.14691944559513 280.0002192602629 35.334920797999985
599 280.14640754921527 280.00021926592092 35.393871360999583
600 280.14590010757303 280.00021927152136 35.452930207999998
601 280.14539708075182 280.00021927707735 35.51188582299892
602 280.1448984292096 280.00021928258423 35.57100331699894
603 280.1444041137496 280.00021928804364 35.629967629999555
604 280.14391409552957 280.00021929345598 35.689075175999278
605 280.14342833605514 280.00021929882064 35.748004488998959
606 280.14294679717437 280.00021930414061 35.807075157998952
607 280.1424694410839 280.00021930941165 35.866120775998752
608 280.14199623031215 280.00021931463453 35.925152954999248
609 280.14152712772949 280.00021931981547 35.984168414998749
610 280.14106209653386 280.00021932495349 36.043200646999139
611 280.14060110025503 280.00021933004473 36.102253190999363
612 280.14014410275672 280.00021933509208 36.161298287998761
613 280.13969106821446 280.00021934009504 36.220288747000268
614 280.13924196113885 280.00021934505565 36.279681299999538
615 280.13879674634478 280.00021934997193 36.338677957000073
616 280.1383553889699 280.00021935484671 36.397741804000361
617 280.13791785446671 280.00021935967789 36.456675647998964
618 280.13748410859137 280.00021936446404 36.515767828998833
619 280.13705411741722 280.00021936921479 36.574734016999173
620 280.13662784730593 280.00021937392188 36.63386140700004
621 280.13620526494003 280.00021937858884 36.692899054999543
622 280.13578633728042 280.00021938321788 36.75193665200004
623 280.13537103160365 280.00021938780594 36.810946487000365
624 280.13495931546527 280.00021939234961 36.870012209000379
625 280.13455115671957 280.00021939685723 36.929025637999985
626 280.13414652350696 280.00021940132348 36.988073755000187
627 280.13374538425347 280.00021940575556 37.047072026999558
628 280.13334770766795 280.00021941015018 37.106181291998837
629 280.13295346274043 280.0002194145062 37.165140968999367
630 280.13256261873715 280.00021941881857 37.224212316000376
631 280.132175145205 280.00021942310246 37.283206838998922
632 280.13179101195908 280.00021942734617 37.342297664999023
633 280.13141018908703 280.00021943154894 37.401292083000044
634 280.13103264694217 280.00021943571937 37.460355825999613
635 280.13065835614884 280.00021943985701 37.519384828000511
636 280.13028728759184 280.00021944395331 37.578427477000332
637 280.12991941241535 280.00021944801733 37.637483145998885
638 280.12955470202706 280.00021945204418 37.696484596000118
639 280.12919312808316 280.00021945603714 37.755490992999512
640 280.12883466250645 280.00021945999941 37.814529840000432
641 280.12847927746049 280.00021946392491 37.873580978000064
642 280.12812694535927 280.00021946781703 37.932616907000011
643 280.12777763886925 280.00021947167249 37.991609137999149
644 280.12743133090174 280.00021947549624 38.050682776999565
645 280.12708799460574 280.00021947928832 38.109640943998784
646 280.12674760337535 280.00021948304635 38.168723853998927
647 280.12641013084448 280.00021948677312 38.227682801999435
648 280.12607555088135 280.00021949046828 38.287111917999027
649 280.12574383758647 280.00021949413298 38.346070553999198
650 280.12541496529349 280.00021949776647 38.405178308000359
651 280.12508890856896 280.00021950136767 38.464192152999203
652 280.12476564220424 280.00021950493772 38.523215791000439
653 280.1244451412212 280.00021950847696 38.582248542998968
654 280.12412738086016 280.00021951198806 38.641300098000102
655 280.12381233659079 280.00021951546654 38.700305609999305
656 280.12349998409218 280.00021951891432 38.75935778999974
657 280.12319029927312 280.00021952233499 38.81838361499922
658 280.1228832582496 280.00021952572689 38.877467358000104
659 280.12257883735526 280.00021952908799 38.936477870999624
660 280.12227701313543 280.00021953242083 38.995565832000466
661 280.12197776234723 280.00021953572343 39.054515405999155
662 280.12168106195367 280.0002195390021 39.113586387999931
663 280.1213868891266 280.00021954225446 39.172557836999658
664 280.12109522124251 280.00021954547657 39.231664496998746
665 280.12080603588072 280.00021954866941 39.290720895999584
666 280.12051931081862 280.00021955183371 39.349770887999512
667 280.12023502403798 280.00021955497368 39.408837338999547
668 280.11995315371092 280.00021955808711 39.467890560998967
669 280.11967367821512 280.00021956117303 39.526888833000157
670 280.11939657610986 280.00021956423427 39.585937939999894
671 280.11912182616101 280.00021956726664 39.644961525999861
672 280.11884940730988 280.00021957027593 39.704104072000518
673 280.11857929870104 280.00021957326254 39.763084895998873
674 280.11831147965694 280.00021957621971 39.822191972999462
675 280.11804592968338 280.00021957915305 39.88121352699909
676 280.11778262848026 280.00021958206293 39.940311384999404
677 280.11752155591813 280.00021958494369 39.999384816000202
678 280.11726269205906 280.0002195878007 40.058493976000136
679 280.11700601713113 280.00021959063611 40.117518238998855
680 280.11675151155424 280.00021959344809 40.176557501000389
681 280.11649915591187 280.00021959623689 40.235614055999577
682 280.11624893096962 280.00021959899698 40.294985670999267
683 280.11600081765926 280.00021960173984 40.35399868299919
684 280.11575479708273 280.00021960445707 40.413026383000215
685 280.11551085052628 280.0002196071506 40.472066895998978
686 280.11526895942563 280.00021960982014 40.531154440998762
687 280.11502910538997 280.00021961247103 40.590205891999176
688 280.11479127019396 280.00021961509844 40.649313646000337
689 280.11455543577654 280.00021961770267 40.708310252000047
690 280.11432158423997 280.00021962028092 40.767412796999452
691 280.11408969783793 280.00021962284399 40.826396745999773
692 280.11385975899526 280.00021962538301 40.885516792000089
693 280.11363175028947 280.00021962790464 40.944465272000343
694 280.11340565445005 280.00021963039831 41.003561307000382
695 280.1131814543686 280.00021963287884 41.062585986000158
696 280.11295913308174 280.00021963532947 41.122099269999126
697 280.11273867379128 280.00021963776624 41.181336349999583
698 280.11252005983249 280.00021964018032 41.240442854000321
699 280.11230327470332 280.00021964257405 41.299491804999889
700 280.11208830204703 280.00021964494687 41.358565964000263
701 280.11187512565158 280.00021964730314 41.417583821000335
702 280.11166372944717 280.00021964964014 41.476851213998998
703 280.11145409751521 280.00021965195367 41.535852298999998
704 280.11124621407549 280.00021965424997 41.594980781998856
705 280.11104006349109 280.00021965652434 41.65396499200051
706 280.11083563026108 280.00021965878489 41.713090766998903
707 280.11063289903086 280.00021966102162 41.772024193999641
708 280.11043185457646 280.00021966324459 41.831132156999047
709 280.11023248181516 280.00021966544392 41.890184700999271
710 280.11003476579884 280.00021966762836 41.949244954000278
711 280.10983869170889 280.00021966979244 42.008294008998746
712 280.10964424486389 280.00021967194283 42.067333168000005
713 280.10945141071824 280.00021967407082 42.126368836999063
714 280.1092601748436 280.00021967618301 42.185435131000304
715 280.10907052295693 280.00021967827871 42.244481112999893
716 280.10888244089097 280.00021968035423 42.303622045000338
717 280.10869591461153 280.00021968241174 42.362887615000545
718 280.10851093020705 280.00021968446026 42.421992451999358
719 280.10832747389429 280.00021968648224 42.480999057998815
720 280.10814553201368 280.00021968849097 42.540129209000042
721 280.10796509102198 280.00021969048782 42.599091387000044
722 280.10778613750625 280.00021969245989 42.658128254000076
723 280.10760865816542 280.00021969442037 42.717218246999437
724 280.10743263982164 280.00021969636578 42.776295167000171
725 280.10725806941514 280.0002196982943 42.835324585998933
726 280.10708493400409 280.00021970020595 42.894433954000306
727 280.10691322076764 280.00021970209821 42.953449362998981
728 280.10674291698251 280.00021970398382 43.012513937998847
729 280.10657401005847 280.00021970584908 43.071527835999404
730 280.1064064875132 280.00021970770183 43.13060824600052
731 280.10624033696695 280.00021970952889 43.189614279000125
732 280.10607554616246 280.00021971135232 43.248741980999512
733 280.10591210294524 280.0002197131563 43.307737910000469
734 280.10574999527296 280.00021971494391 43.366857330999665
735 280.10558921121446 280.00021971672095 43.425818258999243
736 280.10542973893837 280.00021971848093 43.484897990999343
737 280.10527156672265 280.00021972023342 43.543875845999537
738 280.10511468295215 280.00021972196072 43.602993080000488
739 280.10495907611505 280.00021972368216 43.662028904999715
740 280.10480473479851 280.0002197253894 43.721090459998777
741 280.10465164769897 280.00021972707469 43.780135556999994
742 280.10449980360795 280.00021972875294 43.839206069999818
743 280.10434919142523 280.00021973041555 43.898246947998814
744 280.1041998001391 280.00021973206668 43.957323294999696
745 280.10405161884626 280.00021973370161 44.016371984999751
746 280.10390463673752 280.00021973532586 44.075505051999244
747 280.1037588430986 280.00021973693674 44.134507542999017
748 280.1036142273162 280.00021973853063 44.193617380999967
749 280.10347077887133 280.00021974011577 44.252597318999506
750 280.10332848733111 280.00021974169027 44.311740125999677
751 280.10318734236569 280.00021974324937 44.371022520000224
752 280.10304733373681 280.00021974479574 44.430156940999041
753 280.10290845129532 280.00021974632546 44.48919703699994
754 280.10277068497817 280.00021974785113 44.548322551999263
755 280.10263402482155 280.00021974935743 44.607335563999186
756 280.10249846095348 280.00021975085542 44.666416650999054
757 280.10236398357489 280.00021975234142 44.725467580999066
758 280.10223058298999 280.00021975381395 44.784531324000454
759 280.10209824958014 280.00021975527517 44.843550585998855
760 280.10196697382122 280.00021975672189 44.902696049000042
761 280.10183674626688 280.00021975816304 44.961691092000365
762 280.10170755755911 280.00021975959049 45.020779940000466
763 280.10157939842611 280.00021976100646 45.079806233999079
764 280.10145225967301 280.00021976241152 45.138912007999352
765 280.10132613219207 280.00021976380572 45.197889238998869
766 280.10120100695843 280.00021976518525 45.256999804999396
767 280.10107687502534 280.00021976655762 45.316015317000165
768 280.10095372752102 280.00021976791652 45.375152083000103
769 280.10083155566713 280.00021976926655 45.434222699998827
770 280.10071035075305 280.00021977060447 45.493313943999055
771 280.10059010414801 280.00021977193381 45.55239476999941
772 280.10047080729834 280.00021977325252 45.61148122099894
773 280.1003524517281 280.00021977455515 45.670543141000053
774 280.10023502904289 280.00021977585607 45.729624071999751
775 280.10011853091561 280.00021977714442 45.788645833998999
776 280.10000294909298 280.00021977842033 45.847792964000291
777 280.09988827540644 280.00021977968419 45.906787589999112
778 280.09977450174756 280.00021978094145 45.965923573999135
779 280.09966162008732 280.00021978218734 46.024901793999561
780 280.09954962247156 280.00021978341971 46.084049132000473
781 280.09943850101178 280.00021978465372 46.143030373000329
782 280.09932824788979 280.00021978587063 46.202184950999253
783 280.09921885536306 280.00021978707946 46.261224318000131
784 280.09911031575814 280.00021978827465 46.320296707000125
785 280.09900262146232 280.00021978946347 46.379638215998966
786 280.09889576493947 280.00021979064798 46.43871815699913
787 280.09878973871565 280.00021979181776 46.497791951999716
788 280.09868453538672 280.00021979297702 46.556871371999478
789 280.09858014761585 280.00021979413458 46.615952041999662
790 280.09847656813184 280.00021979527463 46.675060160999237
791 280.09837378972753 280.00021979641309 46.734058172999539
792 280.09827180525576 280.00021979753689 46.793176811998819
793 280.09817060764317 280.00021979865562 46.852166907000537
794 280.09807018987181 280.00021979976458 46.911303515999862
795 280.09797054499234 280.00021980086507 46.970291423999697
796 280.09787166611056 280.0002198019564 47.029408396999315
797 280.09777354640357 280.00021980303836 47.088494587999776
798 280.09767617910103 280.00021980411782 47.147573486999136
799 280.09757955749791 280.00021980518437 47.206648791999214
800 280.09748367494763 280.00021980623956 47.265729566998743
801 280.09738852486817 280.00021980729622 47.324783674000173
802 280.09729410072543 280.00021980833714 47.383895333999135
803 280.09720039605259 280.00021980937203 47.442936889000521
804 280.09710740444206 280.00021981039561 47.502078861999507
805 280.09701511953722 280.0002198114172 47.56108062399926
806 280.096923535043 280.00021981242963 47.620235358998798
807 280.09683264471477 280.00021981343252 47.679247016999398
808 280.09674244237851 280.00021981442825 47.738377896000202
809 280.09665292189663 280.00021981541607 47.797393199999533
810 280.09656407719746 280.00021981640219 47.856540382000276
811 280.09647590227024 280.0002198173712 47.915555634000157
812 280.09638839113688 280.00021981833964 47.974812870998903
813 280.09630153789408 280.00021981930229 48.03385541499938
814 280.09621533667911 280.00021982025578 48.092925355999796
815 280.09612978168605 280.00021982119699 48.152010869999685
816 280.09604486716643 280.00021982213269 48.211105498000506
817 280.09596058741141 280.00021982306237 48.270160646999102
818 280.09587693677031 280.00021982398624 48.329266370000369
819 280.09579390964552 280.00021982490409 48.388621473000057
820 280.09571150048191 280.0002198258137 48.447752248000143
821 280.0956297037813 280.0002198267162 48.506797708999329
822 280.09554851409376 280.00021982761467 48.565955932998804
823 280.09546792601645 280.00021982850825 48.624955246998979
824 280.09538793419443 280.00021982938893 48.684072793000269
825 280.09530853331796 280.00021983026545 48.74306606600021
826 280.09522971812993 280.00021983113646 48.802188090999152
827 280.09515148342632 280.00021983199986 48.861232979000306
828 280.09507382403211 280.00021983286115 48.920351358000516
829 280.09499673483566 280.00021983370726 48.97940963199926
830 280.0949202107625 280.00021983455218 49.038494416000503
831 280.09484424678215 280.00021983539381 49.098021450999113
832 280.09476883791876 280.00021983622543 49.157298011000421
833 280.09469397923374 280.00021983705426 49.216323679999732
834 280.09461966583143 280.00021983787559 49.275448777999372
835 280.09454589286008 280.00021983869073 49.334469133999846
836 280.09447265552194 280.0002198394983 49.393624909999744
837 280.09439994904642 280.000219840299 49.452725632999318
838 280.09432776872069 280.00021984109696 49.511884533999364
839 280.09425610986148 280.00021984188885 49.570880774998841
840 280.09418496783439 280.00021984267516 49.63002379000045
841 280.09411433804883 280.00021984345227 49.689120501999241
842 280.09404421594667 280.00021984422756 49.748198723999849
843 280.09397459701927 280.00021984499517 49.807257882998783
844 280.09390547679237 280.00021984576 49.866345948998969
845 280.09383685083782 280.00021984651676 49.925445787000172
846 280.09376871476366 280.00021984726737 49.984514998000122
847 280.09370106421483 280.00021984801697 50.043567125999289
848 280.09363389487561 280.00021984875576 50.102715140998953
849 280.09356720247666 280.00021984949586 50.161746695998772
850 280.09350098277724 280.00021985022732 50.220862678998856
851 280.09343523158088 280.00021985095378 50.279825377999259
852 280.09336994472864 280.00021985167507 50.338964747000318
853 280.09330511809543 280.00021985239209 50.398279796999304
854 280.09324074758962 280.00021985310212 50.457449843998802
855 280.09317682916833 280.00021985380772 50.516499315998772
856 280.09311335881586 280.00021985450428 50.575647487000424
857 280.09305033255464 280.00021985520465 50.634695604999251
858 280.09298774643707 280.00021985589541 50.693834401000458
859 280.0929255965662 280.00021985658151 50.752890122998906
860 280.092863879064 280.00021985726312 50.811964958999852
861 280.09280259009466 280.00021985794081 50.870994169998994
862 280.09274172585594 280.00021985861116 50.930109736999839
863 280.0926812825785 280.00021985928203 50.989177802000086
864 280.09262125652924 280.00021985994363 51.048311755000213
865 280.09256164400489 280.00021986060381 51.107353934000457
866 280.09250244134341 280.00021986125677 51.16650314799972
867 280.09244364489882 280.00021986190478 51.225541577000513
868 280.09238525107935 280.00021986255263 51.284659226998883
869 280.0923272563054 280.00021986318978 51.343664113998784
870 280.09226965704818 280.00021986382563 51.402820098998745
871 280.09221244979148 280.00021986445853 51.461917800000265
872 280.09215563106648 280.00021986508733 51.520999981000386
873 280.0920991974304 280.00021986570869 51.58006596299947
874 280.09204314546099 280.0002198663251 51.63915132099919
875 280.0919874717855 280.00021986694469 51.698257355998976
876 280.09193217305022 280.0002198675565 51.757346306999352
877 280.09187724592647 280.00021986816068 51.816441717000089
878 280.09182268712846 280.00021986876447 51.875572128000385
879 280.0917684933944 280.00021986936412 51.934567691999291
880 280.09171466148575 280.00021986995722 51.993731280998873
881 280.09166118819752 280.00021987054691 52.05269991699879
882 280.09160807035653 280.00021987113195 52.111852463999639
883 280.09155530481354 280.00021987171675 52.170827037999516
884 280.09150288845274 280.00021987229468 52.230015574999015
885 280.09145081817815 280.0002198728701 52.289054420999491
886 280.09139909093244 280.00021987344013 52.348159674999806
887 280.09134770367399 280.00021987400646 52.407528736998756
888 280.09129665339026 280.00021987457382 52.466658522999751
889 280.09124593711158 280.00021987513225 52.525751015999958
890 280.0911955518734 280.00021987569215 52.584837519999382
891 280.09114549474958 280.00021987624336 52.643903605999185
892 280.09109576283731 280.00021987679224 52.703048757000033
893 280.09104635325946 280.00021987734016 52.762075466999704
894 280.09099726316509 280.00021987788256 52.821193533999576
895 280.09094848973268 280.00021987841507 52.880171284999051
896 280.09090003015825 280.00021987895087 52.93931341500047
897 280.09085188167148 280.00021987948492 52.998342937999951
898 280.0908040415178 280.00021988001151 53.057459545999336
899 280.09075650697139 280.0002198805393 53.116452713999934
900 280.09070927533338 280.00021988105829 53.175574530999256
901 280.09066234393373 280.00021988157624 53.234672493000289
902 280.09061571010881 280.0002198820896 53.293790925000394
903 280.0905693712358 280.00021988260136 53.352854145999117
904 280.09052332470998 280.00021988311386 53.411942420999367
905 280.09047756794661 280.00021988361777 53.47097329799999
906 280.09043209838893 280.00021988412169 53.530118501000288
907 280.09038691349861 280.00021988462214 53.589210316999925
908 280.09034201076963 280.00021988511139 53.648343124000348
909 280.09029738769868 280.00021988560809 53.707351865000419
910 280.09025304183331 280.00021988609848 53.766508265999619
911 280.09020897071264 280.00021988658699 53.825521902998844
912 280.09016517192271 280.00021988706601 53.88465517900022
913 280.09012164305545 280.00021988754656 53.943652512999506
914 280.09007838173221 280.00021988802644 54.002817612999024
915 280.09003538559296 280.00021988850193 54.061848853999436
916 280.08999265229517 280.00021988897589 54.120935410000129
917 280.08995017953077 280.00021988944565 54.180011548999573
918 280.08990796499501 280.00021988991097 54.239105239998935
919 280.08986600641356 280.00021989037424 54.298222004998934
920 280.08982430153247 280.00021989083331 54.35731762299929
921 280.08978284811286 280.0002198912897 54.416655799000182
922 280.08974164394243 280.00021989174377 54.475805532999402
923 280.08970068682413 280.00021989220079 54.53483838900047
924 280.08965997458296 280.00021989264951 54.593961924999348
925 280.08961950505977 280.00021989309528 54.652938842999902
926 280.08957927611738 280.00021989353638 54.712068837000515
927 280.08953928564347 280.00021989398408 54.77110341199932
928 280.08949953153393 280.00021989441973 54.830228771000293
929 280.08946001171017 280.00021989485498 54.889286262999121
930 280.0894207241077 280.00021989529063 54.948351725000066
931 280.08938166668753 280.00021989572406 55.007407602000058
932 280.08934283742087 280.00021989615004 55.066501813999821
933 280.08930423430587 280.00021989657876 55.125592536999648
934 280.08926585534891 280.00021989700235 55.184669143999599
935 280.08922769858083 280.00021989742254 55.24370814699887
936 280.08918976205126 280.00021989784227 55.302881214999616
937 280.08915204381964 280.0002198982562 55.361901727000259
938 280.08911454197397 280.00021989867093 55.421032970999477
939 280.08907725460398 280.0002198990843 55.480045567000161
940 280.089040179834 280.00021989948874 55.539258531999621
941 280.08900331579213 280.00021989990165 55.598280138000518
942 280.08896666063134 280.00021990030302 55.657414402999166
943 280.08893021251157 280.00021990070593 55.716406581000228
944 280.08889396961922 280.00021990110395 55.775525742000355
945 280.08885793015662 280.00021990150276 55.834607973999482
946 280.08882209233298 280.00021990189987 55.893720728999142
947 280.08878645438176 280.00021990229209 55.952893327998936
948 280.08875101454811 280.00021990268334 56.011969830999988
949 280.08871577109585 280.00021990307374 56.071071699999266
950 280.08868072230132 280.00021990346085 56.130175964000045
951 280.08864586645996 280.00021990384698 56.189229237998916
952 280.08861120187868 280.00021990422613 56.248356732000502
953 280.08857672688646 280.00021990460823 56.30743510999946
954 280.08854243981335 280.00021990498988 56.366576666999208
955 280.08850833901926 280.00021990536749 56.425901456998872
956 280.08847442287441 280.0002199057414 56.485051398999531
957 280.08844068975537 280.00021990611219 56.544101913000304
958 280.08840713806507 280.00021990648173 56.603266802999315
959 280.08837376621449 280.00021990685292 56.662353307000558
960 280.08834057262681 280.00021990721649 56.721451320999222
961 280.08830755574343 280.00021990758495 56.780474801999844
962 280.08827471402162 280.00021990794755 56.839595889999146
963 280.08824204592679 280.00021990830959 56.898659841000153
964 280.08820954994252 280.00021990866691 56.957743844000106
965 280.08817722456365 280.00021990902718 57.016764773000432
966 280.08814506829594 280.00021990937449 57.076422748000368
967 280.08811307966823 280.00021990973306 57.135624878998897
968 280.08808125720805 280.00021991008254 57.194778988999133
969 280.08804959947071 280.00021991043207 57.253776376000133
970 280.08801810501342 280.00021991078188 57.312900328000069
971 280.08798677241839 280.00021991112902 57.37192594499993
972 280.08795560026226 280.00021991147048 57.431179848000284
973 280.08792458714873 280.00021991181507 57.490271247000237
974 280.08789373169554 280.00021991215328 57.549366448999535
975 280.08786303251958 280.00021991249463 57.608452535999277
976 280.08783248826199 280.00021991282892 57.667564352000227
977 280.0878020975739 280.00021991317135 57.726640490999671
978 280.08777185911418 280.00021991349882 57.785724389998904
979 280.0877417715563 280.00021991383267 57.844809174998773
980 280.08771183358891 280.0002199141619 57.903950262999388
981 280.08768204390424 280.00021991449535 57.962975671999629
982 280.08765240121284 280.00021991482043 58.022126916000161
983 280.08762290423988 280.00021991514376 58.081178782999814
984 280.08759355171156 280.00021991547146 58.140295913000045
985 280.08756434237017 280.00021991579428 58.19929152900022
986 280.08753527497521 280.00021991611158 58.258428345999164
987 280.08750634829062 280.00021991643251 58.317551985998762
988 280.08747756108932 280.0002199167497 58.376656927000113
989 280.08744891216361 280.00021991706922 58.436022707998745
990 280.08742040030808 280.00021991737941 58.495148482998957
991 280.0873920243389 280.00021991769125 58.554203058999519
992 280.08736378306628 280.0002199180052 58.613362011999016
993 280.08733567532977 280.00021991831392 58.672434817000067
994 280.08730769996271 280.00021991862951 58.731555436000235
995 280.08727985582141 280.00021991893323 58.790598136999506
996 280.0872521417665 280.00021991923961 58.849747506000313
997 280.08722455666856 280.00021991954355 58.908754477000002
998 280.08719709940965 280.00021991984551 58.967886657998861
999 280.08716976888149 280.00021992015223 59.026885190999565
1000 280.08714256399014 280.00021992044753 59.0860197159991
