iterat. internal-T external-T elapsed-time
0 300 280 0.039755542000420974
1 299.20000000000209 280.00000883531106 0.079934739000236732
2 298.52813741741465 280.00001625546207 0.11965694699938467
3 297.94710600454084 280.00002267245583 0.15941946800012374
4 297.43349718286822 280.00002834482535 0.19922928199957823
5 296.97180041472768 280.00003344387119 0.23908305499935523
6 296.55130638030369 280.00003808786113 0.27909302999978536
7 296.16435677203702 280.00004236139142 0.31896982499893056
8 295.80530500684262 280.00004632681566 0.35898334099874774
9 295.46987441645433 280.00005003135442 0.39896367999972426
10 295.1547486461829 280.00005351165282 0.43897907199971087
11 294.85730236363042 280.00005679669368 0.47898571299992909
12 294.57541936238073 280.00005990984499 0.51904391799871519
13 294.30736659798487 280.00006287026162 0.55899633899934997
14 294.05170493986736 280.00006569382424 0.59905667999919388
15 293.80722459684307 280.00006839389999 0.63900555999862263
16 293.57289749130427 280.00007098184426 0.67907772299986391
17 293.34784151461292 280.00007346739261 0.71905597899967688
18 293.13129326991884 280.00007585898533 0.75912944399897242
19 292.9225869841606 280.00007816396362 0.79916384699936316
20 292.7211379769592 280.00008038879764 0.83921147900036885
21 292.52642954511833 280.00008253918088 0.87925520399949164
22 292.3380024426238 280.00008462019935 0.91929273200003081
23 292.15544635734545 280.00008663637647 0.95927739400030987
24 291.97839294191783 280.00008859177933 1.0013145499997336
25 291.80651006684877 280.00009049007684 1.0412823879996722
26 291.63949704460407 280.00009233459258 1.0814054909988045
27 291.47708063188134 280.00009412834112 1.1214371850001044
28 291.3190116608244 280.00009587408061 1.1615346099988528
29 291.16506218270166 280.00009757432014 1.2016263570003503
30 291.01502303191609 280.00009923137344 1.2417029999996885
31 290.8687017374545 280.00010084736562 1.2817743300001894
32 290.72592072306082 280.00010242425958 1.3219191520001914
33 290.58651574885505 280.00010396386881 1.3622386129991355
34 290.45033455613049 280.00010546787308 1.4023915079997096
35 290.31723568386531 280.00010693783577 1.4424572129992157
36 290.1870874310722 280.00010837521205 1.4825873989993852
37 290.05976694369298 280.00010978135913 1.5227360749995569
38 289.93515940824142 280.00011115753819 1.562849488998836
39 289.81315733741064 280.00011250494947 1.6029399870003544
40 289.69365993502521 280.00011382469506 1.643071319000228
41 289.57657253000707 280.00011511782526 1.6831109809991176
42 289.46180607025047 280.00011638532283 1.7232734600002004
43 289.34927666900603 280.00011762811192 1.7633029659991735
44 289.2389051971781 280.00011884707158 1.803459610999198
45 289.1306169159223 280.000120043023 1.8435601089986449
46 289.0243411450254 280.00012121674706 1.8836623249990225
47 288.92001096260805 280.00012236898357 1.9237558439999702
48 288.81756293285207 280.00012350043602 1.9638715499986574
49 288.71693685846623 280.00012461176561 2.003915691999282
50 288.61807555530538 280.000125703604 2.0441028589993948
51 288.52092464675098 280.00012677655195 2.0840885620000336
52 288.42543237567912 280.00012783118007 2.1242575509986636
53 288.33154943240527 280.00012886803717 2.164356694000162
54 288.23922879678878 280.00012988764024 2.2044611499986786
55 288.14842559324131 280.00013089048372 2.244576335999227
56 288.05909695726547 280.00013187704201 2.2846733959995618
57 287.97120191254055 280.00013284776685 2.3247711329986487
58 287.88470125742799 280.0001338030977 2.3649847059987223
59 287.79955746018925 280.00013474343768 2.4050854119996075
60 287.71573456191635 280.00013566918989 2.4452557549993799
61 287.63319808667546 280.00013658073385 2.4853255229991191
62 287.55191495810624 280.00013747843724 2.5254841469995881
63 287.47185342198662 280.00013836264895 2.5656712090003566
64 287.39298297421118 280.000139233705 2.6057978009994258
65 287.31527429371067 280.00014009192864 2.64590829899862
66 287.2386991799836 280.00014093763559 2.6860218700003315
67 287.16323049476819 280.0001417711224 2.7260963259996061
68 287.08884210758038 280.00014259267783 2.76626067899997
69 287.01550884479173 280.00014340258105 2.8064048239994008
70 286.94320644197671 280.00014420110068 2.8465440199997829
71 286.871911499232 280.00014498849413 2.8866807689992129
72 286.80160143935086 280.00014576500598 2.9268210589998489
73 286.73225446850091 280.00014653088238 2.9669558280002093
74 286.66384953932288 280.00014728635762 3.0075796189994435
75 286.59636631619372 280.00014803165254 3.0503761679992749
76 286.52978514261667 280.00014876698481 3.0950636969992047
77 286.46408701040883 280.0001494925616 3.1351548200000252
78 286.39925353073482 280.00015020859792 3.1753577149993362
79 286.33526690674404 280.00015091527416 3.2154588899993541
80 286.27210990775018 280.00015161278941 3.2556119410000974
81 286.20976584485095 280.00015230132516 3.2957520229992951
82 286.14821854782889 280.00015298106342 3.3359010639996995
83 286.08745234336743 280.00015365217268 3.3763095889989927
84 286.02745203433903 280.00015431482387 3.4165602459997899
85 285.96820288027584 280.00015496917933 3.4566675669993856
86 285.90969057878567 280.00015561539618 3.4968728069998178
87 285.85190124793621 280.00015625363108 3.536983252999562
88 285.79482140952604 280.00015688402777 3.5771881799992116
89 285.73843797323048 280.00015750673731 3.6173122199998033
90 285.68273822148586 280.00015812189207 3.6575135530001717
91 285.62770979513431 280.00015872963218 3.6976560309994966
92 285.57334067974904 280.00015933009502 3.7378187699996488
93 285.51961919263346 280.0001599234011 3.7779194229988207
94 285.46653397043514 280.00016050968441 3.8181385699990642
95 285.4140739572876 280.00016108905851 3.8582457859993156
96 285.36222839356986 280.00016166164829 3.8984813389997726
97 285.31098680516379 280.00016222756835 3.9386226189999434
98 285.26033899313734 280.00016278693306 3.9787875450001593
99 285.21027502398249 280.00016333984377 4.018997055998625
100 285.16078522018518 280.00016388641632 4.0592255249994196
101 285.11186015134024 280.00016442675218 4.0993901909987471
102 285.06349062549566 280.00016496094975 4.1395628779991966
103 285.01566768099207 280.00016548911293 4.179712594999728
104 284.96838257859594 280.00016601133768 4.2199539819994243
105 284.9216267939637 280.00016652771706 4.2600703649986826
106 284.87539201046241 280.0001670383395 4.300225707998834
107 284.82967011219802 280.00016754329812 4.3403934469988599
108 284.78445317746338 280.00016804268097 4.3805440500000259
109 284.73973347230162 280.00016853656945 4.4207464249993791
110 284.69550344446333 280.00016902505297 4.4610883339992142
111 284.65175571750405 280.00016950821123 4.5011906029994861
112 284.60848308519871 280.00016998612051 4.5414130299996032
113 284.56567850608531 280.00017045886062 4.5815519139996468
114 284.52333509830015 280.00017092650518 4.6218021029999363
115 284.48144613460227 280.00017138913074 4.6619555699999182
116 284.44000503751136 280.00017184681457 4.7022399260004022
117 284.39900537473994 280.00017229962242 4.7424316239994369
118 284.35844085472428 280.00017274762041 4.7826343639990228
119 284.31830532235443 280.00017319088317 4.8227927789994283
120 284.27859275483098 280.0001736294758 4.8630488019989571
121 284.23929725772638 280.00017406346399 4.903192007999678
122 284.20041306115957 280.00017449290402 4.9434890209995501
123 284.16193451606949 280.00017491786588 4.9836431139992783
124 284.12385609073095 280.00017533840753 5.0238671039987821
125 284.08617236728372 280.00017575459282 5.0640825520004
126 284.04887803844076 280.00017616647688 5.104283103999478
127 284.01196790434165 280.00017657411757 5.1444894899996143
128 283.9754368694197 280.00017697757272 5.1847137400000065
129 283.93927993947545 280.00017737689399 5.2249045520002255
130 283.90349221883059 280.00017777213952 5.2651779190000525
131 283.86806890752445 280.00017816335895 5.3053464389995497
132 283.83300529869575 280.00017855060639 5.3456361589996959
133 283.79829677596547 280.00017893393107 5.3860823420000088
134 283.76393881096561 280.00017931338715 5.4263359159995161
135 283.72992696095287 280.00017968901949 5.4665769379989797
136 283.696256866461 280.00018006087646 5.5067900419999205
137 283.66292424908193 280.00018042900723 5.5470479909999995
138 283.62992490925706 280.00018079345557 5.5873187010001857
139 283.59725472423128 280.00018115426963 5.6274749289987085
140 283.56490964597123 280.00018151149311 5.6677382950001629
141 283.53288569925144 280.00018186516911 5.707956711999941
142 283.5011789797187 280.00018221534447 5.7481793999995716
143 283.46978565207871 280.00018256205709 5.788400837998779
144 283.43870194830981 280.0001829053478 5.828621442999065
145 283.40792416594894 280.00018324526383 5.8688261099996453
146 283.37744866640537 280.00018358183775 5.9090628079993621
147 283.34727187338359 280.00018391511651 5.9492234640001698
148 283.31739027129862 280.00018424513365 5.9896071969997138
149 283.28780040376472 280.00018457192704 6.0299099909989309
150 283.25849887214724 280.00018489553742 6.0707461829988461
151 283.22948233411898 280.00018521599992 6.1109883499993884
152 283.20074750231265 280.00018553335025 6.1512095279995265
153 283.17229114298101 280.00018584762802 6.1914269030003197
154 283.14411007469766 280.0001861588637 6.231715425999937
155 283.11620116709622 280.00018646709373 6.2718752479995601
156 283.08856133969232 280.00018677235113 6.312152676999176
157 283.06118756069145 280.0001870746716 6.3523121340003854
158 283.03407684581617 280.00018737408658 6.3925770099995134
159 283.00722625727127 280.00018767062869 6.4327643849992455
160 282.98063290259176 280.0001879643292 6.4730322300001717
161 282.95429393367039 280.00018825522079 6.5132479909989343
162 282.92820654569556 280.00018854333348 6.5534759389993269
163 282.90236797620133 280.00018882869648 6.5936883149988716
164 282.87677550411377 280.00018911134504 6.6339120439988619
165 282.85142644882791 280.00018939130371 6.6741161899990402
166 282.82631816929774 280.00018966860245 6.7144073689996731
167 282.80144806317696 280.00018994327104 6.754612974000338
168 282.77681356598691 280.0001902153395 6.7948490990002028
169 282.75241215027836 280.00019048483148 6.8350918919986725
170 282.7282413248347 280.00019075177761 6.8753383829989616
171 282.70429863391712 280.00019101620251 6.9155694040000526
172 282.68058165648438 280.00019127813516 6.9558024050002132
173 282.65708800550084 280.00019153760439 6.9960015509986988
174 282.63381532718637 280.00019179463095 7.0362831980000919
175 282.61076130034411 280.00019204924075 7.0764554679990397
176 282.58792363570717 280.00019230146495 7.1167526890003501
177 282.56530007525754 280.00019255132344 7.1569732939988171
178 282.54288839160466 280.00019279883981 7.1972018149990618
179 282.52068638738331 280.00019304404236 7.2374691919994802
180 282.4986918946247 280.00019328695282 7.2776902129990049
181 282.4769027741998 280.000193527595 7.317874201999075
182 282.45531691523377 280.00019376599499 7.3581622040001093
183 282.43393223458247 280.00019400216985 7.3986261480004032
184 282.41274667625362 280.00019423614629 7.4388879509988328
185 282.39175821091789 280.00019446794533 7.4790555339986895
186 282.37096483537982 280.00019469759008 7.5193095759987045
187 282.35036457210646 280.00019492510182 7.5595357019992662
188 282.32995546872149 280.00019515050366 7.5998016719986481
189 282.30973559754733 280.00019537381485 7.6400375379998877
190 282.28970305515401 280.00019559505705 7.6802663189992018
191 282.26985596189508 280.00019581425164 7.7204400999999052
192 282.25019246149191 280.00019603141908 7.7607648220000556
193 282.23071072060264 280.00019624657591 7.8009579259996826
194 282.21140892842385 280.00019645974851 7.8412554070000624
195 282.19228529624985 280.00019667094989 7.881465541999205
196 282.17333805714401 280.00019688020808 7.9217121889996633
197 282.15456546550837 280.00019708753592 7.961961335999149
198 282.13596579672384 280.00019729295224 8.0022367339988705
199 282.11753734680121 280.00019749647913 8.0424344209986884
200 282.09927843201467 280.00019769813343 8.0829808660000708
201 282.08118738855705 280.00019789793282 8.1262466449989006
202 282.06326257220661 280.00019809589742 8.1701792089988885
203 282.04550235802805 280.00019829204513 8.210443772999497
204 282.02790513997297 280.00019848638993 8.2506727629988745
205 282.01046933066152 280.0001986789531 8.29095394199976
206 281.99319336102764 280.0001988697523 8.3312678299989784
207 281.97607568001376 280.00019905879952 8.3714815589992213
208 281.95911475431376 280.0001992461203 8.411770341999727
209 281.94230906805785 280.00019943172595 8.4519581860004109
210 281.92565712254111 280.00019961563072 8.4934064230001241
211 281.9091574359951 280.00019979785532 8.5336910909991275
212 281.89280854325648 280.00019997841423 8.5739790930001618
213 281.87660899555755 280.00020015732514 8.614208969000174
214 281.86055736023775 280.00020033460299 8.6544800949995988
215 281.84465222054706 280.00020051026075 8.6946926269993128
216 281.82889217535552 280.00020068431769 8.7349797949991626
217 281.81327583892653 280.00020085678511 8.7751963889986655
218 281.79780184071774 280.00020102768326 8.8154788179999741
219 281.78246882512525 280.00020119702458 8.8557398929988267
220 281.76727545127028 280.00020136482289 8.8960094569993089
221 281.75222039279328 280.00020153109421 8.9362371449988132
222 281.73730233761194 280.00020169585201 8.9765353549992142
223 281.72251998777301 280.00020185910967 9.0167339279996668
224 281.70787205918424 280.00020202088302 9.0570867229998839
225 281.69335728145774 280.00020218118794 9.0973563909992663
226 281.67897439770934 280.0002023400333 9.1376237679996848
227 281.66472216435773 280.0002024974375 9.1778439039990189
228 281.65059935095849 280.00020265341311 9.2181759689992759
229 281.63660473999181 280.00020280797037 9.2583955840000272
230 281.62273712672504 280.00020296112513 9.298698169999625
231 281.60899531900486 280.00020311289268 9.338918253999509
232 281.59537813707476 280.00020326328382 9.3792531839990261
233 281.5818844134825 280.00020341230982 9.4194804549988476
234 281.56851299281362 280.00020355998583 9.4612135939987638
235 281.55526273160297 280.00020370632308 9.5015087840001797
236 281.54213249815336 280.0002038513357 9.5417774099987582
237 281.5291211723839 280.00020399503495 9.5820187440003792
238 281.51622764566423 280.00020413743403 9.6223440390003816
239 281.50345082069242 280.00020427854133 9.6625589659997786
240 281.49078961131721 280.00020441837495 9.70283431200005
241 281.47824294243043 280.00020455694244 9.7430960109995794
242 281.4658097497902 280.00020469425698 9.783351407999362
243 281.45348897991761 280.0002048303287 9.823603627999546
244 281.44127958993442 280.00020496516919 9.8639007450001372
245 281.4291805474316 280.00020509879289 9.9041255159991124
246 281.41719083036412 280.00020523120946 9.9443898199988325
247 281.40530942690214 280.00020536242994 9.984623966000072
248 281.39353533529754 280.00020549246204 10.024891289998777
249 281.38186756378133 280.00020562132573 10.065164916999493
250 281.37030513043857 280.00020574902123 10.105430210000122
251 281.35884706306013 280.00020587556406 10.14569498200035
252 281.34749239906927 280.00020600096792 10.185991266000201
253 281.33624018538632 280.00020612523883 10.226237236000088
254 281.32508947830809 280.00020624838959 10.266563936000239
255 281.31403934339937 280.00020637042655 10.306802040999173
256 281.30308885538835 280.00020649136667 10.347124731999429
257 281.29223709807354 280.00020661121408 10.387391639000271
258 281.28148316417872 280.00020672998323 10.427680994998809
259 281.27082615529355 280.00020684768009 10.467880713998966
260 281.26026518173819 280.00020696431818 10.508204133999243
261 281.2497993624865 280.00020707990336 10.548436352999488
262 281.23942782504412 280.00020719444746 10.588761594999596
263 281.22914970536164 280.00020730796274 10.629039858000397
264 281.21896414774875 280.00020742045302 10.669336036999084
265 281.20887030476945 280.00020753192973 10.709567370999139
266 281.19886733714975 280.00020764240492 10.749891571000262
267 281.18895441367687 280.00020775188557 10.790116602998751
268 281.17913071112906 280.000207860378 10.830423667999639
269 281.16939541418031 280.00020796789818 10.870667606999632
270 281.15974771529721 280.00020807444787 10.910999099000037
271 281.1501868146799 280.00020818003895 10.951215380999201
272 281.14071192015081 280.00020828467916 10.991609738999614
273 281.13132224709403 280.00020838838191 11.031863312999121
274 281.1220170183521 280.00020849114958 11.072130065000238
275 281.1127954641621 280.00020859299428 11.112371138999151
276 281.10365682206719 280.0002086939221 11.152694454000084
277 281.09460033684536 280.00020879394498 11.192961413999001
278 281.08562526041322 280.00020889306728 11.233259728000121
279 281.07673085177623 280.0002089912993 11.273517051999079
280 281.06791637693408 280.0002090886469 11.313814533999903
281 281.05918110880754 280.00020918511984 11.354085659999328
282 281.05052432718412 280.00020928073008 11.394378713999686
283 281.04194531862208 280.00020937547629 11.434634736999215
284 281.03344337638049 280.00020946937201 11.474930029999086
285 281.0250178003792 280.00020956242639 11.515159593000135
286 281.01666789707969 280.00020965464347 11.555507752998892
287 281.0083929794751 280.00020974603194 11.595767056000113
288 281.00019236697079 280.00020983660187 11.636059954000302
289 280.99206538534645 280.00020992635802 11.676326236998648
290 280.98401136668087 280.00021001530746 11.71658819699951
291 280.97602964929865 280.00021010345779 11.756824738999057
292 280.96811957768233 280.0002101908193 11.797146699998848
293 280.96028050244416 280.00021027739399 11.83737282599941
294 280.95251178021789 280.00021036319271 11.877712182998948
295 280.94481277364338 280.00021044822279 11.917980079999325
296 280.93718285128284 280.00021053248776 11.958271051000338
297 280.92962138756366 280.0002106159975 11.998503322998658
298 280.92212776271373 280.00021069875669 12.038821533998998
299 280.91470136270948 280.000210780776 12.079069950999838
300 280.90734157922975 280.0002108620572 12.119394620998719
301 280.9000478095644 280.00021094261126 12.159665642999244
302 280.89281945660753 280.00021102244017 12.199964113999158
303 280.88565592874744 280.00021110155478 12.240205291998791
304 280.87855663985846 280.00021117995993 12.280490168999677
305 280.87152100922214 280.00021125766233 12.320752337000158
306 280.86454846147166 280.00021133466834 12.361099141999148
307 280.8576384265499 280.00021141098341 12.401366153999334
308 280.85079033966792 280.00021148661534 12.441714104999846
309 280.8440036412112 280.00021156156686 12.481969450000179
310 280.83727777672595 280.00021163584944 12.522229951999179
311 280.83061219687988 280.0002117094657 12.56250654699943
312 280.82400635735524 280.00021178242281 12.602801111999725
313 280.81745971887136 280.00021185472542 12.64309666599911
314 280.81097174706861 280.00021192637894 12.683441647999643
315 280.80454191251005 280.00021199739115 12.723694545000399
316 280.79816969060113 280.00021206776671 12.764011506000315
317 280.79185456158018 280.00021213751393 12.804265548998956
318 280.78559601042707 280.00021220663257 12.84457902000031
319 280.77939352684746 280.00021227513429 12.884858688999884
320 280.77324660520543 280.00021234302153 12.925179555999421
321 280.76715474451794 280.00021241030083 12.965448286999163
322 280.76111744836265 280.00021247697742 13.0057621750002
323 280.75513422486341 280.00021254305699 13.046031738998863
324 280.74920458662535 280.00021260854641 13.086356824998802
325 280.74332805073686 280.00021267344516 13.126616440998987
326 280.73750413865622 280.00021273776622 13.167331639999247
327 280.73173237623587 280.00021280151066 13.210505696999462
328 280.72601229364125 280.00021286468188 13.251686687999609
329 280.72034342532675 280.00021292729122 13.291995263998615
330 280.7147253099879 280.0002129893374 13.332303578999927
331 280.70915749053398 280.00021305082959 13.372556943999371
332 280.70363951401333 280.00021311177039 13.41287817599914
333 280.69817093162658 280.00021317216715 13.453201751999586
334 280.69275129863439 280.00021323202202 13.493527098999039
335 280.68738017436397 280.00021329134319 13.53382244400018
336 280.68205712213916 280.00021335013116 13.574938850999388
337 280.67678170926564 280.0002134083955 13.615229873999851
338 280.67155350696089 280.00021346613499 13.655540010999175
339 280.66637209034906 280.00021352335943 13.695811449999383
340 280.66123703843226 280.00021358007137 13.736097265000353
341 280.6561479340121 280.00021363627599 13.776395995999337
342 280.65110436368508 280.0002136919793 13.816717904999678
343 280.6461059177982 280.00021374718102 13.857014969999
344 280.64115219042355 280.00021380189099 13.897335784999086
345 280.63624277930836 280.00021385611274 13.937618525998914
346 280.63137728584388 280.00021390984762 13.977938247999191
347 280.62655531504248 280.00021396310302 14.018211873999462
348 280.62177647550305 280.00021401587958 14.058587378000084
349 280.61704037934999 280.00021406818604 14.098962725998717
350 280.61234664223292 280.00021412002263 14.139302448000308
351 280.60769488329913 280.00021417139692 14.179560032998779
352 280.60308472511781 280.00021422231129 14.219902359000116
353 280.59851579368922 280.00021427277244 14.26016520399935
354 280.59398771839813 280.0002143227801 14.300520499000413
355 280.58950013197563 280.00021437234221 14.340769124999497
356 280.58505267049361 280.00021442146112 14.381071710999095
357 280.58064497329758 280.00021447014154 14.421329607999724
358 280.57627668298773 280.0002145183837 14.461677037999834
359 280.57194744542568 280.00021456619703 14.50195832099962
360 280.56765690965983 280.00021461358233 14.542281531999834
361 280.56340472788992 280.000214660545 14.582535470999574
362 280.55919055550044 280.00021470708492 14.622855816998708
363 280.55501405095021 280.00021475321364 14.663131631999931
364 280.5508748758001 280.00021479892564 14.703450466999129
365 280.54677269466873 280.00021484422979 14.743729197998618
366 280.54270717521064 280.00021488913285 14.784016626999801
367 280.53867798806976 280.00021493363192 14.824313639999673
368 280.53468480685945 280.00021497773093 14.864657007999995
369 280.53072730814762 280.00021502143818 14.904989489999934
370 280.52680517142488 280.00021506475571 14.945289887999024
371 280.52291807906255 280.00021510768357 14.985534711999208
372 280.5190657163061 280.00021515022934 15.025896674000251
373 280.5152477712428 280.00021519239618 15.066189363000376
374 280.5114639347596 280.00021523418422 15.10651825199966
375 280.5077139005474 280.00021527560267 15.146778856998935
376 280.50399736504045 280.00021531664669 15.187102537000101
377 280.50031402743497 280.00021535732702 15.227381579999928
378 280.49666358962372 280.00021539764305 15.267711094000333
379 280.4930457561818 280.0002154376009 15.307968209999672
380 280.48946023435809 280.00021547719962 15.348346838998623
381 280.48590673403311 280.00021551644392 15.388593016999948
382 280.48238496769881 280.00021555533738 15.428972947998773
383 280.47889465045432 280.00021559388551 15.469234386999233
384 280.47543549995169 280.00021563208691 15.509621348999644
385 280.47200723637394 280.00021566994906 15.549925028999496
386 280.46860958245497 280.00021570747668 15.590277146999142
387 280.4652422633979 280.00021574466319 15.630572075999225
388 280.46190500690386 280.00021578152024 15.670910703998743
389 280.45859754310055 280.00021581804987 15.711190788999374
390 280.45531960456776 280.00021585425003 15.751517802000308
391 280.45207092628016 280.0002158901288 15.791788511998675
392 280.4488512456075 280.000215925688 15.832138650999696
393 280.44566030227497 280.00021596092824 15.872413839999354
394 280.4424978383463 280.00021599585631 15.912735488998806
395 280.43936359821134 280.0002160304694 15.95302447999893
396 280.43625732858476 280.00021606477753 15.993343107998953
397 280.43317877841577 280.0002160987774 16.03366371499942
398 280.43012769894278 280.0002161324756 16.073990935999973
399 280.42710384362869 280.00021616587156 16.114287427999443
400 280.42410696816967 280.00021619896665 16.154621628998939
401 280.42113683043721 280.00021623177037 16.194896348999464
402 280.41819319050069 280.00021626428224 16.235271383999134
403 280.41527581057909 280.00021629650195 16.275550897000358
404 280.41238445502597 280.00021632843294 16.315874836998773
405 280.40951889032038 280.00021636008034 16.356200026999431
406 280.40667888503754 280.00021639144671 16.39651667599901
407 280.40386420983447 280.00021642253142 16.436913169998661
408 280.40107463744221 280.00021645334158 16.477314038998884
409 280.39830994260421 280.00021648387462 16.51765568799965
410 280.39556990213038 280.00021651413516 16.557971451000412
411 280.39285429480014 280.00021654412791 16.598291119998976
412 280.39016290139728 280.00021657385264 16.638630424999064
413 280.38749550468771 280.00021660331015 16.678934364999805
414 280.38485188936886 280.00021663250715 16.719280544999492
415 280.38223184207612 280.00021666144386 16.759596359999705
416 280.3796351513792 280.00021669012142 16.799928529999306
417 280.37706160773422 280.00021671854631 16.840226062999136
418 280.37451100348062 280.00021674671262 16.880613911000182
419 280.3719831328296 280.00021677463059 16.920893995998995
420 280.36947779183549 280.00021680230003 16.961256114998832
421 280.36699477838607 280.00021682972346 17.001553336000143
422 280.36453389219758 280.00021685690285 17.041891598999428
423 280.36209493475815 280.00021688383816 17.082170747000418
424 280.35967770936969 280.0002169105336 17.122563385999456
425 280.35728202107953 280.00021693699239 17.162848680000025
426 280.3549076767053 280.00021696321551 17.20317548499952
427 280.35255448477074 280.0002169892054 17.243475101999138
428 280.35022225556168 280.00021701496172 17.283822428000349
429 280.34791080102616 280.00021704048902 17.32409527299933
430 280.34561993483021 280.00021706579042 17.364465048000056
431 280.34334947228956 280.00021709086371 17.404750965999483
432 280.34109923040199 280.00021711571543 17.445118136998644
433 280.33886902779324 280.00021714034807 17.485398325999995
434 280.33665868473491 280.00021716475891 17.525745130998985
435 280.33446802308725 280.00021718895374 17.566080061998946
436 280.33229686632495 280.00021721292978 17.606398636999074
437 280.33014503951233 280.00021723669602 17.646703930999138
438 280.32801236927412 280.00021726024789 17.68705490299908
439 280.32589868380052 280.00021728359479 17.727363791000244
440 280.3238038128178 280.00021730672768 17.767700700000205
441 280.32172758759458 280.00021732965871 17.807985524999822
442 280.31966984088564 280.00021735238732 17.848333944999467
443 280.31763040697325 280.0002173749096 17.888637885000207
444 280.31560912162541 280.00021739723201 17.929016357998989
445 280.31360582207304 280.00021741935723 17.969309359999897
446 280.31162034701015 280.00021744128674 18.00964611299969
447 280.30965253659173 280.00021746301837 18.049917344000278
448 280.30770223239887 280.00021748455754 18.090259044998675
449 280.30576927742567 280.00021750590543 18.130594704000032
450 280.30385351609107 280.00021752706346 18.170943436000016
451 280.3019547941991 280.00021754803095 18.21125143899917
452 280.30007295895268 280.00021756881517 18.251817520000259
453 280.2982078589045 280.00021758941534 18.296849067999574
454 280.29635934399192 280.00021760983071 18.337379157999749
455 280.29452726546469 280.00021763006498 18.377765130999251
456 280.29271147595961 280.00021765011786 18.418106884999361
457 280.29091182937748 280.0002176699947 18.458446345999619
458 280.2891281809753 280.00021768969333 18.498831849999988
459 280.28736038728243 280.00021770921649 18.539172040998892
460 280.28560830613071 280.00021772856496 18.579598951999287
461 280.28387179662758 280.0002177477445 18.619838046999575
462 280.28215071913428 280.00021776675277 18.660179226999389
463 280.2804449352717 280.00021778559091 18.700549053999566
464 280.27875430789874 280.00021780426403 18.740901952998684
465 280.27707870111203 280.00021782276838 18.781217507999827
466 280.27541798022872 280.00021784110982 18.821610094999414
467 280.27377201175591 280.00021785929027 18.861965337999209
468 280.27214066343566 280.00021787730481 18.902330789998814
469 280.27052380415438 280.00021789516222 18.942651866000233
470 280.26892130400239 280.00021791286093 18.983046119999926
471 280.26733303422606 280.00021793040241 19.023373497999273
472 280.26575886723248 280.00021794778741 19.063739625999006
473 280.26419867655989 280.00021796501767 19.104209195000294
474 280.2626523369027 280.00021798209701 19.144583448998674
475 280.26111972406932 280.00021799902362 19.184901399999944
476 280.25960071497434 280.00021801579931 19.225324664999789
477 280.25809518764839 280.00021803242493 19.265638605000277
478 280.25660302121446 280.00021804890525 19.306007077999311
479 280.25512409587361 280.00021806523898 19.346350914000141
480 280.25365829290524 280.00021808142907 19.386748032999094
481 280.25220549465894 280.00021809747216 19.427099942999121
482 280.2507655845335 280.00021811337353 19.468905010999151
483 280.24933844698256 280.00021812913508 19.509319630000391
484 280.24792396747443 280.00021814475673 19.549694925999574
485 280.24652203253243 280.00021816024019 19.590030532999663
486 280.24513252969211 280.00021817558627 19.630422131000159
487 280.24375534747338 280.00021819079592 19.67070914299984
488 280.24239037543833 280.00021820587085 19.711087980000229
489 280.24103750409438 280.00021822081271 19.751400565999575
490 280.23969662496086 280.0002182356215 19.79178023699933
491 280.23836763053174 280.00021825029853 19.832120895998742
492 280.23705041425336 280.00021826484641 19.872527964000255
493 280.23574487052201 280.00021827926582 19.91287013299916
494 280.23445089470039 280.00021829355558 19.953247043998999
495 280.23316838307539 280.00021830772238 19.993592286000421
496 280.23189723286407 280.00021832175935 20.033980238998993
497 280.2306373422258 280.00021833567337 20.074314907998996
498 280.22938861020566 280.00021834946403 20.114705881000191
499 280.22815093677104 280.00021836313522 20.155042790998777
500 280.2269242227834 280.000218376681 20.195375168999817
501 280.22570836998818 280.00021839010981 20.235734943000352
502 280.22450328102155 280.00021840341896 20.276096591998794
503 280.22330885938806 280.00021841661112 20.31640313599928
504 280.22212500946216 280.00021842968437 20.356790046998867
505 280.22095163646793 280.00021844264404 20.397137424999528
506 280.21978864647804 280.00021845548792 20.437500324998837
507 280.21863594642605 280.00021846821909 20.477811503998964
508 280.21749344405691 280.00021848083708 20.518194143998699
509 280.21636104796113 280.00021849334138 20.558541000998957
510 280.21523866754296 280.00021850574001 20.598906191999049
511 280.21412621301016 280.00021851802427 20.63928846700037
512 280.21302359539368 280.0002185302011 20.679669283999829
513 280.21193072651033 280.00021854227185 20.719980306999787
514 280.21084751896603 280.00021855423262 20.760373207000157
515 280.20977388616109 280.00021856609078 20.800665583999944
516 280.20870974227296 280.00021857784338 20.841034420998767
517 280.20765500222785 280.00021858949088 20.88139643499926
518 280.20660958173551 280.00021860104073 20.921816210999168
519 280.20557339726253 280.00021861248371 20.962147131000165
520 280.20454636601869 280.00021862382664 21.002564667000115
521 280.20352840594342 280.00021863506709 21.042897981998976
522 280.20251943574573 280.00021864621004 21.083256455000082
523 280.20151937482575 280.00021865725483 21.123607427000024
524 280.20052814332684 280.00021866820202 21.164012045999698
525 280.1995456621155 280.00021867905286 21.204321922999952
526 280.19857185274918 280.00021868980627 21.24467737499981
527 280.19760663750327 280.00021870046794 21.285026472000027
528 280.19664993933714 280.00021871103291 21.325400308998724
529 280.19570168192041 280.00021872150495 21.365748000000167
530 280.19476178959161 280.00021873188558 21.406155953000052
531 280.1938301873692 280.00021874217521 21.44650885199917
532 280.1929068009465 280.00021875237383 21.486865814000339
533 280.19199155669128 280.00021876248229 21.527231473999564
534 280.19108438162033 280.00021877250168 21.567610518999572
535 280.19018520340956 280.00021878243183 21.607954408000296
536 280.18929395038475 280.00021879227381 21.648364339998807
537 280.18841055151194 280.00021880202928 21.688697186000354
538 280.18753493640048 280.00021881170017 21.729061283998817
539 280.18666703527896 280.00021882128652 21.769425432999924
540 280.18580677900673 280.00021883078637 21.809805468999912
541 280.18495409907848 280.00021884020447 21.850118680000378
542 280.18410892757385 280.0002188495373 21.89065022899922
543 280.18327119721243 280.00021885878999 21.930971824998778
544 280.18244084130072 280.00021886796009 21.971303473999797
545 280.18161779373554 280.00021887705083 22.011601111000346
546 280.18080198902851 280.00021888606028 22.051988907000123
547 280.17999336225972 280.00021889499197 22.092279148999296
548 280.17919184910227 280.00021890384556 22.132652569000129
549 280.1783973858042 280.0002189126165 22.1730244270002
550 280.17760990917634 280.0002189213161 22.213409201998729
551 280.17682935661469 280.00021892993885 22.253713350999533
552 280.17605566605408 280.0002189384835 22.294135313999504
553 280.17528877599784 280.0002189469522 22.33445534800012
554 280.17452862551551 280.00021895534746 22.374829705999218
555 280.17377515419395 280.00021896366729 22.415155676999348
556 280.17302830217955 280.00021897191579 22.455578891000187
557 280.17228801015568 280.00021898009192 22.495895017998919
558 280.17155421933211 280.00021898819574 22.536299897999925
559 280.17082687144949 280.00021899623027 22.576617224000074
560 280.17010590876714 280.00021900419387 22.617004341998836
561 280.16939127406238 280.00021901208333 22.657352606000131
562 280.1686829106319 280.00021901990556 22.697752328998831
563 280.16798076227485 280.00021902766218 22.73807736299932
564 280.16728477329599 280.0002190353502 22.778443023000364
565 280.16659488851008 280.00021904296938 22.818806391998805
566 280.16591105319998 280.00021905052176 22.85916918699877
567 280.16523321316686 280.00021905800702 22.899486303998856
568 280.16456131467919 280.00021906542821 22.939892172998952
569 280.16389530451107 280.00021907278489 22.980220071998701
570 280.16323512988401 280.00021908007523 23.020599117999154
571 280.16258073850997 280.00021908730344 23.060983944998952
572 280.16193207857674 280.00021909446468 23.101326062000226
573 280.16128909871168 280.00021910156983 23.141683804999047
574 280.16065174802793 280.00021910860534 23.182097486998828
575 280.16001997608015 280.00021911558468 23.22243314699881
576 280.15939373289092 280.00021912249827 23.262826672000301
577 280.15877296890693 280.00021912935614 23.303168737000306
578 280.15815763504423 280.0002191361512 23.350594350000392
579 280.15754768264196 280.00021914288885 23.393323762000364
580 280.15694306348314 280.00021914956704 23.433801871999094
581 280.15634372978951 280.00021915618652 23.47414268799912
582 280.15574963419107 280.00021916274761 23.514463450999756
583 280.15516072976419 280.00021916925061 23.554791818000012
584 280.15457696998885 280.00021917569785 23.595159509999576
585 280.15399830877726 280.0002191820879 23.635518346998651
586 280.15342470044249 280.00021918842407 23.675898016999781
587 280.15285609972614 280.00021919470328 23.716237634998834
588 280.1522924617521 280.00021920092746 23.756605169999602
589 280.1517337420579 280.00021920709838 23.796967235999546
590 280.15117989657818 280.00021921321513 23.837372792999304
591 280.15063088164305 280.00021921927976 23.877700691000427
592 280.1500866539804 280.00021922528896 23.918087185000331
593 280.14954717070503 280.00021923124734 23.95843971999966
594 280.14901238929394 280.0002192371536 23.998807672000112
595 280.14848226763974 280.00021924300637 24.039133382999353
596 280.1479567639912 280.00021924881031 24.079553522999049
597 280.14743583697322 280.00021925456537 24.119902151000133
598 280.14691944559314 280.00021926026818 24.160286821999762
599 280.14640754921425 280.0002192659224 24.20064592000017
600 280.14590010756962 280.00021927152591 24.241040330000033
601 280.1453970807471 280.00021927708065 24.281376302000353
602 280.14489842920676 280.00021928258866 24.321788264998759
603 280.14440411374778 280.00021928804756 24.36206074599977
604 280.14391409553241 280.00021929346019 24.402446613999928
605 280.14342833606014 280.0002192988249 24.442750449999949
606 280.14294679717557 280.00021930414283 24.484658800998659
607 280.14246944108294 280.00021930941529 24.524989043999085
608 280.14199623031078 280.00021931463971 24.565383245999328
609 280.14152712772528 280.00021931982161 24.60572942699946
610 280.14106209653232 280.00021932495798 24.646134098000402
611 280.14060110025224 280.00021933004814 24.686431526999513
612 280.14014410275638 280.00021933509498 24.726828228998784
613 280.13969106821656 280.00021934009885 24.767149825998786
614 280.13924196114129 280.0002193450598 24.807496735000313
615 280.13879674634518 280.00021934997591 24.847838071998922
616 280.13835538896842 280.00021935484898 24.888247065999167
617 280.13791785447097 280.00021935968351 24.928571110998746
618 280.13748410859597 280.00021936447206 24.96896234399901
619 280.13705411741694 280.00021936922099 25.009268575999158
620 280.13662784730548 280.00021937392916 25.049667152999973
621 280.13620526493889 280.00021937859651 25.090051823999602
622 280.13578633727747 280.00021938322357 25.130441182000141
623 280.13537103160326 280.00021938781049 25.170785487000103
624 280.13495931546424 280.00021939235421 25.211167970999668
625 280.13455115671957 280.0002193968615 25.251529619999928
626 280.13414652350798 280.00021940132939 25.291904603000148
627 280.13374538425359 280.00021940576175 25.332237553999221
628 280.13334770766971 280.00021941015439 25.372674308999194
629 280.13295346274157 280.00021941450888 25.413036218998968
630 280.13256261873369 280.00021941882511 25.453432816999339
631 280.13217514520517 280.00021942310502 25.49378675799926
632 280.13179101195749 280.00021942734907 25.534175388000222
633 280.13141018908487 280.00021943155355 25.574487764999503
634 280.13103264694439 280.00021943572148 25.614886498999113
635 280.13065835615117 280.00021943985917 25.65525434600022
636 280.13028728759559 280.00021944395604 25.695614901998852
637 280.12991941241478 280.00021944801927 25.735970248999365
638 280.12955470202473 280.00021945204588 25.776349085999755
639 280.12919312808128 280.0002194560401 25.816665578999164
640 280.12883466250219 280.00021945999936 25.857080301999304
641 280.12847927745912 280.00021946392445 25.897377678998964
642 280.12812694536029 280.00021946781482 25.937800058998619
643 280.12777763887283 280.00021947167164 25.978129989000081
644 280.12743133090072 280.00021947549754 26.018543879999925
645 280.12708799461109 280.00021947928866 26.058866933999525
646 280.12674760337865 280.00021948304936 26.099219521000123
647 280.12641013084851 280.00021948677397 26.139565337000022
648 280.12607555088522 280.00021949046868 26.179982716999803
649 280.12574383758391 280.00021949413258 26.220296343999507
650 280.12541496528956 280.00021949776675 26.260720390999268
651 280.125088908566 280.00021950136727 26.301037507999354
652 280.1247656422085 280.00021950493596 26.341422178998982
653 280.12444514122029 280.00021950847798 26.381796953999583
654 280.12412738086499 280.00021951198653 26.422217145998729
655 280.12381233659119 280.00021951546552 26.46252853399892
656 280.12349998409331 280.00021951891233 26.502933100999144
657 280.12319029927238 280.00021952233391 26.543289072998959
658 280.12288325824511 280.00021952572536 26.583657597999263
659 280.12257883735009 280.00021952908713 26.624015340999904
660 280.12227701313174 280.00021953242037 26.664401938998708
661 280.12197776234575 280.00021953572423 26.704753066998819
662 280.12168106194781 280.00021953900119 26.745152737999888
663 280.12138688913132 280.00021954225173 26.78552063799907
664 280.1210952212457 280.00021954547259 26.82590879899908
665 280.12080603588447 280.0002195486681 26.866265759999806
666 280.1205193108209 280.00021955183354 26.906696369998826
667 280.1202350240377 280.00021955497164 26.94706307100023
668 280.11995315371064 280.00021955808631 26.987457690000156
669 280.119673678212 280.00021956117268 27.02783001699936
670 280.11939657611288 280.00021956423308 27.068210260998967
671 280.1191218261614 280.00021956726687 27.108546804998696
672 280.11884940731511 280.00021957027508 27.149000071000046
673 280.11857929869717 280.00021957325907 27.189370262998636
674 280.11831147965864 280.00021957621766 27.229774882000129
675 280.11804592968355 280.00021957914993 27.270135957998718
676 280.11778262847986 280.00021958205866 27.31052932700004
677 280.11752155591438 280.00021958494381 27.350975561999803
678 280.11726269205724 280.00021958780172 27.391397524999775
679 280.1170060171325 280.00021959063611 27.431712089999564
680 280.11675151155089 280.00021959344809 27.472107438999956
681 280.11649915591522 280.00021959623518 27.512487734000388
682 280.11624893097235 280.00021959899829 27.552910009999323
683 280.11600081765692 280.00021960173848 27.593278690999796
684 280.11575479708495 280.00021960445554 27.633678778998728
685 280.11551085052491 280.00021960714878 27.674060167999414
686 280.11526895942512 280.00021960982014 27.714497601000403
687 280.11502910538843 280.00021961246972 27.754848051999943
688 280.11479127019686 280.00021961509646 27.795276056998773
689 280.11455543577489 280.0002196177017 27.835613070999898
690 280.11432158424077 280.00021962028291 27.876013574999888
691 280.11408969784003 280.00021962284552 27.916392203998839
692 280.1138597589989 280.00021962538381 27.956832448999194
693 280.11363175028947 280.00021962790288 27.997199983999963
694 280.11340565445192 280.00021963039904 28.037646061999112
695 280.11318145436792 280.00021963287691 28.077989014000195
696 280.11295913308214 280.00021963533089 28.118365975999041
697 280.11273867379316 280.00021963776555 28.158752522000214
698 280.11252005983272 280.00021964018026 28.199153859999569
699 280.11230327470196 280.00021964257382 28.239545978000024
700 280.11208830204214 280.00021964494834 28.280000910999661
701 280.11187512564936 280.00021964730354 28.320397248999143
702 280.11166372944467 280.00021964963719 28.360805827000149
703 280.11145409751833 280.00021965195475 28.401156329999139
704 280.11124621407089 280.00021965424764 28.441584542999408
705 280.11104006349348 280.00021965652491 28.481959683000241
706 280.11083563025915 280.0002196587842 28.522368780999386
707 280.11063289902938 280.00021966102366 28.562756420998994
708 280.1104318545747 280.00021966324238 28.603151248000358
709 280.11023248182045 280.00021966544284 28.643544147998909
710 280.11003476579543 280.00021966762836 28.684007986999859
711 280.10983869170741 280.00021966979341 28.724402085999827
712 280.10964424486355 280.00021967194175 28.764803631998802
713 280.10945141072108 280.00021967407093 28.805225594998774
714 280.10926017484422 280.00021967618255 28.845711673999176
715 280.10907052295676 280.00021967827769 28.886086136999438
716 280.10888244089307 280.00021968035406 28.926545756999985
717 280.10869591460875 280.00021968241305 28.966924750999169
718 280.1085109302096 280.00021968445844 29.007377182999335
719 280.10832747389537 280.00021968648201 29.047760655999809
720 280.10814553200737 280.00021968849262 29.088236162999237
721 280.10796509102647 280.00021969048561 29.128606457999922
722 280.10778613750375 280.00021969245972 29.169056181999622
723 280.10760865816565 280.00021969442065 29.209465332998661
724 280.10743263982192 280.00021969636549 29.249899483998888
725 280.10725806942111 280.0002196982926 29.29029962399909
726 280.1070849340058 280.00021970020532 29.330749400000059
727 280.10691322076849 280.00021970210042 29.3711375089988
728 280.10674291698399 280.00021970398285 29.411557023999194
729 280.10657401006313 280.00021970584766 29.45199133099959
730 280.10640648751132 280.00021970769939 29.493934631000229
731 280.10624033696377 280.00021970953088 29.534303832999285
732 280.10607554615967 280.0002197113518 29.574749338999027
733 280.10591210294331 280.00021971315635 29.615107810999689
734 280.1057499952733 280.00021971494499 29.655545607998647
735 280.10558921121361 280.00021971672146 29.695944757999314
736 280.10542973893888 280.0002197184823 29.736376670000027
737 280.10527156672265 280.00021972023092 29.776776704999065
738 280.10511468295425 280.00021972196316 29.817221897999843
739 280.10495907611187 280.00021972368154 29.85763724699973
740 280.10480473479788 280.00021972538735 29.898042959999657
741 280.10465164769761 280.00021972707685 29.938403254998775
742 280.10449980361096 280.00021972875447 29.978850374998729
743 280.10434919142318 280.0002197304168 30.019225201998779
744 280.10419980013688 280.00021973206714 30.059660238999641
745 280.10405161884972 280.00021973370275 30.100047669999185
746 280.10390463673701 280.0002197353279 30.140463226998691
747 280.10375884309497 280.00021973693674 30.180818209999416
748 280.10361422731722 280.00021973853245 30.22129845499876
749 280.10347077887457 280.00021974011753 30.261729586000001
750 280.10332848732992 280.00021974169209 30.30334053399929
751 280.10318734237023 280.0002197432508 30.344589131000248
752 280.10304733374096 280.00021974479495 30.385042084999441
753 280.10290845129077 280.00021974632972 30.425424412000211
754 280.10277068497987 280.00021974785153 30.465860438000163
755 280.10263402482423 280.00021974936078 30.506229587999769
756 280.10249846095149 280.00021975085866 30.546703271000297
757 280.10236398357279 280.00021975234313 30.587099087999377
758 280.10223058299283 280.00021975381713 30.62760021899885
759 280.10209824957923 280.00021975527898 30.667972441999154
760 280.10196697382116 280.00021975672524 30.708400446999804
761 280.1018367462645 280.00021975816742 30.748813816999245
762 280.10170755756235 280.00021975959305 30.789271040999665
763 280.10157939842696 280.00021976100879 30.829671076999148
764 280.10145225967671 280.00021976241379 30.870137832998807
765 280.10132613219076 280.00021976380702 30.910519742999895
766 280.10120100695985 280.00021976518872 30.950963893999869
767 280.10107687502648 280.00021976655955 30.99137757599965
768 280.10095372751994 280.00021976792044 31.031851468000241
769 280.10083155566366 280.00021976926769 31.072234002998812
770 280.10071035075146 280.00021977060754 31.112691227999676
771 280.10059010414801 280.00021977193666 31.153104179998991
772 280.1004708072935 280.00021977325326 31.193526716999258
773 280.10035245173026 280.00021977455975 31.233940242000244
774 280.10023502904312 280.00021977585709 31.27441543599889
775 280.10011853091498 280.00021977714334 31.314804325998921
776 280.10000294909378 280.00021977841982 31.355231497000204
777 280.099888275404 280.00021977968646 31.39563569999882
778 280.09977450174495 280.00021978094293 31.436058964998665
779 280.09966162008925 280.00021978218803 31.476419520999116
780 280.099549622469 280.00021978342397 31.516882838999663
781 280.09943850101388 280.0002197846531 31.557295532000353
782 280.09932824788979 280.00021978586926 31.597736244999396
783 280.09921885536437 280.00021978707917 31.638161646000299
784 280.09911031576712 280.00021978827596 31.678597099000399
785 280.09900262145908 280.00021978946575 31.718975363999562
786 280.09889576493867 280.00021979064724 31.759450765999645
787 280.09878973871474 280.00021979181815 31.799865124999997
788 280.09868453538365 280.0002197929789 31.840324536999105
789 280.09858014761619 280.00021979413287 31.880716030998883
790 280.09847656812883 280.0002197952752 31.921185911998691
791 280.09837378973106 280.00021979641122 31.961583395999696
792 280.09827180525372 280.00021979753785 32.002064943999358
793 280.09817060764288 280.0002197986567 32.042457634999664
794 280.0980701898734 280.00021979976384 32.082957516999159
795 280.09797054499677 280.0002198008649 32.123342187998787
796 280.09787166611136 280.0002198019572 32.163823110999147
797 280.09777354640585 280.0002198030399 32.204205437999917
798 280.0976761790991 280.00021980411731 32.24463464099972
799 280.0975795574987 280.00021980518414 32.285089469998638
800 280.09748367495166 280.00021980624319 32.325564662998659
801 280.09738852487067 280.00021980729525 32.365965375998712
802 280.0972941007239 280.00021980833645 32.406455258000278
803 280.09720039605151 280.0002198093735 32.446842063998702
804 280.09710740443813 280.00021981039805 32.487305069998911
805 280.0970151195346 280.00021981141703 32.527731721000237
806 280.09692353504499 280.00021981242992 32.568223476999265
807 280.09683264471442 280.0002198134323 32.608622574998662
808 280.09674244237789 280.00021981442791 32.649098081999909
809 280.09665292189607 280.00021981541749 32.689485512999454
810 280.09656407720109 280.00021981640197 32.729946278999705
811 280.09647590227166 280.00021981737353 32.770379804998811
812 280.09638839113433 280.0002198183405 32.810814061000201
813 280.09630153789305 280.00021981930064 32.851345506000143
814 280.09621533667541 280.00021982025135 32.891754915999627
815 280.0961297816865 280.00021982119546 32.932147399998939
816 280.09604486716017 280.0002198221344 32.972585404999336
817 280.09596058741209 280.00021982306384 33.013033462999374
818 280.09587693677378 280.00021982398692 33.053494228999625
819 280.0957939096408 280.00021982490563 33.093896868998854
820 280.09571150048146 280.00021982581541 33.134453262999159
821 280.09562970378022 280.00021982671751 33.174884079999174
822 280.09554851409649 280.00021982761393 33.215321928999401
823 280.09546792601463 280.00021982850603 33.255707537999115
824 280.09538793418949 280.00021982938978 33.296190439999918
825 280.09530853332194 280.00021983026443 33.336567610998827
826 280.09522971813385 280.00021983113692 33.377073534000374
827 280.09515148342643 280.00021983199861 33.41750403900005
828 280.09507382403228 280.00021983285762 33.457923345999006
829 280.09499673483782 280.00021983370834 33.498300776998803
830 280.09492021076318 280.00021983455321 33.538779147998866
831 280.09484424678266 280.000219835395 33.579175172999385
832 280.09476883792388 280.00021983622565 33.619641355999192
833 280.09469397923323 280.00021983705403 33.660031131999858
834 280.09461966583314 280.000219837874 33.700498824999158
835 280.09454589286173 280.00021983868902 33.740879224998935
836 280.09447265552075 280.00021983949779 33.781340094999905
837 280.09439994905 280.00021984029934 33.821745600000213
838 280.09432776872239 280.00021984109782 33.862244387999453
839 280.0942561098654 280.00021984188919 33.902645985999698
840 280.09418496783235 280.00021984267522 33.94311972200012
841 280.0941143380457 280.00021984345528 33.983529965998969
842 280.09404421594644 280.00021984422767 34.023987606999071
843 280.09397459701586 280.00021984499807 34.064410404000228
844 280.09390547679277 280.00021984576273 34.104914712999744
845 280.09383685084032 280.00021984651931 34.145353238998723
846 280.09376871476434 280.00021984727078 34.185845672000141
847 280.09370106421096 280.00021984801884 34.22627206299876
848 280.0936338948772 280.00021984875951 34.266720015999454
849 280.09356720247632 280.00021984949842 34.307137760999467
850 280.09350098277713 280.00021985022948 34.347571078998953
851 280.09343523158373 280.00021985095532 34.387991583998883
852 280.09336994472494 280.00021985167473 34.428456100000403
853 280.09330511809395 280.00021985239243 34.470282627000415
854 280.09324074759337 280.00021985310252 34.510834020000402
855 280.09317682916941 280.00021985380857 34.551214420000179
856 280.09311335881949 280.00021985450661 34.59170268699927
857 280.09305033255248 280.00021985520601 34.632103346999429
858 280.09298774643645 280.00021985589643 34.672549842998706
859 280.09292559656996 280.00021985658225 34.713007587999527
860 280.09286387906741 280.0002198572646 34.753463301998636
861 280.09280259009915 280.000219857942 34.793871201998627
862 280.09274172585742 280.00021985861343 34.834365250999326
863 280.09268128257651 280.00021985928123 34.874796797999807
864 280.09262125652907 280.00021985994414 34.915257198999825
865 280.09256164400438 280.00021986060102 34.955680203998782
866 280.09250244134211 280.00021986125637 34.996125917999962
867 280.09244364490132 280.00021986190404 35.036524703999021
868 280.09238525107486 280.00021986255109 35.077023855999869
869 280.09232725630665 280.00021986318973 35.117431912998654
870 280.09226965704966 280.00021986382671 35.157921325999268
871 280.09221244979113 280.0002198644583 35.198346778999621
872 280.09215563106812 280.00021986508676 35.238814836999154
873 280.09209919742756 280.00021986570943 35.279217788998722
874 280.09204314546207 280.00021986632618 35.31967985799929
875 280.091987471783 280.00021986694344 35.363181474998783
876 280.09193217305028 280.00021986755439 35.404575855998701
877 280.09187724592783 280.00021986816023 35.445182614999794
878 280.09182268713005 280.00021986876351 35.486075734999758
879 280.09176849339292 280.00021986936207 35.526590878000206
880 280.09171466148655 280.00021986995699 35.567040132998955
881 280.09166118820048 280.00021987054549 35.607429386998774
882 280.09160807035778 280.00021987113234 35.647909111999979
883 280.09155530481326 280.00021987171539 35.689407611000206
884 280.09150288845007 280.00021987229417 35.731145020999975
885 280.09145081817883 280.00021987286971 35.772030639998775
886 280.09139909093028 280.00021987343882 35.812462603998938
887 280.09134770367115 280.00021987400714 35.852991341000234
888 280.09129665339242 280.00021987457177 35.893452106998666
889 280.09124593711061 280.00021987513225 35.933856621999439
890 280.09119555187289 280.00021987569045 35.974346502998742
891 280.0911454947468 280.00021987624342 36.014761696000278
892 280.09109576283834 280.00021987679094 36.055208346999279
893 280.0910463532594 280.00021987733749 36.095727707999686
894 280.09099726316771 280.00021987788028 36.137389491999784
895 280.09094848973342 280.00021987841757 36.178895697999906
896 280.09090003015922 280.00021987895218 36.219373547999567
897 280.09085188166853 280.00021987948492 36.259775823999007
898 280.09080404151564 280.0002198800114 36.300223934000314
899 280.09075650696872 280.00021988053811 36.340629489999628
900 280.09070927533469 280.00021988105976 36.381082443998821
901 280.09066234393293 280.00021988157778 36.421479562999593
902 280.09061571010744 280.00021988209136 36.461928661999991
903 280.09056937123682 280.00021988260482 36.502345364999201
904 280.0905233247106 280.00021988311386 36.542802276999282
905 280.09047756794706 280.00021988361834 36.583220438000353
906 280.09043209838819 280.00021988412232 36.623691257000246
907 280.09038691349974 280.000219884621 36.664094730000215
908 280.09034201076958 280.00021988511503 36.70453888100019
909 280.09029738770312 280.00021988560826 36.744963449000352
910 280.09025304183194 280.00021988609711 36.785396923000008
911 280.09020897071224 280.00021988658659 36.825791072998982
912 280.09016517192293 280.00021988706806 36.866248975000417
913 280.09012164305693 280.00021988754821 36.906642863999878
914 280.09007838173198 280.00021988802689 36.94709956800034
915 280.09003538559307 280.00021988850108 36.987557364998793
916 280.0899926522967 280.00021988897436 37.028046100998836
917 280.08995017952924 280.00021988944377 37.068470668998998
918 280.08990796499717 280.00021988991006 37.108990810998876
919 280.08986600641373 280.00021989037242 37.149408919998677
920 280.08982430153594 280.00021989083365 37.189871978000156
921 280.08978284811042 280.00021989128993 37.230287483000211
922 280.08974164394596 280.00021989174485 37.270762936999745
923 280.08970068682345 280.00021989219994 37.311173076999694
924 280.08965997457943 280.00021989264815 37.351883015999192
925 280.08961950505932 280.00021989309516 37.392282322998653
926 280.08957927611789 280.00021989353792 37.432727515999431
927 280.08953928564091 280.00021989398277 37.473174687998835
928 280.08949953153558 280.00021989441865 37.513661547998709
929 280.08946001170909 280.00021989485646 37.554059500998846
930 280.08942072411037 280.00021989528994 37.594513130999985
931 280.08938166669049 280.00021989572247 37.634923166999215
932 280.08934283742207 280.00021989615078 37.676369632999922
933 280.08930423430405 280.00021989657876 37.717336296000212
934 280.08926585535431 280.00021989700133 37.757830604999981
935 280.08922769858083 280.0002198974218 37.798305017999155
936 280.08918976204848 280.00021989784204 37.838783700999556
937 280.0891520438193 280.00021989825643 37.879190923998976
938 280.08911454197062 280.00021989867224 37.919703618999847
939 280.08907725460557 280.00021989908419 37.960142665999228
940 280.08904017983372 280.00021989948988 38.000618223999481
941 280.08900331579378 280.00021989990063 38.041097167999396
942 280.0889666606277 280.00021990030433 38.081574496998655
943 280.08893021251157 280.00021990070559 38.122107764998873
944 280.08889396961973 280.00021990110758 38.162569624999378
945 280.08885793015781 280.00021990150327 38.203009036998992
946 280.08882209232985 280.00021990190015 38.243531157999314
947 280.08878645437841 280.00021990229493 38.28395681999973
948 280.08875101454475 280.00021990268601 38.324583059000361
949 280.08871577109647 280.00021990307511 38.364996375999908
950 280.08868072230126 280.00021990346221 38.405446099999608
951 280.08864586645694 280.00021990384744 38.445924105999438
952 280.08861120188106 280.00021990422783 38.486394768999162
953 280.0885767268843 280.00021990461147 38.526849284999116
954 280.08854243981619 280.00021990499005 38.567326614000194
955 280.08850833902085 280.00021990536624 38.607728524999402
956 280.08847442287504 280.00021990574089 38.648247156999787
957 280.08844068975321 280.00021990611253 38.688644640998973
958 280.08840713806205 280.00021990648366 38.729154523000034
959 280.08837376621028 280.00021990685127 38.769597163000071
960 280.08834057262453 280.00021990721751 38.81005178399937
961 280.08830755574388 280.00021990758279 38.85048062199894
962 280.08827471401924 280.00021990794659 38.890927325999655
963 280.08824204592355 280.00021990830737 38.931329600998652
964 280.08820954994462 280.0002199086656 38.971873024998786
965 280.08817722455984 280.00021990902621 39.012272800999199
966 280.08814506829884 280.00021990937688 39.052796693000346
967 280.08811307966789 280.00021990973102 39.093202145999385
968 280.08808125720731 280.00021991008231 39.133636974000183
969 280.08804959947253 280.00021991043394 39.174084197999036
970 280.08801810501541 280.00021991078171 39.21460111200031
971 280.08798677241845 280.00021991112737 39.255076200999611
972 280.08795560025737 280.00021991147167 39.2955353010002
973 280.08792458714834 280.00021991181313 39.335931898998751
974 280.08789373168787 280.00021991215499 39.376440947999072
975 280.08786303252037 280.00021991249389 39.416855411000142
976 280.08783248826188 280.00021991283199 39.457354719999785
977 280.08780209757083 280.00021991316777 39.497829912999805
978 280.08777185911379 280.00021991349922 39.538305575999402
979 280.08774177155613 280.00021991383278 39.57874436199927
980 280.08771183358562 280.00021991416298 39.619196534998991
981 280.08768204391072 280.00021991449387 39.659932358999868
982 280.08765240121511 280.0002199148197 39.700423074000355
983 280.08762290424255 280.00021991514473 39.740836234999733
984 280.08759355171401 280.00021991547072 39.781387315999382
985 280.08756434237182 280.00021991579371 39.82178719500007
986 280.08753527497601 280.0002199161122 39.862260305999371
987 280.08750634829158 280.00021991643297 39.902709821999451
988 280.08747756109335 280.00021991675055 39.943161264998707
989 280.08744891216332 280.00021991706967 39.98363286499989
990 280.08742040031484 280.00021991738083 40.024086600000373
991 280.08739202433651 280.00021991769427 40.064509865000218
992 280.08736378306628 280.00021991800639 40.10504433099959
993 280.08733567533079 280.0002199183163 40.145451606000279
994 280.08730769996635 280.00021991862792 40.185915132999071
995 280.08727985582192 280.00021991893362 40.226365065998834
996 280.08725214176843 280.00021991923933 40.26686947899907
997 280.08722455666833 280.00021991954515 40.307316963999256
998 280.08719709941323 280.00021991984687 40.347771114998977
999 280.08716976888434 280.00021992015041 40.388265892999698
1000 280.08714256398861 280.00021992044935 40.431029420000414
