iterat. internal-T external-T elapsed-time
0 300 280 0.032755330001236871
1 299.19999999999868 280.0000088353122 0.064693767000790103
2 298.52813741741454 280.00001625546093 0.098085257001002901
3 297.94710600452311 280.00002267245816 0.12783312300052785
4 297.43349718286157 280.0000283448249 0.1577124499999627
5 296.97180041472296 280.00003344386818 0.18753438000021561
6 296.55130638030414 280.00003808786539 0.21745839600043837
7 296.16435677203174 280.00004236139267 0.24732251400018868
8 295.80530500684097 280.0000463268168 0.27726189399982104
9 295.46987441645211 280.0000500313563 0.31344251100017573
10 295.15474864618409 280.00005351165129 0.3534056620010233
11 294.8573023636298 280.00005679669266 0.38344087800032867
12 294.57541936238187 280.00005990984721 0.41342395700121415
13 294.30736659798703 280.00006287025985 0.44336573399959889
14 294.05170493986572 280.00006569382515 0.47327818700068747
15 293.80722459684267 280.00006839390011 0.50315230500018515
16 293.57289749130433 280.00007098184341 0.53307288300129585
17 293.3478415146156 280.00007346739233 0.56297158599954855
18 293.1312932699168 280.00007585898459 0.59294654000041191
19 292.92258698416094 280.00007816396322 0.62719440399996529
20 292.72113797695749 280.00008038879707 0.65728842400130816
21 292.52642954511902 280.00008253918315 0.68731489000128931
22 292.33800244262028 280.00008462019997 0.71730864600067434
23 292.15544635734511 280.00008663637601 0.74721297399992181
24 291.97839294191635 280.0000885917799 0.77715074000116147
25 291.80651006684582 280.00009049007781 0.80793550400085223
26 291.63949704460578 280.00009233459286 0.83786931200120307
27 291.47708063187963 280.00009412834311 0.86780785900009505
28 291.31901166082656 280.00009587408061 0.89773760400021274
29 291.16506218269933 280.00009757432059 0.92768630800128449
30 291.01502303191296 280.0000992313735 0.9576703250004357
31 290.86870173745893 280.0001008473663 0.98965391900128452
32 290.72592072306281 280.00010242425856 1.0242493429996102
33 290.58651574885158 280.00010396386801 1.0717249040008028
34 290.45033455612872 280.00010546787257 1.103545056999792
35 290.3172356838665 280.00010693783605 1.1335825130008743
36 290.18708743107459 280.00010837521103 1.1635211640004854
37 290.05976694369036 280.00010978135936 1.1937148730012268
38 289.93515940824233 280.0001111575408 1.2237100880010985
39 289.81315733741303 280.0001125049493 1.2536492090002866
40 289.69365993503004 280.00011382469631 1.2835693180004455
41 289.57657253000605 280.00011511782628 1.3135099999999511
42 289.46180607024797 280.00011638532436 1.3434611520006001
43 289.34927666901331 280.00011762811408 1.3735239210000145
44 289.23890519717463 280.00011884707226 1.4034568429997307
45 289.13061691592327 280.00012004302476 1.4334630480007036
46 289.02434114502631 280.00012121674843 1.4634365960009745
47 288.92001096261004 280.00012236898476 1.4933741530003317
48 288.8175629328519 280.0001235004375 1.5233416080009192
49 288.7169368584652 280.00012461176641 1.5533863550008391
50 288.61807555530675 280.00012570360434 1.5835385530008352
51 288.52092464675064 280.00012677655269 1.6135132990002603
52 288.42543237567753 280.00012783118086 1.6436580490008055
53 288.33154943240351 280.00012886803904 1.6736537850010791
54 288.23922879678975 280.00012988764212 1.7036199369995302
55 288.14842559324381 280.00013089048554 1.7335990579995268
56 288.05909695726399 280.00013187704258 1.7636632850008027
57 287.97120191253447 280.0001328477681 1.7938726200009114
58 287.88470125742788 280.00013380309719 1.8272245780008234
59 287.79955746018936 280.00013474343893 1.8572997949995624
60 287.71573456191607 280.00013566918938 1.8872405820002314
61 287.63319808667433 280.00013658073505 1.9171987650006486
62 287.55191495810459 280.00013747843713 1.9473629420008365
63 287.47185342198685 280.00013836265066 1.9775023270012753
64 287.39298297421192 280.00013923370562 2.0077296310009842
65 287.31527429371107 280.0001400919312 2.0376755739998771
66 287.2386991799836 280.00014093763826 2.0677473539999482
67 287.1632304947679 280.00014177112536 2.1027649229999952
68 287.08884210757924 280.00014259268119 2.1330227480011672
69 287.01550884479144 280.00014340258315 2.1632123950003006
70 286.9432064419737 280.00014420110131 2.1934857409996766
71 286.87191149922893 280.00014498849305 2.2234610080013226
72 286.80160143935109 280.00014576500604 2.253487629999654
73 286.73225446850086 280.00014653088408 2.2834803969999484
74 286.66384953931987 280.00014728635807 2.3134517580001557
75 286.59636631619782 280.00014803165129 2.3436734879996948
76 286.52978514261565 280.00014876698299 2.3738765730013256
77 286.46408701040906 280.00014949256189 2.4038962160011579
78 286.39925353073329 280.00015020859627 2.4338687740000751
79 286.33526690674455 280.0001509152728 2.4638259149996884
80 286.27210990775291 280.00015161278998 2.4939062890007335
81 286.20976584485243 280.00015230132459 2.5238561900005152
82 286.14821854783088 280.00015298106143 2.553984013000445
83 286.08745234336232 280.0001536521732 2.584198243001083
84 286.02745203433739 280.00015431482461 2.614227418000155
85 285.96820288027834 280.00015496917905 2.6443145619996358
86 285.90969057878584 280.00015561539584 2.6744300400005159
87 285.85190124793166 280.00015625363022 2.7044393699998182
88 285.79482140952138 280.00015688402732 2.7343905220004672
89 285.73843797322746 280.00015750673595 2.7643821430010576
90 285.68273822148484 280.0001581218915 2.7946741360010492
91 285.62770979513255 280.0001587296336 2.8247052890001214
92 285.57334067974693 280.00015933009502 2.8546794100002444
93 285.51961919263658 280.00015992340349 2.8847760860007838
94 285.46653397043252 280.0001605096835 2.9147218730013265
95 285.41407395728595 280.00016108905879 2.9447307869995711
96 285.36222839357202 280.00016166164818 2.9749321520012018
97 285.31098680516493 280.0001622275671 3.0050457030010875
98 285.26033899314041 280.00016278693175 3.0354845740002929
99 285.21027502397959 280.00016333984439 3.0656198970009427
100 285.16078522018739 280.00016388641592 3.0955958409995219
101 285.11186015134433 280.00016442675133 3.1255636599998979
102 285.06349062549839 280.00016496095026 3.1555297590002738
103 285.01566768099309 280.00016548911447 3.185768105000534
104 284.9683825785965 280.000166011337 3.2158334260002448
105 284.92162679396569 280.00016652771711 3.2458246309997776
106 284.87539201045826 280.0001670383416 3.2758075540004938
107 284.82967011220035 280.00016754329914 3.3058049570008734
108 284.78445317746059 280.00016804268137 3.3357538689997455
109 284.73973347230162 280.00016853657161 3.3657311150000169
110 284.69550344446225 280.00016902505342 3.3959616480005934
111 284.65175571750643 280.00016950821089 3.425953945999936
112 284.60848308519695 280.00016998612011 3.455928119001328
113 284.56567850607968 280.00017045885971 3.485915520999697
114 284.52333509830316 280.00017092650484 3.5159458939997421
115 284.48144613459925 280.00017138913211 3.545942931999889
116 284.44000503751113 280.00017184681383 3.5761550269999134
117 284.39900537474165 280.0001722996214 3.606197326000256
118 284.35844085472547 280.00017274762081 3.6363671809995139
119 284.31830532235568 280.00017319088346 3.6665771930001938
120 284.27859275483024 280.00017362947574 3.6965482409996184
121 284.23929725773189 280.00017406346274 3.7265921030011668
122 284.20041306115536 280.00017449290391 3.7565612239995971
123 284.16193451607108 280.00017491786537 3.7869081650005683
124 284.12385609072982 280.00017533840855 3.8169547880006576
125 284.08617236728213 280.00017575459214 3.8469390650006972
126 284.04887803844349 280.0001761664775 3.8769291240005259
127 284.01196790434403 280.00017657411803 3.9069058490003954
128 283.97543686941941 280.00017697757272 3.9369005440003093
129 283.93927993947744 280.00017737689325 3.9668889880013012
130 283.90349221883207 280.00017777213941 3.997144417000527
131 283.86806890752905 280.00017816335821 4.0289752469998348
132 283.83300529869615 280.00017855060639 4.059134424000149
133 283.79829677596337 280.00017893393311 4.0892914659998496
134 283.76393881096271 280.00017931338544 4.1193217340005504
135 283.72992696095116 280.00017968902 4.1493569499998557
136 283.69625686646356 280.00018006087691 4.179964574999758
137 283.66292424907886 280.00018042900746 4.2105584500004625
138 283.62992490925581 280.00018079345477 4.2406656470011512
139 283.597254724229 280.00018115427048 4.273670149001191
140 283.56490964597009 280.00018151149396 4.3036779169997317
141 283.53288569924968 280.0001818651703 4.3336776110008941
142 283.50117897971717 280.0001822153456 4.3636669930001517
143 283.46978565208161 280.00018256205692 4.3939494019996346
144 283.43870194831118 280.00018290534848 4.4239333149998856
145 283.40792416594746 280.00018324526394 4.4539556660001836
146 283.3774486664048 280.00018358183939 4.483938172001217
147 283.34727187338535 280.00018391511401 4.5145946530010406
148 283.31739027129845 280.00018424513297 4.5448106540006847
149 283.28780040376381 280.00018457192795 4.5750575940000999
150 283.25849887214599 280.00018489553867 4.6051531760003854
151 283.22948233411688 280.00018521600066 4.6351604749997932
152 283.20074750231572 280.00018553335241 4.6651857950000704
153 283.172291142983 280.00018584762887 4.695176478000576
154 283.1441100746955 280.00018615886518 4.7251904439999635
155 283.11620116709469 280.0001864670952 4.7552196180004103
156 283.08856133969357 280.00018677235323 4.7854983289998927
157 283.0611875606885 280.00018707467206 4.8155963589997555
158 283.03407684581759 280.00018737408737 4.8456061580000096
159 283.00722625727133 280.00018767062983 4.8755887690003874
160 282.98063290259279 280.00018796432965 4.9055994009995629
161 282.95429393367152 280.00018825522079 4.9355948770007672
162 282.92820654569368 280.00018854333359 4.9656278010006645
163 282.90236797620145 280.00018882869904 4.9985991260000446
164 282.87677550411343 280.00018911134566 5.0493258549995517
165 282.8514264488258 280.00018939130501 5.0906785170009243
166 282.82631816929393 280.00018966860335 5.1208102450000297
167 282.80144806317463 280.00018994327189 5.1511019780009519
168 282.77681356598714 280.0001902153395 5.1850725960011914
169 282.75241215027557 280.00019048483063 5.2151330730011978
170 282.7282413248372 280.00019075177806 5.2468709320000926
171 282.70429863391877 280.00019101620387 5.2769758369995543
172 282.6805816564879 280.000191278138 5.3070437099995615
173 282.65708800550226 280.00019153760553 5.3371177290009655
174 282.6338153271829 280.00019179463197 5.3672001859995362
175 282.61076130034593 280.00019204924297 5.405241157999626
176 282.58792363570785 280.00019230146677 5.4372788150012639
177 282.56530007525492 280.00019255132406 5.4673552820004261
178 282.54288839160597 280.00019279884162 5.4973771120003221
179 282.52068638738047 280.00019304404339 5.5274049849995208
180 282.49869189462163 280.00019328695373 5.557412543999817
181 282.47690277419809 280.00019352759642 5.5874606770012178
182 282.45531691523689 280.00019376599602 5.6175875090011687
183 282.43393223458366 280.00019400216962 5.6476348090000101
184 282.41274667625385 280.00019423614577 5.6777181510005903
185 282.39175821091339 280.0001944679459 5.7077188350012875
186 282.37096483537914 280.00019469759098 5.7377271759996802
187 282.35036457210771 280.00019492510216 5.7677640060010162
188 282.32995546872058 280.00019515050428 5.7978209940010856
189 282.30973559755085 280.00019537381485 5.8278296990010858
190 282.28970305515617 280.00019559505751 5.8578581960009615
191 282.26985596189604 280.00019581425204 5.887909037001009
192 282.25019246149543 280.00019603142039 5.9179413370002294
193 282.23071072060486 280.0001962465775 5.9479513959995529
194 282.21140892842294 280.00019645974834 5.9780133309996017
195 282.19228529625246 280.00019667095273 6.0126820389996283
196 282.17333805714532 280.0001968802103 6.0555287970000791
197 282.15456546550797 280.0001970875357 6.0935088290007116
198 282.13596579672418 280.0001972929532 6.1265283320008166
199 282.11753734680053 280.00019749648021 6.1565800589996797
200 282.09927843201223 280.00019769813457 6.1867088190010691
201 282.08118738855575 280.00019789793288 6.2169444040009694
202 282.06326257220934 280.00019809589998 6.2470004540009541
203 282.04550235802424 280.00019829204655 6.2772190079995198
204 282.0279051399736 280.00019848639198 6.3072242750004079
205 282.01046933066419 280.00019867895446 6.3374157449998165
206 281.99319336102548 280.00019886975252 6.3674343460006639
207 281.97607568001519 280.00019905880396 6.3975371150008868
208 281.95911475431353 280.00019924612218 6.4276890529999946
209 281.94230906805137 280.00019943172714 6.4577691140002571
210 281.92565712254179 280.00019961563282 6.4877834440012521
211 281.90915743599635 280.00019979785776 6.5178206390010018
212 281.89280854325858 280.0001999784173 6.5480047130004095
213 281.87660899555658 280.00020015732741 6.5780513350000547
214 281.86055736023809 280.00020033460311 6.6080731140009448
215 281.84465222054973 280.00020051026002 6.6383053130011831
216 281.82889217535165 280.00020068431775 6.6684178230007092
217 281.81327583892539 280.00020085678563 6.6985429890009982
218 281.79780184071825 280.00020102768474 6.7285580480001954
219 281.78246882512718 280.00020119702498 6.7587434240012954
220 281.76727545127324 280.00020136482368 6.788830464000057
221 281.75222039279123 280.00020153109432 6.8188391170006071
222 281.73730233761506 280.0002016958519 6.8490220969997608
223 281.72251998777523 280.00020185910967 6.8790262180009449
224 281.70787205918202 280.00020202088314 6.9090949769997678
225 281.69335728145649 280.00020218118823 6.9391671209996275
226 281.67897439770775 280.00020234003398 6.9693801009998424
227 281.66472216435756 280.00020249743716 6.9993832330001169
228 281.6505993509565 280.00020265341476 7.0303962320012943
229 281.63660473999488 280.00020280797048 7.0606138479997753
230 281.62273712672629 280.00020296112763 7.0906722420004371
231 281.6089953189994 280.00020311289484 7.1255609020008706
232 281.595378137078 280.00020326328547 7.1564661900010833
233 281.58188441348096 280.00020341231067 7.1866333880007005
234 281.56851299281209 280.00020355998782 7.2167341269996541
235 281.5552627316024 280.00020370632524 7.2467629359998682
236 281.54213249815393 280.00020385133723 7.2769337800000358
237 281.52912117238344 280.00020399503535 7.3069710800009489
238 281.51622764566542 280.00020413743437 7.337006712999937
239 281.50345082068986 280.00020427854264 7.3671896400010155
240 281.49078961131545 280.00020441837546 7.3972779830000945
241 281.47824294242707 280.0002045569446 7.4273800749997463
242 281.46580974979071 280.00020469425743 7.4574070620001294
243 281.45348897991545 280.00020483033018 7.4875594160002947
244 281.44127958992942 280.00020496517243 7.5175971839998965
245 281.42918054743234 280.00020509879585 7.5476369320003869
246 281.41719083036645 280.00020523121162 7.5778064740006812
247 281.40530942690202 280.00020536243073 7.6078218450002169
248 281.39353533529868 280.00020549246528 7.637966595000762
249 281.38186756378337 280.00020562132619 7.6682694740011357
250 281.37030513043328 280.00020574902436 7.6985240699996211
251 281.35884706305836 280.00020587556691 7.7285332960000233
252 281.34749239907063 280.00020600096968 7.7585458550001931
253 281.33624018538848 280.00020612524133 7.7887490960001742
254 281.32508947830752 280.00020624839163 7.81886733400097
255 281.31403934339676 280.00020637042888 7.8489230720006162
256 281.30308885539114 280.00020649136701 7.879093499001101
257 281.29223709806786 280.00020661121476 7.9091940289999911
258 281.28148316417929 280.00020672998295 7.9392533600002935
259 281.27082615529281 280.00020684768054 7.9693065980009123
260 281.26026518173995 280.00020696431886 7.9994713480009523
261 281.2497993624869 280.00020707990336 8.0297114130007685
262 281.23942782504042 280.00020719444927 8.0597681390008802
263 281.22914970536249 280.00020730796251 8.089940755000498
264 281.21896414774943 280.00020742045422 8.1200082630002726
265 281.20887030476979 280.00020753193064 8.1500858239996887
266 281.19886733714719 280.000207642406 8.180088279001211
267 281.18895441367528 280.00020775188511 8.2103408430011768
268 281.17913071112741 280.00020786037828 8.2403803819997847
269 281.1693954141748 280.00020796789818 8.2704197130005923
270 281.15974771529727 280.0002080744481 8.3005743590001657
271 281.15018681467893 280.00020818003929 8.3306458780007233
272 281.14071192014984 280.00020828468081 8.3612551700007316
273 281.13132224708971 280.00020838838105 8.3913304910001898
274 281.12201701835181 280.00020849115026 8.4215158139995765
275 281.11279546416193 280.0002085929944 8.4545677660007641
276 281.10365682206736 280.00020869392159 8.4847173600010137
277 281.09460033684411 280.00020879394481 8.5148787239995727
278 281.08562526041328 280.00020889306501 8.544924200999958
279 281.07673085177606 280.0002089912972 8.5749833760000911
280 281.06791637693146 280.00020908864593 8.6050599990012415
281 281.05918110881055 280.00020918511836 8.6351175600011629
282 281.05052432718446 280.00020928072797 8.665250226000353
283 281.04194531861998 280.00020937547401 8.6952660660008405
284 281.03344337638049 280.00020946937173 8.7253540439996868
285 281.02501780037608 280.00020956242565 8.7553853540011914
286 281.01666789708077 280.00020965464211 8.7854464040010498
287 281.00839297947556 280.00020974603126 8.8155283920004877
288 281.0001923669721 280.00020983660022 8.8456129320002219
289 280.99206538534429 280.00020992635558 8.8756269490004343
290 280.98401136668332 280.00021001530541 8.9057115940013318
291 280.9760296492978 280.00021010345625 8.9357246740000846
292 280.96811957768318 280.00021019081811 8.9658091620003688
293 280.96028050244166 280.00021027739444 8.9958192209996923
294 280.95251178021459 280.00021036319288 9.0275665600001958
295 280.94481277364315 280.00021044822142 9.0577307370003837
296 280.93718285128404 280.00021053248634 9.0877953290000733
297 280.92962138756212 280.00021061599671 9.117828565000309
298 280.92212776271293 280.00021069875527 9.1478995640009089
299 280.91470136270993 280.00021078077441 9.1780947830011428
300 280.90734157922645 280.00021086205726 9.2081219259998761
301 280.9000478095677 280.00021094261172 9.238220060000458
302 280.89281945660645 280.00021102244108 9.2682360050002899
303 280.88565592875023 280.0002111015541 9.2982695020000392
304 280.87855663986034 280.00021117996238 9.3282869579998078
305 280.87152100922304 280.00021125766364 9.3583489450011257
306 280.86454846147097 280.00021133466885 9.3883751510002185
307 280.85763842655541 280.00021141098676 9.4185144840012072
308 280.85079033966923 280.00021148661722 9.4485489700000471
309 280.84400364120734 280.00021156156822 9.4786305939996964
310 280.83727777672965 280.00021163585103 9.5086537260012847
311 280.83061219688085 280.00021170946593 9.5387081620010576
312 280.82400635735979 280.00021178242281 9.5687614510006824
313 280.81745971887386 280.00021185472463 9.5988571890011372
314 280.81097174706917 280.00021192637814 9.6289493860003859
315 280.80454191250618 280.00021199739007 9.6591485640001338
316 280.79816969060488 280.00021206776751 9.6892107599996962
317 280.79185456158336 280.00021213751324 9.71925660099987
318 280.78559601042895 280.00021220663268 9.7493265049997717
319 280.77939352684444 280.00021227513474 9.7793676069995854
320 280.77324660520895 280.00021234302233 9.809428812999613
321 280.76715474451925 280.00021241030095 9.8394846549999784
322 280.76111744836544 280.00021247697839 9.8695859660001588
323 280.75513422486034 280.00021254305653 9.8996457140001439
324 280.7492045866295 280.00021260854521 9.9297489000000496
325 280.74332805073624 280.00021267344493 9.9598010440004145
326 280.73750413865548 280.00021273776633 9.989903501000299
327 280.73173237623405 280.00021280150975 10.019952884000304
328 280.72601229364068 280.00021286468262 10.050464673000533
329 280.72034342532635 280.00021292728974 10.087915318999876
330 280.71472530999046 280.00021298933791 10.130410402000052
331 280.70915749053148 280.00021305083038 10.175520441000117
332 280.7036395140131 280.00021311177045 10.205904259000818
333 280.69817093162516 280.00021317216687 10.236346828000023
334 280.69275129863456 280.0002132320223 10.269862384000589
335 280.68738017436419 280.00021329134108 10.30000525899959
336 280.68205712213864 280.00021335013082 10.330289595000067
337 280.67678170926195 280.00021340839402 10.36038762499993
338 280.67155350695646 280.00021346613408 10.390839360999962
339 280.66637209035048 280.0002135233583 10.420933380000861
340 280.66123703843181 280.00021358007018 10.451001306000762
341 280.65614793401016 280.00021363627519 10.487993763999839
342 280.65110436368269 280.00021369197833 10.520009181000205
343 280.64610591780166 280.00021374718165 10.550142316000347
344 280.64115219042799 280.00021380189094 10.580335192000348
345 280.63624277930916 280.00021385611274 10.610665936001169
346 280.63137728584474 280.00021390984585 10.640887093000856
347 280.62655531504646 280.00021396310331 10.670945800000482
348 280.62177647550254 280.00021401587986 10.70101523500125
349 280.61704037934624 280.0002140681853 10.731104202001006
350 280.61234664223417 280.00021412002269 10.761178482000105
351 280.60769488329902 280.0002141713984 10.791505944000164
352 280.60308472511781 280.00021422231174 10.821613609999986
353 280.59851579369115 280.00021427277358 10.851658982001027
354 280.59398771839693 280.00021432278101 10.881804096999986
355 280.58950013197961 280.00021437234301 10.911852490000456
356 280.58505267049441 280.00021442146169 10.941938124000444
357 280.58064497329269 280.00021447014331 10.971979277999708
358 280.57627668298954 280.00021451838592 11.002496692000932
359 280.57194744542977 280.00021456619902 11.033289217000856
360 280.56765690965631 280.00021461358392 11.063393393000297
361 280.56340472789248 280.00021466054619 11.09345173499969
362 280.55919055549748 280.00021470708737 11.123509815999569
363 280.55501405094651 280.00021475321353 11.153580137000972
364 280.55087487579942 280.0002147989257 11.18384254600096
365 280.54677269467265 280.00021484423092 11.214002087001063
366 280.54270717521445 280.00021488913148 11.244110014000398
367 280.53867798806544 280.00021493363056 11.27415257299981
368 280.53468480685643 280.00021497773031 11.30421987400041
369 280.53072730814841 280.00021502143835 11.334308997000335
370 280.5268051714234 280.00021506475343 11.364373537000574
371 280.52291807906118 280.00021510768465 11.394683238000653
372 280.51906571630786 280.00021515022877 11.42476517400064
373 280.51524777124041 280.00021519239573 11.454832995001198
374 280.5114639347575 280.00021523418428 11.484905191000507
375 280.50771390054035 280.00021527560233 11.514987283000664
376 280.50399736503999 280.0002153166476 11.545053957999698
377 280.50031402743667 280.00021535732668 11.575121519001186
378 280.49666358962173 280.00021539764344 11.605470440001227
379 280.49304575618169 280.00021543759919 11.635525343999689
380 280.48946023435462 280.00021547719808 11.665763324999716
381 280.48590673403055 280.00021551644329 11.695822083000166
382 280.48238496769977 280.00021555533749 11.725893758999518
383 280.47889465045569 280.00021559388495 11.756189866000568
384 280.47543549994924 280.00021563208861 11.786512901000606
385 280.47200723637582 280.00021566995059 11.820415653000964
386 280.46860958245406 280.0002157074756 11.850655457001267
387 280.46524226339977 280.0002157446641 11.880723174001105
388 280.46190500690193 280.00021578152177 11.910795630999928
389 280.45859754309907 280.00021581805049 11.940856627999892
390 280.45531960456924 280.00021585425253 11.970908772000257
391 280.4520709262822 280.00021589013016 12.001248630000191
392 280.44885124560807 280.00021592568794 12.031691825000962
393 280.44566030227099 280.00021596092955 12.061829751000914
394 280.44249783834545 280.00021599585597 12.09226388299976
395 280.43936359821646 280.00021603046991 12.122342120999747
396 280.43625732858442 280.00021606477856 12.152405566001107
397 280.43317877841594 280.00021609877859 12.18425618800029
398 280.43012769894159 280.00021613247657 12.214325155000552
399 280.42710384363113 280.00021616587253 12.24437485099952
400 280.42410696816978 280.00021619896813 12.274520590000975
401 280.42113683043885 280.00021623177247 12.304586797001321
402 280.41819319050165 280.00021626428247 12.334653420000905
403 280.41527581057829 280.00021629650155 12.364735823999581
404 280.41238445502472 280.00021632843482 12.394977502999609
405 280.40951889031794 280.00021636008228 12.425069752000127
406 280.40667888503492 280.00021639144813 12.455144499999733
407 280.40386420983543 280.00021642253353 12.485754208000799
408 280.40107463743874 280.00021645334169 12.51586187400062
409 280.39830994260643 280.0002164838761 12.546140428999934
410 280.39556990212901 280.00021651413402 12.57869747299992
411 280.39285429479941 280.00021654412762 12.608970090999719
412 280.39016290140245 280.00021657385321 12.639291199000581
413 280.38749550468816 280.00021660331106 12.669681995999781
414 280.38485188936534 280.00021663250834 12.69993857100053
415 280.38223184207692 280.0002166614442 12.730012017000263
416 280.37963515138046 280.00021669012233 12.760115203000169
417 280.37706160773268 280.0002167185458 12.790295058000993
418 280.37451100347926 280.00021674671513 12.820398453000962
419 280.37198313283011 280.00021677463337 12.850490648999767
420 280.36947779183345 280.00021680230168 12.880574304001129
421 280.36699477838528 280.00021682972522 12.910640927000713
422 280.36453389219179 280.00021685690342 12.940733436000301
423 280.36209493475701 280.00021688383907 12.970803080001133
424 280.35967770936844 280.00021691053547 13.001047103000019
425 280.35728202108248 280.00021693699296 13.032119895000505
426 280.35490767670541 280.00021696321744 13.062246363000668
427 280.35255448477483 280.00021698920563 13.09230569400097
428 280.35022225556173 280.00021701496183 13.122383619000175
429 280.34791080102741 280.00021704049004 13.152435449999757
430 280.34561993482731 280.00021706579173 13.182526241000232
431 280.34334947229058 280.00021709086599 13.212768336001318
432 280.34109923040143 280.00021711571742 13.242836573999739
433 280.33886902779585 280.00021714034983 13.272962469000049
434 280.33665868473213 280.0002171647601 13.303014248000181
435 280.33446802308305 280.00021718895437 13.333094360999894
436 280.33229686632092 280.00021721293302 13.36314436900102
437 280.33014503950847 280.00021723669721 13.393333182000788
438 280.32801236927418 280.0002172602513 13.425254379000762
439 280.32589868380109 280.00021728359405 13.455365691001134
440 280.32380381282104 280.00021730673041 13.48545835600089
441 280.32172758759077 280.00021732966172 13.518309365001187
442 280.31966984088348 280.00021735238835 13.550020349000988
443 280.31763040697177 280.00021737491079 13.581863835001059
444 280.3156091216249 280.00021739723309 13.612196141000823
445 280.31360582207094 280.00021741935876 13.642640584999754
446 280.31162034701293 280.00021744128736 13.67275299100038
447 280.30965253659269 280.00021746301996 13.702814353000576
448 280.30770223239858 280.00021748455839 13.732885143001113
449 280.30576927742442 280.00021750590759 13.7629596830011
450 280.30385351608845 280.00021752706527 13.793084119999548
451 280.30195479420081 280.00021754803362 13.823317049000252
452 280.30007295895109 280.00021756881824 13.853404089000833
453 280.29820785890394 280.00021758941591 13.883485452000969
454 280.29635934398908 280.00021760983219 13.913585825001064
455 280.29452726546816 280.00021763006691 13.943661199000417
456 280.2927114759575 280.00021765011894 13.973748186999728
457 280.29091182937896 280.00021766999367 14.003817049000645
458 280.28912818097535 280.0002176896935 14.034836090000681
459 280.28736038728289 280.00021770921694 14.065018184001019
460 280.28560830613691 280.00021772856633 14.102048216000185
461 280.28387179662673 280.00021774774524 14.132127896000384
462 280.2821507191328 280.00021776675288 14.162405443999887
463 280.28044493526903 280.00021778559119 14.192483041000742
464 280.27875430789589 280.000217804263 14.222597669000606
465 280.27707870111067 280.00021782276929 14.252711099001317
466 280.27541798022725 280.00021784110982 14.28282697800023
467 280.27377201176046 280.00021785928817 14.312916292999944
468 280.27214066343566 280.00021787730446 14.342998785001328
469 280.27052380415279 280.0002178951612 14.373088256999836
470 280.26892130400324 280.00021791286167 14.403380806001223
471 280.26733303422583 280.00021793040133 14.433481813000981
472 280.26575886722981 280.00021794778695 14.463564958999996
473 280.26419867656114 280.00021796501721 14.493633209000109
474 280.26265233690515 280.00021798209644 14.523706875999778
475 280.26111972407068 280.00021799902305 14.553831688999708
476 280.25960071497724 280.00021801579919 14.584698849999768
477 280.25809518765072 280.00021803242521 14.614763974999732
478 280.2566030212144 280.00021804890605 14.645240665000529
479 280.25512409587344 280.00021806523955 14.675318603000051
480 280.2536582929074 280.0002180814289 14.705422217000887
481 280.25220549465797 280.00021809747238 14.735487707001084
482 280.25076558453367 280.00021811337348 14.765597468000124
483 280.24933844697767 280.00021812913553 14.795724051000434
484 280.24792396747438 280.00021814475747 14.825875530999838
485 280.24652203253481 280.00021816024224 14.855964823000249
486 280.24513252968762 280.00021817558809 14.886062552001022
487 280.24375534747554 280.0002181907978 14.916112052000244
488 280.24239037543197 280.00021820587227 14.946196865001184
489 280.24103750409267 280.00021822081391 14.976284489999671
490 280.23969662496427 280.00021823562224 15.006386074001057
491 280.23836763053339 280.00021825029972 15.036659846000475
492 280.23705041424961 280.00021826484698 15.066782836000129
493 280.23574487052099 280.00021827926759 15.096878325999569
494 280.2344508946951 280.00021829355723 15.126974075999897
495 280.23316838307085 280.00021830772243 15.157533318000787
496 280.23189723286686 280.00021832175935 15.201948320000156
497 280.23063734222524 280.00021833567439 15.250186885001312
498 280.22938861020538 280.0002183494654 15.283314111000436
499 280.22815093677156 280.00021836313584 15.313678144000733
500 280.2269242227826 280.00021837668231 15.34709615400061
501 280.22570836998892 280.00021839010992 15.377971179001179
502 280.22450328102337 280.00021840341913 15.408297764999588
503 280.22330885939056 280.00021841660953 15.438377161000972
504 280.22212500946466 280.00021842968584 15.46844806900117
505 280.22095163646657 280.00021844264455 15.49853585100027
506 280.2197886464802 280.00021845548889 15.528692071000478
507 280.21863594642656 280.00021846822102 15.566677451999567
508 280.21749344406055 280.00021848083924 15.599178165000922
509 280.21636104796164 280.00021849334314 15.629441209001016
510 280.21523866754058 280.00021850574024 15.659708262999629
511 280.21412621301153 280.00021851802416 15.6898535979999
512 280.21302359539504 280.00021853020314 15.7199307030005
513 280.21193072651096 280.0002185422735 15.750012808000974
514 280.21084751896876 280.00021855423608 15.780080694999924
515 280.20977388616467 280.00021856609288 15.810351395000907
516 280.20870974226892 280.0002185778456 15.840446729000178
517 280.20765500222819 280.00021858949361 15.870552219999809
518 280.20660958173812 280.0002186010409 15.900662033000117
519 280.20557339726622 280.00021861248439 15.930737316000886
520 280.20454636601897 280.00021862382829 15.960860671000773
521 280.20352840594774 280.00021863506913 15.991058401999908
522 280.20251943574578 280.00021864621203 16.021163839999645
523 280.2015193748253 280.00021865725682 16.05135073800011
524 280.2005281433282 280.00021866820344 16.082118889000412
525 280.19954566211595 280.00021867905542 16.112219640001058
526 280.19857185275004 280.00021868980912 16.142358672001137
527 280.1976066375035 280.00021870046925 16.172437131999686
528 280.1966499393393 280.00021871103519 16.202701009000521
529 280.19570168192291 280.00021872150921 16.232897125000818
530 280.19476178959098 280.00021873188786 16.262978241000383
531 280.19383018736784 280.00021874217578 16.2930692000009
532 280.19290680094775 280.0002187523761 16.323155680000127
533 280.19199155669122 280.00021876248439 16.353284192000501
534 280.19108438161987 280.00021877250293 16.383362651000425
535 280.19018520341086 280.00021878243422 16.413562830000956
536 280.18929395038606 280.00021879227597 16.443697176000569
537 280.18841055151154 280.00021880203155 16.473789802999818
538 280.18753493639758 280.00021881170102 16.503887586000928
539 280.18666703527362 280.00021882128794 16.533971724000367
540 280.18580677900843 280.00021883078773 16.564041069001178
541 280.18495409907541 280.00021884020572 16.594275780000316
542 280.18410892757487 280.00021884953833 16.624942837999697
543 280.18327119721334 280.00021885879079 16.655264840999735
544 280.18244084129776 280.00021886796208 16.685358770000676
545 280.18161779373696 280.00021887705122 16.717682399999831
546 280.18080198902987 280.00021888606096 16.747801641000478
547 280.17999336226183 280.00021889499442 16.777953852000792
548 280.17919184910244 280.00021890384573 16.808203303000482
549 280.17839738580017 280.00021891262003 16.838328585999989
550 280.17760990917503 280.0002189213173 16.868420431999766
551 280.17682935660832 280.00021892993828 16.898501132000092
552 280.17605566605016 280.00021893848361 16.928594123000948
553 280.1752887760004 280.00021894695362 16.958695344001171
554 280.1745286255146 280.00021895534769 16.988920159001282
555 280.17377515419525 280.00021896366917 17.01899486900038
556 280.17302830218176 280.00021897191618 17.050115887999709
557 280.17228801015824 280.00021898009237 17.080238878999808
558 280.17155421933512 280.00021898819722 17.110319579000134
559 280.17082687145017 280.00021899623022 17.140415956000652
560 280.1701059087664 280.00021900419358 17.172110207000514
561 280.16939127406164 280.00021901208561 17.202333928000371
562 280.1686829106327 280.00021901990766 17.232419420000952
563 280.16798076227633 280.00021902766383 17.262558505000925
564 280.16728477329923 280.00021903534906 17.292661028001021
565 280.166594888509 280.00021904296932 17.322739228000501
566 280.16591105319856 280.00021905052188 17.352868834001129
567 280.16523321316646 280.00021905800747 17.382954482000059
568 280.16456131468328 280.00021906542793 17.413220860000365
569 280.16389530451079 280.00021907278364 17.443300519000331
570 280.16323512988293 280.00021908007471 17.473420698999689
571 280.16258073851225 280.00021908730253 17.503541088000929
572 280.16193207857327 280.0002190944661 17.533642570000666
573 280.1612890987098 280.00021910156897 17.563714312000229
574 280.16065174802742 280.00021910860659 17.593905690000611
575 280.16001997608038 280.00021911558417 17.623997901000621
576 280.15939373289029 280.00021912249849 17.6545589690013
577 280.15877296890693 280.00021912935716 17.684696129001168
578 280.15815763504452 280.00021913615114 17.714921152999523
579 280.15754768264276 280.00021914288686 17.74505263500032
580 280.15694306348723 280.00021914956471 17.775134794001133
581 280.15634372979059 280.00021915618493 17.805368725001244
582 280.155749634193 280.00021916274721 17.835471561000304
583 280.15516072976288 280.00021916925078 17.865557053000884
584 280.15457696999039 280.00021917569831 17.89563608699973
585 280.15399830878073 280.0002191820879 17.925749340000039
586 280.15342470045039 280.00021918842344 17.955836551000175
587 280.15285609973012 280.00021919470294 17.985936106000736
588 280.15229246175301 280.00021920092797 18.016142952999871
589 280.15173374205779 280.00021920709958 18.04727329600064
590 280.15117989657762 280.00021921321706 18.077413996999894
591 280.15063088164561 280.00021921927936 18.109138769999845
592 280.15008665398352 280.00021922528992 18.139255199999752
593 280.1495471707006 280.0002192312491 18.169341265000185
594 280.1490123892944 280.00021923715411 18.199557486999765
595 280.14848226763939 280.00021924300768 18.229671053000857
596 280.14795676398876 280.00021924881338 18.259795243000553
597 280.14743583697498 280.00021925456673 18.289892454000437
598 280.14691944559513 280.00021926027011 18.319980186000976
599 280.14640754921527 280.00021926592149 18.350090158000967
600 280.14590010757303 280.00021927152812 18.380172056000447
601 280.14539708075182 280.00021927708167 18.410390987000937
602 280.1448984292096 280.00021928258911 18.440568616000746
603 280.1444041137496 280.0002192880491 18.470671713999764
604 280.14391409552957 280.00021929346087 18.500784915000622
605 280.14342833605514 280.0002192988249 18.530921814999601
606 280.14294679717437 280.00021930414215 18.561027777001073
607 280.1424694410839 280.00021930941597 18.591228844001307
608 280.14199623031215 280.00021931464244 18.621418296001139
609 280.14152712772949 280.00021931982479 18.651653269000235
610 280.14106209653386 280.00021932495918 18.681771262999973
611 280.14060110025503 280.00021933004962 18.711844412000573
612 280.14014410275672 280.00021933509578 18.741950895000627
613 280.13969106821446 280.00021934010022 18.772069460999774
614 280.13924196113885 280.00021934506054 18.80218406899985
615 280.13879674634478 280.00021934997756 18.8323537819997
616 280.1383553889699 280.00021935485108 18.862476619000518
617 280.13791785446671 280.0002193596834 18.892552111999976
618 280.13748410859137 280.00021936447462 18.922661668000728
619 280.13705411741722 280.00021936922337 18.9527821089996
620 280.13662784730593 280.00021937393279 18.982886300000246
621 280.13620526494003 280.0002193786006 19.013021480999669
622 280.13578633728042 280.00021938322578 19.044612608000534
623 280.13537103160365 280.00021938781259 19.074795915001232
624 280.13495931546527 280.00021939235836 19.10490745000061
625 280.13455115671957 280.00021939686462 19.135005129999627
626 280.13414652350696 280.00021940133433 19.165708022999752
627 280.13374538425347 280.00021940576511 19.195786537000458
628 280.13334770766795 280.00021941015535 19.225912343001255
629 280.13295346274043 280.00021941451013 19.256006847001117
630 280.13256261873715 280.00021941882807 19.286148745999526
631 280.132175145205 280.00021942310627 19.316218302001289
632 280.13179101195908 280.00021942734918 19.346319367999968
633 280.13141018908703 280.00021943155576 19.376395381999828
634 280.13103264694217 280.00021943572415 19.406512229999862
635 280.13065835614884 280.00021943985888 19.436721214000499
636 280.13028728759184 280.00021944395627 19.466795979000381
637 280.12991941241535 280.00021944801949 19.49688053600039
638 280.12955470202706 280.00021945204611 19.526961759000187
639 280.12919312808316 280.0002194560405 19.557115378000162
640 280.12883466250645 280.00021945999833 19.587199048999537
641 280.12847927746049 280.00021946392286 19.617334595999637
642 280.12812694535927 280.00021946781453 19.647640352000963
643 280.12777763886925 280.0002194716709 19.677761679000469
644 280.12743133090174 280.00021947549709 19.70784394400107
645 280.12708799460574 280.00021947928815 19.737973708999561
646 280.12674760337535 280.00021948304919 19.768055870001263
647 280.12641013084448 280.00021948677409 19.79820709300111
648 280.12607555088135 280.00021949046931 19.828317588000573
649 280.12574383758647 280.00021949413343 19.858422352999696
650 280.12541496529349 280.0002194977659 19.888519305000955
651 280.12508890856896 280.00021950136602 19.918618757001241
652 280.12476564220424 280.0002195049351 19.948722481000004
653 280.1244451412212 280.00021950847679 19.978807871000754
654 280.12412738086016 280.00021951198676 20.008935240000937
655 280.12381233659079 280.00021951546529 20.039868447000117
656 280.12349998409218 280.00021951891404 20.069998004000809
657 280.12319029927312 280.00021952233573 20.101280328000939
658 280.1228832582496 280.00021952572632 20.131395250000423
659 280.12257883735526 280.00021952908696 20.161505482999928
660 280.12227701313543 280.00021953242026 20.191603061000933
661 280.12197776234723 280.00021953572701 20.221779544999663
662 280.12168106195367 280.00021953900199 20.26002998399963
663 280.1213868891266 280.00021954225099 20.302708471001097
664 280.12109522124251 280.0002195454727 20.344396690999929
665 280.12080603588072 280.00021954866821 20.374667030000637
666 280.12051931081862 280.00021955183536 20.405060181999943
667 280.12023502403798 280.00021955497328 20.439060648999657
668 280.11995315371092 280.00021955808614 20.469353227999818
669 280.11967367821512 280.00021956117439 20.499442005000674
670 280.11939657610986 280.00021956423353 20.52956505200018
671 280.11912182616101 280.00021956726948 20.559723099000621
672 280.11884940730988 280.00021957027695 20.60000823900009
673 280.11857929870104 280.00021957325947 20.630237172001216
674 280.11831147965694 280.00021957621772 20.663131851000799
675 280.11804592968338 280.00021957915072 20.693432660000326
676 280.11778262848026 280.00021958205764 20.723543988000529
677 280.11752155591813 280.0002195849425 20.759101859999646
678 280.11726269205906 280.00021958780229 20.795671404001041
679 280.11700601713113 280.00021959063628 20.837753170000724
680 280.11675151155424 280.00021959344718 20.872059888000877
681 280.11649915591187 280.00021959623427 20.90223908200096
682 280.11624893096962 280.00021959899919 20.933040154000992
683 280.11600081765926 280.00021960173649 20.963144503000876
684 280.11575479708273 280.00021960445417 20.993316717000198
685 280.11551085052628 280.00021960714747 21.023609661000592
686 280.11526895942563 280.00021960982048 21.054053960000601
687 280.11502910538997 280.00021961246904 21.084168257000783
688 280.11479127019396 280.00021961509623 21.114305107001201
689 280.11455543577654 280.00021961770074 21.144409091000853
690 280.11432158423997 280.00021962028404 21.174511774001076
691 280.11408969783793 280.00021962284552 21.206936397000391
692 280.11385975899526 280.00021962538364 21.238530755001193
693 280.11363175028947 280.00021962790288 21.270223864001309
694 280.11340565445005 280.0002196303987 21.302081245001318
695 280.1131814543686 280.00021963287577 21.332212782001079
696 280.11295913308174 280.00021963533129 21.362320672000351
697 280.11273867379128 280.00021963776555 21.392651846001172
698 280.11252005983249 280.00021964018026 21.423155365000639
699 280.11230327470332 280.00021964257382 21.453292632000739
700 280.11208830204703 280.00021964494965 21.483398284000941
701 280.11187512565158 280.00021964730462 21.513521384000342
702 280.11166372944717 280.00021964963668 21.543638651000947
703 280.11145409751521 280.00021965195481 21.573757063000812
704 280.11124621407549 280.00021965424816 21.606489919000524
705 280.11104006349109 280.00021965652553 21.638751209000475
706 280.11083563026108 280.00021965878392 21.670622392999576
707 280.11063289903086 280.00021966102378 21.702926808000484
708 280.11043185457646 280.00021966324169 21.734517417000461
709 280.11023248181516 280.00021966544347 21.766245110000455
710 280.11003476579884 280.00021966762858 21.797697177000373
711 280.10983869170889 280.00021966979511 21.833711146000496
712 280.10964424486389 280.00021967194067 21.864781440001025
713 280.10945141071824 280.00021967407099 21.894955945999754
714 280.1092601748436 280.00021967618301 21.925129983999796
715 280.10907052295693 280.00021967827661 21.958540552001068
716 280.10888244089097 280.00021968035475 21.988723653001216
717 280.10869591461153 280.00021968241538 22.019030921001104
718 280.10851093020705 280.0002196844581 22.051042105000306
719 280.10832747389429 280.00021968648446 22.081203226000071
720 280.10814553201368 280.00021968849404 22.111779454000498
721 280.10796509102198 280.00021969048606 22.141964222000752
722 280.10778613750625 280.00021969246114 22.172539147000862
723 280.10760865816542 280.00021969442247 22.205648724000639
724 280.10743263982164 280.00021969636572 22.235888544000773
725 280.10725806941514 280.00021969829481 22.266078153999842
726 280.10708493400409 280.00021970020583 22.296209535999878
727 280.10691322076764 280.00021970210207 22.326487584999995
728 280.10674291698251 280.00021970398342 22.356611987001088
729 280.10657401005847 280.00021970584731 22.386753160000808
730 280.1064064875132 280.00021970769865 22.417146002000663
731 280.10624033696695 280.00021970953321 22.447262280000359
732 280.10607554616246 280.00021971135396 22.477388975001304
733 280.10591210294524 280.00021971315897 22.507489055000406
734 280.10574999527296 280.00021971494925 22.53763106200131
735 280.10558921121446 280.00021971672379 22.56773431900001
736 280.10542973893837 280.00021971848452 22.597876795000047
737 280.10527156672265 280.00021972023137 22.628246096001021
738 280.10511468295215 280.0002197219664 22.658737480000127
739 280.10495907611505 280.00021972368347 22.688872247999825
740 280.10480473479851 280.0002197253873 22.718992849000642
741 280.10465164769897 280.00021972707862 22.749131783000848
742 280.10449980360795 280.00021972875641 22.779309675999684
743 280.10434919142523 280.00021973041913 22.809564809000221
744 280.1041998001391 280.00021973206918 22.839748484000665
745 280.10405161884626 280.00021973370445 22.870036690001143
746 280.10390463673752 280.00021973532927 22.900190989001203
747 280.1037588430986 280.00021973693958 22.930342007000945
748 280.1036142273162 280.00021973853688 22.960464014000536
749 280.10347077887133 280.00021974012088 22.990604354999959
750 280.10332848733111 280.00021974169306 23.02090912300082
751 280.10318734236569 280.00021974325256 23.05111639200004
752 280.10304733373681 280.00021974479586 23.08128959700116
753 280.10290845129532 280.00021974633268 23.111394728999585
754 280.10277068497817 280.00021974785426 23.141528768001081
755 280.10263402482155 280.0002197493634 23.171656972999699
756 280.10249846095348 280.00021975086059 23.201867002000654
757 280.10236398357489 280.00021975234557 23.232002446000479
758 280.10223058298999 280.00021975381986 23.262180703999547
759 280.10209824958014 280.00021975528142 23.292311565001
760 280.10196697382122 280.00021975672894 23.32247534400085
761 280.10183674626688 280.00021975816924 23.352595006999763
762 280.10170755755911 280.00021975959555 23.382731702000456
763 280.10157939842611 280.00021976101073 23.413325535000695
764 280.10145225967301 280.0002197624147 23.443558168999516
765 280.10132613219207 280.00021976380663 23.473695646000124
766 280.10120100695843 280.00021976518957 23.503800779000812
767 280.10107687502534 280.0002197665608 23.533933725000679
768 280.10095372752102 280.00021976792095 23.56406135799989
769 280.10083155566713 280.00021976926865 23.594207480000478
770 280.10071035075305 280.00021977060896 23.630714371000067
771 280.10059010414801 280.00021977193609 23.662224617000902
772 280.10047080729834 280.00021977325258 23.694501117999607
773 280.1003524517281 280.00021977456174 23.725098962000629
774 280.10023502904289 280.00021977585664 23.757224732000395
775 280.10011853091561 280.00021977714277 23.788492789000884
776 280.10000294909298 280.00021977842067 23.819379436999952
777 280.09988827540644 280.00021977968697 23.850768588999927
778 280.09977450174756 280.00021978094424 23.881270182000662
779 280.09966162008732 280.00021978218888 23.911671670999567
780 280.09954962247156 280.00021978342755 23.941866909000964
781 280.09943850101178 280.00021978465321 23.971992823000619
782 280.09932824788979 280.00021978587012 24.002148269000827
783 280.09921885536306 280.00021978707912 24.032737258999987
784 280.09911031575814 280.00021978827749 24.065560794000703
785 280.09900262146232 280.00021978946785 24.095759625999563
786 280.09889576493947 280.00021979064775 24.126173979000669
787 280.09878973871565 280.00021979181776 24.156457238001167
788 280.09868453538672 280.00021979298003 24.186632945000383
789 280.09858014761585 280.00021979413185 24.217201933999604
790 280.09847656813184 280.00021979527764 24.24755180899956
791 280.09837378972753 280.00021979641076 24.277789077999842
792 280.09827180525576 280.00021979753944 24.307936242001233
793 280.09817060764317 280.00021979865687 24.339165913001125
794 280.09807018987181 280.00021979976452 24.369356151000829
795 280.09797054499234 280.00021980086512 24.399471336000715
796 280.09787166611056 280.00021980195652 24.429810482000903
797 280.09777354640357 280.00021980304064 24.459983480001029
798 280.09767617910103 280.00021980411589 24.490148458000476
799 280.09757955749791 280.00021980518426 24.520424166001249
800 280.09748367494763 280.00021980624462 24.550614092000615
801 280.09738852486817 280.00021980729451 24.580776466000316
802 280.09729410072543 280.00021980833606 24.61097415200129
803 280.09720039605259 280.00021980937419 24.641264079000393
804 280.09710740444206 280.00021981039964 24.671435723999821
805 280.09701511953722 280.00021981141828 24.701578514001085
806 280.096923535043 280.00021981243066 24.731836617000226
807 280.09683264471477 280.00021981343315 24.761989304000963
808 280.09674244237851 280.00021981442922 24.792227302999891
809 280.09665292189663 280.00021981541857 24.822387177000564
810 280.09656407719746 280.00021981639992 24.852726426001027
811 280.09647590227024 280.00021981737336 24.886745439000151
812 280.09638839113688 280.00021981834078 24.919158190999951
813 280.09630153789408 280.00021981929893 24.951027971001167
814 280.09621533667911 280.00021982024901 24.985253495000507
815 280.09612978168605 280.00021982119523 25.017571663000126
816 280.09604486716643 280.00021982213445 25.048574771000858
817 280.09596058741141 280.0002198230643 25.079544649999661
818 280.09587693677031 280.00021982398761 25.111595317001047
819 280.09579390964552 280.00021982490574 25.143301084999621
820 280.09571150048191 280.00021982581592 25.174764716999562
821 280.0956297037813 280.00021982672007 25.206035900000643
822 280.09554851409376 280.00021982761393 25.236941455001215
823 280.09546792601645 280.00021982850575 25.267297684000368
824 280.09538793419443 280.00021982938989 25.297451673000978
825 280.09530853331796 280.00021983026409 25.329208066999854
826 280.09522971812993 280.00021983113652 25.375731479000024
827 280.09515148342632 280.0002198319998 25.42389182900115
828 280.09507382403211 280.00021983285671 25.45625999799995
829 280.09499673483566 280.00021983370993 25.489191452999876
830 280.0949202107625 280.00021983455429 25.536890393999784
831 280.09484424678215 280.00021983539563 25.567011987001024
832 280.09476883791876 280.00021983622537 25.59787509600028
833 280.09469397923374 280.00021983705233 25.628092418000961
834 280.09461966583143 280.00021983787332 25.65866036800071
835 280.09454589286008 280.00021983868839 25.690157021999767
836 280.09447265552194 280.00021983949756 25.722126231001312
837 280.09439994904642 280.00021984030076 25.76317601700066
838 280.09432776872069 280.00021984109799 25.795445227000528
839 280.09425610986148 280.00021984188947 25.827581989000464
840 280.09418496783439 280.00021984267579 25.859202028999789
841 280.09411433804883 280.00021984345597 25.890946339999573
842 280.09404421594667 280.00021984422784 25.922655546999522
843 280.09397459701927 280.00021984499824 25.954442932001257
844 280.09390547679237 280.00021984576171 25.985676510999838
845 280.09383685083782 280.00021984652034 26.016182741999728
846 280.09376871476366 280.00021984727232 26.046510013000443
847 280.09370106421483 280.00021984802015 26.076809264000985
848 280.09363389487561 280.00021984876076 26.107333723999545
849 280.09356720247666 280.00021984949836 26.137552766000226
850 280.09350098277724 280.00021985022931 26.167702901000666
851 280.09343523158088 280.00021985095572 26.19785803600098
852 280.09336994472864 280.00021985167473 26.228251557000476
853 280.09330511809543 280.00021985239238 26.260462382000696
854 280.09324074758962 280.00021985310275 26.293111855000461
855 280.09317682916833 280.00021985380943 26.324293403000411
856 280.09311335881586 280.00021985451053 26.356838032001178
857 280.09305033255464 280.0002198552055 26.388858698999684
858 280.09298774643707 280.00021985589694 26.421009785000933
859 280.0929255965662 280.00021985658395 26.452718941000057
860 280.092863879064 280.0002198572659 26.483530695000809
861 280.09280259009466 280.00021985794245 26.513745258000199
862 280.09274172585594 280.00021985861491 26.544004145000144
863 280.0926812825785 280.00021985928208 26.574259125000026
864 280.09262125652924 280.00021985994493 26.604481553000369
865 280.09256164400489 280.00021986060199 26.635004087000198
866 280.09250244134341 280.00021986125705 26.665234692000013
867 280.09244364489882 280.00021986190575 26.697593590999531
868 280.09238525107935 280.00021986255041 26.728138313001182
869 280.0923272563054 280.00021986319081 26.759551946001011
870 280.09226965704818 280.00021986382853 26.789879844000097
871 280.09221244979148 280.00021986445904 26.820398575000581
872 280.09215563106648 280.0002198650871 26.850661160000527
873 280.0920991974304 280.00021986571033 26.880915150000874
874 280.09204314546099 280.00021986632765 26.911104974000409
875 280.0919874717855 280.00021986694333 26.941364381000312
876 280.09193217305022 280.00021986755456 26.971581444000549
877 280.09187724592647 280.00021986816068 27.001831789000789
878 280.09182268712846 280.00021986876419 27.032360209001126
879 280.0917684933944 280.00021986936184 27.062821491999784
880 280.09171466148575 280.00021986995694 27.09310017000098
881 280.09166118819752 280.0002198705468 27.123298067001087
882 280.09160807035653 280.00021987113382 27.154030498000793
883 280.09155530481354 280.00021987171516 27.188150605999908
884 280.09150288845274 280.0002198722953 27.220364401000552
885 280.09145081817815 280.00021987287045 27.252187464000599
886 280.09139909093244 280.00021987344076 27.283003280999765
887 280.09134770367399 280.0002198740093 27.313831077000941
888 280.09129665339026 280.00021987457188 27.344107724000423
889 280.09124593711158 280.00021987513321 27.378772731999561
890 280.0911955518734 280.00021987568823 27.415778484000839
891 280.09114549474958 280.0002198762428 27.447293212000659
892 280.09109576283731 280.00021987679236 27.478394916999605
893 280.09104635325946 280.00021987733646 27.508692346000316
894 280.09099726316509 280.00021987788017 27.539366080000036
895 280.09094848973268 280.0002198784187 27.569606582001143
896 280.09090003015825 280.00021987895417 27.600120679000611
897 280.09085188167148 280.00021987948537 27.632101712000804
898 280.0908040415178 280.00021988001208 27.663812848000816
899 280.09075650697139 280.00021988053794 27.695148565000636
900 280.09070927533338 280.0002198810609 27.72659449099956
901 280.09066234393373 280.00021988158005 27.757979531001183
902 280.09061571010881 280.00021988209386 27.789301759001319
903 280.0905693712358 280.00021988260693 27.819828200001211
904 280.09052332470998 280.00021988311318 27.850173128999813
905 280.09047756794661 280.00021988361954 27.880368943000576
906 280.09043209838893 280.00021988412209 27.910626840999612
907 280.09038691349861 280.00021988462009 27.940924010001254
908 280.09034201076963 280.00021988511634 27.971061072999873
909 280.09029738769868 280.00021988560951 28.001210324000567
910 280.09025304183331 280.00021988609763 28.031692182001279
911 280.09020897071264 280.00021988658568 28.062233882999863
912 280.09016517192271 280.0002198870697 28.09235875900049
913 280.09012164305545 280.00021988754963 28.122556917000111
914 280.09007838173221 280.00021988802797 28.152852003000589
915 280.09003538559296 280.00021988850131 28.182991931000288
916 280.08999265229517 280.00021988897248 28.213400298000124
917 280.08995017953077 280.00021988944371 28.243647258001147
918 280.08990796499501 280.00021988990949 28.273813957999664
919 280.08986600641356 280.0002198903731 28.303962636000506
920 280.08982430153247 280.00021989083444 28.334137825000653
921 280.08978284811286 280.00021989129232 28.364329680000083
922 280.08974164394243 280.00021989174616 28.394477941999867
923 280.08970068682413 280.00021989219925 28.425045009000314
924 280.08965997458296 280.00021989264815 28.455262334000508
925 280.08961950505977 280.00021989309624 28.485439711001163
926 280.08957927611738 280.00021989353991 28.515590838000207
927 280.08953928564347 280.00021989398169 28.54580264300057
928 280.08949953153393 280.00021989441905 28.575934864000374
929 280.08946001171017 280.00021989485833 28.609502938999867
930 280.0894207241077 280.00021989528886 28.641675693999787
931 280.08938166668753 280.00021989572173 28.674092094999651
932 280.08934283742087 280.00021989615055 28.705524480001259
933 280.08930423430587 280.00021989657773 28.737952445000701
934 280.08926585534891 280.00021989700025 28.769409778000409
935 280.08922769858083 280.00021989742169 28.80137102000117
936 280.08918976205126 280.00021989784113 28.83392643300067
937 280.08915204381964 280.00021989825683 28.864489125000546
938 280.08911454197397 280.0002198986723 28.894750878000195
939 280.08907725460398 280.00021989908436 28.924954973999775
940 280.089040179834 280.00021989949346 28.955104799000765
941 280.08900331579213 280.00021989990006 28.98534077000113
942 280.08896666063134 280.00021990030552 29.015760649001095
943 280.08893021251157 280.00021990070564 29.050412534001225
944 280.08889396961922 280.00021990110764 29.082552371000929
945 280.08885793015662 280.00021990150435 29.114414237999881
946 280.08882209233298 280.00021990190078 29.146566991999862
947 280.08878645438176 280.00021990229641 29.178727870999865
948 280.08875101454811 280.00021990268817 29.211102397999639
949 280.08871577109585 280.00021990307619 29.242409418000534
950 280.08868072230132 280.00021990346181 29.274113471001328
951 280.08864586645996 280.00021990384874 29.304805331001262
952 280.08861120187868 280.00021990423016 29.334954166000898
953 280.08857672688646 280.00021990461215 29.365116386999944
954 280.08854243981335 280.00021990498982 29.395294961999753
955 280.08850833901926 280.00021990536516 29.425462651999624
956 280.08847442287441 280.00021990574078 29.45562435300053
957 280.08844068975537 280.00021990611287 29.48578287700002
958 280.08840713806507 280.00021990648435 29.515964161000738
959 280.08837376621449 280.00021990685048 29.546161383001163
960 280.08834057262681 280.00021990721831 29.576289489999908
961 280.08830755574343 280.00021990758222 29.60645030500018
962 280.08827471402162 280.00021990794426 29.636684766999679
963 280.08824204592679 280.00021990830714 29.666820686001302
964 280.08820954994252 280.00021990866429 29.696981709999818
965 280.08817722456365 280.00021990902428 29.72713388000011
966 280.08814506829594 280.00021990937819 29.757336517999647
967 280.08811307966823 280.00021990973022 29.78747155200108
968 280.08808125720805 280.00021991008259 29.817689450999751
969 280.08804959947071 280.00021991043411 29.847858340001039
970 280.08801810501342 280.00021991078125 29.878025977999641
971 280.08798677241839 280.00021991112607 29.908214709999811
972 280.08795560026226 280.00021991147162 29.938378025999555
973 280.08792458714873 280.00021991181194 29.968520664000607
974 280.08789373169554 280.00021991215624 29.998677364999821
975 280.08786303251958 280.00021991249503 30.028887399001178
976 280.08783248826199 280.00021991283245 30.059255820000544
977 280.0878020975739 280.00021991316578 30.089412313000139
978 280.08777185911418 280.00021991349985 30.119541670001126
979 280.0877417715563 280.00021991383352 30.149746443999902
980 280.08771183358891 280.00021991416304 30.179914862999794
981 280.08768204390424 280.00021991449188 30.210067449001144
982 280.08765240121284 280.00021991481896 30.240204931000335
983 280.08762290423988 280.00021991514569 30.270388091001223
984 280.08759355171156 280.00021991547015 30.300549843999761
985 280.08756434237017 280.00021991579257 30.331685196000763
986 280.08753527497521 280.00021991611356 30.361890907999623
987 280.08750634829062 280.00021991643405 30.392044170999725
988 280.08747756108932 280.00021991675163 30.426758765999693
989 280.08744891216361 280.00021991706876 30.463719886000035
990 280.08742040030808 280.00021991738254 30.506018383000992
991 280.0873920243389 280.00021991769711 30.544003050999891
992 280.08736378306628 280.00021991800759 30.574675642001239
993 280.08733567532977 280.00021991832068 30.604837708000559
994 280.08730769996271 280.00021991862826 30.642357165001158
995 280.08727985582141 280.00021991893414 30.672738295001182
996 280.0872521417665 280.00021991923973 30.702917340000567
997 280.08722455666856 280.00021991954628 30.733128625999598
998 280.08719709940965 280.00021991984926 30.763350380000702
999 280.08716976888149 280.00021992015053 30.79350426900055
1000 280.08714256399014 280.00021992045112 30.824826133999522
