iterat. internal-T external-T elapsed-time
0 300 280 0.11572815999988961
1 299.20000000000209 280.00000883530828 0.23182945400003518
2 298.52813741741465 280.0000162554802 0.34751605099972949
3 297.94710600454084 280.00002267244128 0.46379552600046736
4 297.43349718286822 280.00002834482387 0.57964572099990619
5 296.97180041472768 280.00003344388188 0.69600337500014575
6 296.55130638030369 280.00003808785146 0.81190252899978077
7 296.16435677203702 280.00004236138 0.92842138400010299
8 295.80530500684262 280.00004632679469 1.0443950190001487
9 295.46987441645433 280.0000500313385 1.1620809850001024
10 295.1547486461829 280.00005351164725 1.2784613989997524
11 294.85730236363042 280.00005679668254 1.3949048370004675
12 294.57541936238073 280.0000599098496 1.5113070229999721
13 294.30736659798487 280.00006287027696 1.6277393139998821
14 294.05170493986736 280.00006569383004 1.7437597210000604
15 293.80722459684307 280.00006839389732 1.8602062830004797
16 293.57289749130427 280.00007098183289 1.9763289840002471
17 293.34784151461292 280.00007346739824 2.0928083590006281
18 293.13129326991884 280.00007585898351 2.2090385100000276
19 292.9225869841606 280.00007816395964 2.3256311690001894
20 292.7211379769592 280.00008038880031 2.4417018900003313
21 292.52642954511833 280.0000825391823 2.5581584520004981
22 292.3380024426238 280.00008462019122 2.6741863070001273
23 292.15544635734545 280.00008663637988 2.7906839120005316
24 291.97839294191783 280.00008859176404 2.9067261939999298
25 291.80651006684877 280.00009049007207 3.0233547919997363
26 291.63949704460407 280.000092334599 3.1393984800006365
27 291.47708063188134 280.00009412833532 3.2559861390000151
28 291.3190116608244 280.00009587407925 3.3720726410001589
29 291.16506218270166 280.000097574319 3.4886749879997296
30 291.01502303191609 280.00009923137009 3.6047935220003637
31 290.8687017374545 280.0001008473605 3.7213456600002246
32 290.72592072306082 280.00010242426447 3.8373954420003429
33 290.58651574885505 280.00010396386887 3.9539358609999908
34 290.45033455613049 280.00010546787877 4.0701687720002155
35 290.31723568386531 280.00010693783724 4.186719868000182
36 290.1870874310722 280.000108375217 4.302891997000188
37 290.05976694369298 280.00010978135663 4.4194482490001974
38 289.93515940824142 280.0001111575358 4.5355835540003682
39 289.81315733741064 280.0001125049489 4.6521289729998898
40 289.69365993502521 280.00011382469063 4.7682528200002707
41 289.57657253000707 280.00011511782549 4.8848262080000495
42 289.46180607025047 280.00011638531862 5.0009907840003507
43 289.34927666900603 280.00011762811204 5.1175212550006108
44 289.2389051971781 280.0001188470668 5.2336332260001655
45 289.1306169159223 280.00012004301698 5.3502344270000322
46 289.0243411450254 280.00012121673865 5.4663646280005196
47 288.92001096260805 280.00012236898613 5.5829644750001535
48 288.81756293285207 280.00012350043039 5.6990564460002133
49 288.71693685846623 280.00012461176163 5.8156561880005029
50 288.61807555530538 280.00012570360002 5.9319233189999068
51 288.52092464675098 280.00012677655076 6.0486087930003123
52 288.42543237567912 280.0001278311824 6.1646933680003713
53 288.33154943240527 280.0001288680316 6.2813418619998629
54 288.23922879678878 280.00012988763194 6.3974318540003878
55 288.14842559324131 280.00013089047707 6.5139890950003974
56 288.05909695726547 280.00013187703354 6.6301160670000172
57 287.97120191254055 280.00013284776179 6.7466986740000721
58 287.88470125742799 280.00013380308286 6.8628356460003488
59 287.79955746018925 280.00013474342984 6.9793975230004435
60 287.71573456191635 280.00013566917687 7.0955876210000497
61 287.63319808667546 280.00013658072004 7.2121852280006351
62 287.55191495810624 280.00013747842473 7.3283344400006172
63 287.47185342198662 280.00013836263565 7.4449001720004162
64 287.39298297421118 280.00013923368851 7.5610155809999924
65 287.31527429371067 280.00014009191312 7.6775649050005086
66 287.2386991799836 280.00014093761519 7.7936635949999982
67 287.16323049476819 280.0001417711166 7.9102924010003335
68 287.08884210758038 280.00014259266499 8.0263987469998028
69 287.01550884479173 280.0001434025686 8.1430997940005909
70 286.94320644197671 280.00014420109557 8.259311298999819
71 286.871911499232 280.00014498848418 8.3759077089998755
72 286.80160143935086 280.0001457650057 8.492053847000534
73 286.73225446850091 280.00014653087891 8.608649110999977
74 286.66384953932288 280.00014728635119 8.7247956660003183
75 286.59636631619372 280.00014803165084 8.8414382219998515
76 286.52978514261667 280.00014876698225 8.9575563400003375
77 286.46408701040883 280.00014949255632 9.0741343110003072
78 286.39925353073482 280.00015020859024 9.1903779000003851
79 286.33526690674404 280.00015091526109 9.3069944660001056
80 286.27210990775018 280.00015161277912 9.4231447709998974
81 286.20976584485095 280.00015230130987 9.5397460240001237
82 286.14821854782889 280.00015298105183 9.6559229969998341
83 286.08745234336743 280.00015365215648 9.7725129480004398
84 286.02745203433903 280.00015431482188 9.8886716389997673
85 285.96820288027584 280.00015496917723 10.00528580900027
86 285.90969057878567 280.00015561539931 10.121539970999947
87 285.85190124793621 280.00015625363432 10.238142475000132
88 285.79482140952604 280.00015688402829 10.354289290000452
89 285.73843797323048 280.00015750674106 10.470976794999842
90 285.68273822148586 280.00015812189986 10.587120590000268
91 285.62770979513431 280.00015872963485 10.703757782000139
92 285.57334067974904 280.0001593300999 10.819883398999991
93 285.51961919263346 280.00015992340423 10.936563039999783
94 285.46653397043514 280.00016050969003 11.052762772999813
95 285.4140739572876 280.00016108906374 11.169478040000286
96 285.36222839356986 280.0001616616558 11.285693659000572
97 285.31098680516379 280.00016222757415 11.402332933999787
98 285.26033899313734 280.00016278693266 11.518463395000254
99 285.21027502398249 280.00016333984826 11.635065221000332
100 285.16078522018518 280.00016388642121 11.751242766999894
101 285.11186015134024 280.00016442675701 11.867850530999931
102 285.06349062549566 280.00016496094963 11.984034013999917
103 285.01566768099207 280.00016548910963 12.100641934000123
104 284.96838257859594 280.0001660113353 12.216917138000099
105 284.9216267939637 280.00016652771166 12.333547402000477
106 284.87539201046241 280.0001670383279 12.449747292000211
107 284.82967011219802 280.00016754328891 12.566340211999886
108 284.78445317746338 280.00016804267926 12.682533330999831
109 284.73973347230162 280.000168536567 12.799124375000247
110 284.69550344446333 280.00016902505263 12.91528473300059
111 284.65175571750405 280.00016950820697 13.031930414000271
112 284.60848308519871 280.00016998611187 13.148089053000149
113 284.56567850608531 280.00017045886204 13.264863696000248
114 284.52333509830015 280.00017092650745 13.381005459000335
115 284.48144613460227 280.0001713891341 13.497682756000358
116 284.44000503751136 280.00017184682309 13.613845300999856
117 284.39900537473994 280.00017229961674 13.730555150999862
118 284.35844085472428 280.000172747627 13.846718216999761
119 284.31830532235443 280.00017319088886 13.963421815999936
120 284.27859275483098 280.00017362948012 14.07960759100024
121 284.23929725772638 280.00017406346319 14.196262335000029
122 284.20041306115957 280.00017449290095 14.312566602000516
123 284.16193451606949 280.00017491786792 14.429194991999793
124 284.12385609073095 280.00017533840207 14.545431653000378
125 284.08617236728372 280.00017575459458 14.662072647000059
126 284.04887803844076 280.0001761664704 14.778269827999793
127 284.01196790434165 280.00017657411291 14.894911187000616
128 283.9754368694197 280.00017697757278 15.011113368000224
129 283.93927993947545 280.00017737688728 15.127778269000373
130 283.90349221883059 280.00017777213071 15.244104620000144
131 283.86806890752445 280.00017816335901 15.360780198000612
132 283.83300529869575 280.00017855061049 15.477002640000137
133 283.79829677596547 280.00017893392834 15.593715353999869
134 283.76393881096561 280.00017931338982 15.709937380000156
135 283.72992696095287 280.00017968901602 15.826630771000055
136 283.696256866461 280.00018006087487 15.942829723000614
137 283.66292424908193 280.00018042900626 16.059690930000215
138 283.62992490925706 280.00018079346063 16.175995925999814
139 283.59725472423128 280.00018115426491 16.292813851000574
140 283.56490964597123 280.0001815114901 16.409019210000224
141 283.53288569925144 280.00018186516286 16.525734268000633
142 283.5011789797187 280.00018221533588 16.641922126000281
143 283.46978565207871 280.0001825620572 16.758622600000308
144 283.43870194830981 280.00018290534649 16.874866085000576
145 283.40792416594894 280.00018324526116 16.991527807999773
146 283.37744866640537 280.00018358184326 17.107803325000532
147 283.34727187338359 280.00018391512151 17.225269962000311
148 283.31739027129862 280.0001842451332 17.341716056000223
149 283.28780040376472 280.00018457192596 17.458401373000015
150 283.25849887214724 280.0001848955402 17.575041482000415
151 283.22948233411898 280.00018521599486 17.691732268000123
152 283.20074750231265 280.00018553335264 17.807973564999884
153 283.17229114298101 280.00018584761369 17.924676435000038
154 283.14411007469766 280.0001861588562 18.040863199999876
155 283.11620116709622 280.00018646708816 18.157605184999738
156 283.08856133969232 280.00018677234516 18.273841326000365
157 283.06118756069145 280.00018707467132 18.39062899000055
158 283.03407684581617 280.00018737408135 18.506886744999974
159 283.00722625727127 280.00018767061943 18.623580188000233
160 282.98063290259176 280.00018796432443 18.73979190099999
161 282.95429393367039 280.00018825522068 18.856471021000289
162 282.92820654569556 280.00018854332893 18.972683619000236
163 282.90236797620133 280.0001888286871 19.089516492000257
164 282.87677550411377 280.00018911133947 19.205730341000162
165 282.85142644882791 280.00018939130456 19.322365865999927
166 282.82631816929774 280.0001896686 19.438675445000626
167 282.80144806317696 280.00018994326962 19.555392951000613
168 282.77681356598691 280.00019021533541 19.671633154000119
169 282.75241215027836 280.00019048482648 19.788261387000603
170 282.7282413248347 280.0001907517771 19.904528518000006
171 282.70429863391712 280.00019101620325 20.02121612800056
172 282.68058165648438 280.00019127813482 20.137469977000364
173 282.65708800550084 280.00019153760297 20.254167378000602
174 282.63381532718637 280.00019179462697 20.370484353999927
175 282.61076130034411 280.00019204924291 20.487201287000062
176 282.58792363570717 280.0001923014529 20.603455084000416
177 282.56530007525754 280.00019255132088 20.720120922000206
178 282.54288839160466 280.00019279883691 20.836339770999984
179 282.52068638738331 280.00019304403611 20.953068058000099
180 282.4986918946247 280.0001932869539 21.069276072999855
181 282.4769027741998 280.00019352758932 21.185958629999732
182 282.45531691523377 280.00019376599431 21.302247323999836
183 282.43393223458247 280.00019400216991 21.41903050900055
184 282.41274667625362 280.00019423614265 21.535249461000603
185 282.39175821091789 280.00019446794289 21.651940352000565
186 282.37096483537982 280.00019469758485 21.76813748099994
187 282.35036457210646 280.00019492509671 21.884861497999736
188 282.32995546872149 280.00019515049695 22.001093368000511
189 282.30973559754733 280.00019537381121 22.117768424000133
190 282.28970305515401 280.00019559505319 22.234040608000214
191 282.26985596189508 280.00019581424709 22.35076952000054
192 282.25019246149191 280.00019603141169 22.467106965000312
193 282.23071072060264 280.00019624657023 22.583806450000338
194 282.21140892842385 280.00019645974612 22.700079361999997
195 282.19228529624985 280.00019667094472 22.816758533000211
196 282.17333805714401 280.00019688020109 22.933046863000527
197 282.15456546550837 280.00019708753689 23.049730566000108
198 282.13596579672384 280.00019729295173 23.165974258999995
199 282.11753734680121 280.00019749647072 23.282686608000404
200 282.09927843201467 280.00019769812491 23.398896186000457
201 282.08118738855705 280.00019789793231 23.515746924000268
202 282.06326257220661 280.00019809589276 23.631962335000026
203 282.04550235802805 280.00019829203461 23.748681976000626
204 282.02790513997297 280.00019848638095 23.864912804000596
205 282.01046933066152 280.00019867895162 23.981646143000034
206 281.99319336102764 280.00019886974877 24.097903014000622
207 281.97607568001376 280.00019905879304 24.21464390500023
208 281.95911475431376 280.00019924611286 24.330943693000336
209 281.94230906805785 280.00019943171725 24.447757920000186
210 281.92565712254111 280.00019961562151 24.563984842000536
211 281.9091574359951 280.00019979784582 24.680671826000435
212 281.89280854325648 280.00019997840542 24.79691770699992
213 281.87660899555755 280.00020015731559 24.913602139000432
214 281.86055736023775 280.0002003345997 25.029866197000047
215 281.84465222054706 280.00020051025473 25.146562347999861
216 281.82889217535552 280.00020068431189 25.262875886000074
217 281.81327583892653 280.0002008567842 25.379588704000525
218 281.79780184071774 280.00020102768252 25.495979170999817
219 281.78246882512525 280.00020119702384 25.612700843999846
220 281.76727545127028 280.00020136481851 25.729031414000019
221 281.75222039279328 280.00020153108687 25.845769909999945
222 281.73730233761194 280.00020169584468 25.962076521000199
223 281.72251998777301 280.00020185910518 26.078831005999746
224 281.70787205918424 280.00020202087393 26.195063656999992
225 281.69335728145774 280.00020218117083 26.311917156000163
226 281.67897439770934 280.00020234002818 26.428163192000284
227 281.66472216435773 280.00020249743142 26.544951429000321
228 281.65059935095849 280.00020265339748 26.661192622000272
229 281.63660473999181 280.00020280796633 26.777930701000514
230 281.62273712672504 280.00020296111774 26.894178300000021
231 281.60899531900486 280.000203112885 27.010922057000244
232 281.59537813707476 280.00020326327461 27.127164135000385
233 281.5818844134825 280.00020341229566 27.243882370000392
234 281.56851299281362 280.00020355997117 27.36020840800029
235 281.55526273160297 280.00020370630983 27.47691659100019
236 281.54213249815336 280.00020385132194 27.593250650999835
237 281.5291211723839 280.00020399502898 27.709974563000287
238 281.51622764566423 280.00020413743152 27.826235131000431
239 281.50345082069242 280.00020427852809 27.942935187999865
240 281.49078961131721 280.00020441836239 28.059236226000394
241 281.47824294243043 280.00020455692294 28.175958210999852
242 281.4658097497902 280.00020469424624 28.292342323999947
243 281.45348897991761 280.00020483031369 28.409043788000417
244 281.44127958993442 280.00020496515276 28.525327273000585
245 281.4291805474316 280.00020509877652 28.642126552000263
246 281.41719083036412 280.0002052311977 28.758385089000512
247 281.40530942690214 280.00020536241237 28.875109573999907
248 281.39353533529754 280.00020549245147 28.991373371000009
249 281.38186756378133 280.00020562131408 29.108120044999851
250 281.37030513043857 280.00020574900202 29.224372175000099
251 281.35884706306013 280.00020587555065 29.341140567000366
252 281.34749239906927 280.00020600095598 29.457384625000486
253 281.33624018538632 280.00020612522223 29.574196508000568
254 281.32508947830809 280.00020624837629 29.690462440999909
255 281.31403934339937 280.00020637041678 29.807157967000421
256 281.30308885538835 280.00020649136223 29.923494214000129
257 281.29223709807354 280.00020661121022 30.040200729999924
258 281.28148316417872 280.00020672997499 30.1564901010006
259 281.27082615529355 280.00020684767895 30.273250889000337
260 281.26026518173819 280.0002069643146 30.389612293000027
261 281.2497993624865 280.0002070798991 30.506348132000312
262 281.23942782504412 280.00020719444365 30.622742088999985
263 281.22914970536164 280.00020730795296 30.739496783000504
264 281.21896414774875 280.00020742044347 30.855770633000247
265 281.20887030476945 280.00020753192268 30.972503607999897
266 281.19886733714975 280.00020764239775 31.088796103999812
267 281.18895441367687 280.00020775188636 31.205546058000436
268 281.17913071112906 280.00020786036958 31.321847044000606
269 281.16939541418031 280.00020796788834 31.438603092000449
270 281.15974771529721 280.000208074444 31.554863140000634
271 281.1501868146799 280.00020818003389 31.671723096999813
272 281.14071192015081 280.00020828467473 31.788082001000475
273 281.13132224709403 280.00020838837764 31.9049275819998
274 281.1220170183521 280.00020849114367 32.021194087999902
275 281.1127954641621 280.00020859298559 32.137997636999899
276 281.10365682206719 280.00020869392273 32.254277529000319
277 281.09460033684536 280.00020879393941 32.371012796000286
278 281.08562526041322 280.00020889306455 32.487341699000353
279 281.07673085177623 280.000208991298 32.604053996000403
280 281.06791637693408 280.000209088639 32.720440191999842
281 281.05918110880754 280.00020918511552 32.837178740000127
282 281.05052432718412 280.00020928072126 32.954672200999994
283 281.04194531862208 280.00020937547015 33.071454187000199
284 281.03344337638049 280.00020946936621 33.187778923999758
285 281.0250178003792 280.00020956242008 33.304766019000454
286 281.01666789707969 280.00020965463153 33.421080494999842
287 281.0083929794751 280.00020974602887 33.537823366000339
288 281.00019236697079 280.00020983658874 33.654054558000098
289 280.99206538534645 280.00020992635513 33.77090904600027
290 280.98401136668087 280.00021001530126 33.887197271000332
291 280.97602964929865 280.00021010345188 34.003969101000621
292 280.96811957768233 280.00021019080941 34.120263159999922
293 280.96028050244416 280.00021027737864 34.237023583000337
294 280.95251178021789 280.00021036317867 34.353315819000272
295 280.94481277364338 280.00021044821204 34.470066554999903
296 280.93718285128284 280.00021053247906 34.586302435000107
297 280.92962138756366 280.000210615985 34.703134006000255
298 280.92212776271373 280.00021069875351 34.819397907000166
299 280.91470136270948 280.00021078077123 34.936128486000598
300 280.90734157922975 280.00021086205226 35.052428326000154
301 280.9000478095644 280.00021094260319 35.169163593000121
302 280.89281945660753 280.00021102242977 35.285488276999786
303 280.88565592874744 280.00021110155154 35.402199375999771
304 280.87855663985846 280.00021117995743 35.518558957000096
305 280.87152100922214 280.00021125766011 35.635272504000568
306 280.86454846147166 280.00021133466788 35.751667972000178
307 280.8576384265499 280.00021141098193 35.868409487999998
308 280.85079033966792 280.00021148660835 35.984741621000467
309 280.8440036412112 280.00021156156197 36.101461887000369
310 280.83727777672595 280.00021163584756 36.217757143000199
311 280.83061219687988 280.00021170946252 36.33454079600051
312 280.82400635735524 280.00021178241917 36.450808292000147
313 280.81745971887136 280.00021185472662 36.567597362000015
314 280.81097174706861 280.0002119263832 36.683874909999759
315 280.80454191251005 280.00021199739581 36.800716636999823
316 280.79816969060113 280.00021206776205 36.917026789999909
317 280.79185456158018 280.00021213751137 37.033837734999906
318 280.78559601042707 280.00021220663098 37.150131377000434
319 280.77939352684746 280.00021227513122 37.26695883299999
320 280.77324660520543 280.00021234301903 37.383272996000414
321 280.76715474451794 280.0002124103039 37.500051337000514
322 280.76111744836265 280.00021247697191 37.616322009000214
323 280.75513422486341 280.00021254305943 37.733094829000038
324 280.74920458662535 280.00021260854595 37.849487014999795
325 280.74332805073686 280.00021267344817 37.966260824000528
326 280.73750413865622 280.00021273776389 38.082555455000147
327 280.73173237623587 280.00021280151282 38.199355462999847
328 280.72601229364125 280.00021286469126 38.315755356999944
329 280.72034342532675 280.00021292729741 38.432524165999894
330 280.7147253099879 280.00021298934735 38.548925674999737
331 280.70915749053398 280.00021305083629 38.665680056999918
332 280.70363951401333 280.00021311178023 38.782111514000462
333 280.69817093162658 280.00021317217255 38.898876938000285
334 280.69275129863439 280.00021323203521 39.015221518000544
335 280.68738017436397 280.00021329135257 39.132053088999783
336 280.68205712213916 280.00021335013895 39.248370117000377
337 280.67678170926564 280.00021340839504 39.365199448000567
338 280.67155350696089 280.00021346614398 39.48151303800023
339 280.66637209034906 280.00021352336125 39.598329661000207
340 280.66123703843226 280.00021358007672 39.714660178000486
341 280.6561479340121 280.00021363628343 39.831548156999816
342 280.65110436368508 280.00021369198225 39.947873830999924
343 280.6461059177982 280.00021374718744 40.064679150999837
344 280.64115219042355 280.00021380189304 40.180990761999965
345 280.63624277930836 280.00021385611592 40.297802697000407
346 280.63137728584388 280.00021390985319 40.414155403000223
347 280.62655531504248 280.00021396310865 40.530944524000006
348 280.62177647550305 280.00021401588509 40.647317126999951
349 280.61704037934999 280.00021406818865 40.76410051899984
350 280.61234664223292 280.00021412002025 40.880554686000323
351 280.60769488329913 280.00021417139584 40.997332609000296
352 280.60308472511781 280.00021422231123 41.11371390900058
353 280.59851579368922 280.00021427277034 41.230527458999859
354 280.59398771839813 280.00021432278248 41.346925114000442
355 280.58950013197563 280.00021437234352 41.463716267000564
356 280.58505267049361 280.00021442145299 41.580028033999952
357 280.58064497329758 280.00021447013484 41.696872573999826
358 280.57627668298773 280.0002145183733 41.813170799000545
359 280.57194744542568 280.00021456618697 41.930064038000637
360 280.56765690965983 280.00021461357028 42.046375805000025
361 280.56340472788992 280.00021466053153 42.163214250999772
362 280.55919055550044 280.00021470707833 42.279576384000393
363 280.55501405095021 280.00021475320148 42.396409986000435
364 280.5508748758001 280.00021479892047 42.512736806000248
365 280.54677269466873 280.00021484422723 42.629543740999907
366 280.54270717521064 280.00021488912802 42.74586754000029
367 280.53867798806976 280.00021493362419 42.862641349000114
368 280.53468480685945 280.0002149777319 42.979112026000621
369 280.53072730814762 280.00021502143619 43.095935940000345
370 280.52680517142488 280.00021506475878 43.212282655999843
371 280.52291807906255 280.00021510768408 43.329069903000345
372 280.5190657163061 280.00021515022786 43.445428286000606
373 280.5152477712428 280.0002151923951 43.562221158000284
374 280.5114639347596 280.00021523418201 43.678560739000204
375 280.5077139005474 280.00021527559653 43.795362464999926
376 280.50399736504045 280.00021531664237 43.911803662000239
377 280.50031402743497 280.0002153573252 44.028598149000572
378 280.49666358962372 280.00021539763895 44.144907572000193
379 280.4930457561818 280.00021543759675 44.261744508000447
380 280.48946023435809 280.00021547719786 44.378108203000011
381 280.48590673403311 280.00021551644426 44.49492623200058
382 280.48238496769881 280.00021555533289 44.61125180199997
383 280.47889465045432 280.00021559388756 44.728075456000624
384 280.47543549995169 280.00021563208992 44.844387952000034
385 280.47200723637394 280.00021566995258 44.961291868000444
386 280.46860958245497 280.00021570747413 45.077600511000128
387 280.4652422633979 280.0002157446653 45.194421664999936
388 280.46190500690386 280.00021578152359 45.310824476000562
389 280.45859754310055 280.00021581805112 45.427610577000451
390 280.45531960456776 280.0002158542502 45.544019013000252
391 280.45207092628016 280.00021589012886 45.660789332000604
392 280.4488512456075 280.00021592568316 45.777158288000464
393 280.44566030227497 280.00021596092529 45.89396767100061
394 280.4424978383463 280.00021599585187 46.010411525000563
395 280.43936359821134 280.00021603047617 46.1272255949998
396 280.43625732858476 280.00021606477503 46.24363798900049
397 280.43317877841577 280.00021609878041 46.360465706000468
398 280.43012769894278 280.00021613247617 46.476826484999947
399 280.42710384362869 280.00021616586844 46.593640555000093
400 280.42410696816967 280.00021619897069 46.709981334000076
401 280.42113683043721 280.00021623176735 46.826797487000476
402 280.41819319050069 280.00021626428406 46.943159723999997
403 280.41527581057909 280.00021629650399 47.060071193000113
404 280.41238445502597 280.00021632843192 47.176434472000437
405 280.40951889032038 280.00021636007813 47.29328614699989
406 280.40667888503754 280.00021639144887 47.409621769000296
407 280.40386420983447 280.00021642252779 47.526479382000616
408 280.40107463744221 280.00021645333601 47.643026935999842
409 280.39830994260421 280.00021648387752 47.759877518000394
410 280.39556990213038 280.00021651414124 47.876228765000633
411 280.39285429480014 280.00021654412063 47.993058148000273
412 280.39016290139728 280.00021657385139 48.109516481000355
413 280.38749550468771 280.00021660331055 48.226366542000505
414 280.38485188936886 280.00021663250607 48.342847792000612
415 280.38223184207612 280.00021666144056 48.459674415000336
416 280.3796351513792 280.00021669011539 48.576129779000439
417 280.37706160773422 280.00021671853739 48.693688553999891
418 280.37451100348062 280.00021674670359 48.810177199999998
419 280.3719831328296 280.00021677462439 48.927016376000211
420 280.36947779183549 280.00021680229588 49.043833988000188
421 280.36699477838607 280.00021682972209 49.160631339000247
422 280.36453389219758 280.00021685689211 49.277055712999754
423 280.36209493475815 280.00021688383134 49.393856032999793
424 280.35967770936969 280.00021691052336 49.510217124000519
425 280.35728202107953 280.00021693698739 49.627075362000141
426 280.3549076767053 280.00021696320624 49.74345015200015
427 280.35255448477074 280.00021698919869 49.860253493000528
428 280.35022225556168 280.00021701495666 49.976662971000223
429 280.34791080102616 280.00021704048794 50.093588137000552
430 280.34561993483021 280.00021706578013 50.209915374000047
431 280.34334947228956 280.00021709086406 50.326786424000602
432 280.34109923040199 280.00021711571395 50.443123140000353
433 280.33886902779324 280.00021714034625 50.559995024000273
434 280.33665868473491 280.00021716475948 50.67634080300013
435 280.33446802308725 280.00021718894698 50.793156800000361
436 280.33229686632495 280.00021721292848 50.909577475999868
437 280.33014503951233 280.00021723669926 51.026416808000249
438 280.32801236927412 280.00021726024687 51.142872068000543
439 280.32589868380052 280.00021728359036 51.259723951000524
440 280.3238038128178 280.00021730672216 51.376135303999945
441 280.32172758759458 280.00021732966144 51.492981979000433
442 280.31966984088564 280.00021735237715 51.609339008000461
443 280.31763040697325 280.00021737490886 51.726139068000521
444 280.31560912162541 280.00021739723161 51.842509846999747
445 280.31360582207304 280.00021741935689 51.95935548000034
446 280.31162034701015 280.00021744128162 52.075673706000089
447 280.30965253659173 280.00021746301132 52.192578039000182
448 280.30770223239887 280.00021748455492 52.308984131000216
449 280.30576927742567 280.00021750590003 52.425814764000279
450 280.30385351609107 280.00021752705396 52.542160230000263
451 280.3019547941991 280.00021754802736 52.659004977999757
452 280.30007295895268 280.00021756880614 52.775370027999998
453 280.2982078589045 280.00021758940977 52.892213422000168
454 280.29635934399192 280.00021760982474 53.008571336000387
455 280.29452726546469 280.0002176300577 53.125495617000524
456 280.29271147595961 280.00021765011644 53.24185123999996
457 280.29091182937748 280.00021766998924 53.358691403999728
458 280.2891281809753 280.00021768968611 53.475058173000434
459 280.28736038728243 280.00021770921336 53.591920369000036
460 280.28560830613071 280.00021772855735 53.708340004000092
461 280.28387179662758 280.00021774774171 53.825150583999857
462 280.28215071913428 280.00021776674458 53.941549281000334
463 280.2804449352717 280.0002177855842 54.058386216000144
464 280.27875430789874 280.00021780425675 54.174867413999891
465 280.27707870111203 280.00021782275979 54.291721485999915
466 280.27541798022872 280.0002178411068 54.408120598000096
467 280.27377201175591 280.0002178592884 54.524942638000539
468 280.27214066343566 280.00021787730401 54.641286541000227
469 280.27052380415438 280.00021789515461 54.75814931000059
470 280.26892130400239 280.00021791285968 54.874484099000256
471 280.26733303422606 280.00021793039747 54.991369160999966
472 280.26575886723248 280.00021794778047 55.107716657999845
473 280.26419867655989 280.00021796501449 55.224630262000574
474 280.2626523369027 280.00021798209235 55.341021145000013
475 280.26111972406932 280.00021799901663 55.457893081999828
476 280.25960071497434 280.00021801579305 55.574285528000473
477 280.25809518764839 280.0002180324168 55.691157776000182
478 280.25660302121446 280.00021804889633 55.807525014000021
479 280.25512409587361 280.00021806523546 55.924363043000085
480 280.25365829290524 280.00021808141872 56.040758197000287
481 280.25220549465894 280.00021809746772 56.1576057580005
482 280.2507655845335 280.00021811337155 56.274131645000125
483 280.24933844698256 280.00021812913138 56.390973006999957
484 280.24792396747443 280.00021814475042 56.507379100000435
485 280.24652203253243 280.00021816023343 56.624190930000623
486 280.24513252969211 280.00021817558371 56.740574105000633
487 280.24375534747338 280.0002181907883 56.857371300000523
488 280.24239037543833 280.000218205865 56.973793643000135
489 280.24103750409438 280.0002182208018 57.090608858999985
490 280.23969662496086 280.00021823561781 57.20696448200033
491 280.23836763053174 280.00021825029347 57.323949180999989
492 280.23705041425336 280.00021826484033 57.440283501000522
493 280.23574487052201 280.00021827925855 57.557147624000208
494 280.23445089470039 280.00021829354847 57.673501267000574
495 280.23316838307539 280.0002183077163 57.790352525999879
496 280.23189723286407 280.00021832175918 57.906718617000479
497 280.2306373422258 280.00021833567257 58.023580762000165
498 280.22938861020566 280.00021834946108 58.13997622900024
499 280.22815093677104 280.00021836312789 58.256909624999935
500 280.2269242227834 280.00021837667902 58.37332290500035
501 280.22570836998818 280.0002183901039 58.490157444000033
502 280.22450328102155 280.0002184034193 58.606560254999749
503 280.22330885938806 280.00021841660612 58.723410993000471
504 280.22212500946216 280.00021842967982 58.839793647000079
505 280.22095163646793 280.00021844264336 58.956641364000461
506 280.21978864647804 280.00021845548849 59.073047820999818
507 280.21863594642605 280.00021846821318 59.1898854330002
508 280.21749344405691 280.00021848082872 59.306372308999926
509 280.21636104796113 280.00021849333376 59.423208463000265
510 280.21523866754296 280.0002185057312 59.539605648999895
511 280.21412621301016 280.00021851802353 59.656419875000211
512 280.21302359539368 280.00021853019581 59.772851593000269
513 280.21193072651033 280.00021854226259 59.889657226000054
514 280.21084751896603 280.00021855422426 60.00606107800013
515 280.20977388616109 280.00021856608811 60.122938274999797
516 280.20870974227296 280.00021857783628 60.239295408000544
517 280.20765500222785 280.00021858948196 60.356235835000007
518 280.20660958173551 280.00021860102567 60.472641407000083
519 280.20557339726253 280.00021861247552 60.58951667600013
520 280.20454636601869 280.00021862381448 60.70589224700052
521 280.20352840594342 280.00021863505771 60.822762204000355
522 280.20251943574573 280.0002186461997 60.939140379000492
523 280.20151937482575 280.0002186572504 61.056022732000201
524 280.20052814332684 280.00021866820106 61.17238715700023
525 280.1995456621155 280.00021867904792 61.289279510000597
526 280.19857185274918 280.00021868979968 61.405758937000428
527 280.19760663750327 280.00021870047101 61.522619258999839
528 280.19664993933714 280.00021871102848 61.639009360999808
529 280.19570168192041 280.00021872150847 61.755844473999787
530 280.19476178959161 280.00021873188098 61.872231920000559
531 280.1938301873692 280.00021874217401 61.989084167999863
532 280.1929068009465 280.00021875236644 62.10546223900019
533 280.19199155669128 280.00021876247479 62.222275007000462
534 280.19108438162033 280.00021877249617 62.338825216999794
535 280.19018520340956 280.00021878243115 62.455680746000326
536 280.18929395038475 280.00021879227063 62.572076109000591
537 280.18841055151194 280.00021880202695 62.688923305000571
538 280.18753493640048 280.00021881169886 62.805297208999946
539 280.18666703527896 280.00021882128141 62.922169614000268
540 280.18580677900673 280.00021883078659 63.03853903900017
541 280.18495409907848 280.00021884019611 63.155405767000047
542 280.18410892757385 280.00021884953367 63.27179029600029
543 280.18327119721243 280.00021885878868 63.388838329999999
544 280.18244084130072 280.00021886795918 63.505314787999851
545 280.18161779373554 280.00021887704901 63.622175891000552
546 280.18080198902851 280.0002188860629 63.738555003999863
547 280.17999336225972 280.00021889498771 63.855393189000097
548 280.17919184910227 280.0002189038434 63.971862563999821
549 280.1783973858042 280.00021891260712 64.08868543600056
550 280.17760990917634 280.00021892130513 64.20509220599979
551 280.17682935661469 280.00021892992976 64.321972839999944
552 280.17605566605408 280.00021893847355 64.43844653799988
553 280.17528877599784 280.00021894695374 64.556147711999984
554 280.17452862551551 280.0002189553428 64.672640472999774
555 280.17377515419395 280.00021896366013 64.789486419000241
556 280.17302830217955 280.00021897191618 64.906270749000214
557 280.17228801015568 280.00021898008504 65.023149247999754
558 280.17155421933211 280.0002189881904 65.139543881000463
559 280.17082687144949 280.00021899623323 65.256449307999901
560 280.17010590876714 280.00021900418938 65.372863057000359
561 280.16939127406238 280.00021901208021 65.489827911999782
562 280.1686829106319 280.00021901990249 65.606248326999776
563 280.16798076227485 280.00021902765809 65.723150785000144
564 280.16728477329599 280.0002190353473 65.839536251000027
565 280.16659488851008 280.00021904296398 65.956462512000144
566 280.16591105319998 280.00021905051909 66.072827249000511
567 280.16523321316686 280.00021905800293 66.189745905000564
568 280.16456131467919 280.00021906541855 66.306171424999775
569 280.16389530451107 280.00021907277693 66.423070548999931
570 280.16323512988401 280.00021908006624 66.539594717
571 280.16258073850997 280.0002190872944 66.656448892000299
572 280.16193207857674 280.0002190944553 66.772862171999805
573 280.16128909871168 280.00021910155459 66.889711920000082
574 280.16065174802793 280.00021910859255 67.006161295000311
575 280.16001997608015 280.00021911557064 67.123012814000504
576 280.15939373289092 280.00021912248906 67.239425937000306
577 280.15877296890693 280.00021912934068 67.356276987999991
578 280.15815763504423 280.00021913614177 67.47276318600052
579 280.15754768264196 280.00021914288232 67.589601215000584
580 280.15694306348314 280.00021914955687 67.705995432000236
581 280.15634372978951 280.00021915617492 67.822894607999842
582 280.15574963419107 280.00021916273636 67.939319398999942
583 280.15516072976419 280.00021916924197 68.056185033000475
584 280.15457696998885 280.00021917568915 68.172617375999835
585 280.15399830877726 280.00021918207619 68.289500198000496
586 280.15342470044249 280.00021918841435 68.405915768999876
587 280.15285609972614 280.00021919469208 68.522872133999954
588 280.1522924617521 280.00021920092297 68.639270466000198
589 280.1517337420579 280.00021920709094 68.756146986000203
590 280.15117989657818 280.00021921320609 68.872527973000615
591 280.15063088164305 280.00021921926839 68.989421160000347
592 280.1500866539804 280.00021922527981 69.105806158000632
593 280.14954717070503 280.00021923123228 69.222662000000128
594 280.14901238929394 280.00021923714593 69.339146948000234
595 280.14848226763974 280.00021924300142 69.456008154999836
596 280.1479567639912 280.00021924879729 69.572514561999924
597 280.14743583697322 280.00021925455121 69.689344309000262
598 280.14691944559314 280.00021926025232 69.805767746000129
599 280.14640754921425 280.00021926591177 69.922582076999788
600 280.14590010756962 280.00021927151175 70.039012596000248
601 280.1453970807471 280.00021927706604 70.155891408000571
602 280.14489842920676 280.00021928257991 70.27233135500046
603 280.14440411374778 280.00021928803147 70.389206415999979
604 280.14391409553241 280.00021929344621 70.505622092000522
605 280.14342833606014 280.00021929880859 70.62257460300043
606 280.14294679717557 280.0002193041251 70.738957569000377
607 280.14246944108294 280.00021930939954 70.855862371000512
608 280.14199623031078 280.00021931462709 70.972285546999956
609 280.14152712772528 280.00021931979796 71.089142638999874
610 280.14106209653232 280.0002193249411 71.205526960000498
611 280.14060110025224 280.00021933003575 71.322449158000381
612 280.14014410275638 280.00021933508339 71.438828166000349
613 280.13969106821656 280.00021934007844 71.555801458000133
614 280.13924196114129 280.0002193450452 71.672182080999846
615 280.13879674634518 280.00021934996465 71.78904089200023
616 280.13835538896842 280.00021935483613 71.90546193299997
617 280.13791785447097 280.00021935966635 72.022307254000225
618 280.13748410859597 280.00021936445802 72.138740950999818
619 280.13705411741694 280.00021936920638 72.255582730000242
620 280.13662784730548 280.00021937390557 72.372071896999842
621 280.13620526493889 280.00021937857861 72.488919197000541
622 280.13578633727747 280.00021938320481 72.605422999999973
623 280.13537103160326 280.00021938779082 72.722267592000208
624 280.13495931546424 280.00021939234091 72.838678476000496
625 280.13455115671957 280.00021939685018 72.955531349000012
626 280.13414652350798 280.00021940131785 73.071901451000485
627 280.13374538425359 280.00021940574771 73.188794481000514
628 280.13334770766971 280.00021941014586 73.305217916999936
629 280.13295346274157 280.00021941450041 73.422105583000302
630 280.13256261873369 280.00021941881005 73.53850521700042
631 280.13217514520517 280.00021942310059 73.655469602999801
632 280.13179101195749 280.00021942734503 73.771886372000154
633 280.13141018908487 280.00021943154303 73.888766173000477
634 280.13103264694439 280.00021943571807 74.005201902000408
635 280.13065835615117 280.00021943984416 74.122068681000201
636 280.13028728759559 280.00021944394297 74.238451752000401
637 280.12991941241478 280.00021944801273 74.355350564000219
638 280.12955470202473 280.0002194520315 74.471749052000632
639 280.12919312808128 280.00021945602964 74.588599217000592
640 280.12883466250219 280.00021945999669 74.705092707000404
641 280.12847927745912 280.00021946392127 74.821937403000447
642 280.12812694536029 280.00021946780498 74.938367245000336
643 280.12777763887283 280.00021947166852 75.055226317000233
644 280.12743133090072 280.00021947548868 75.171653033999974
645 280.12708799461109 280.00021947928332 75.288499240999954
646 280.12674760337865 280.0002194830351 75.404938771000161
647 280.12641013084851 280.00021948676476 75.521798675999889
648 280.12607555088522 280.00021949046624 75.63817987099992
649 280.12574383758391 280.00021949412076 75.755133163999744
650 280.12541496528956 280.00021949776027 75.871572224999909
651 280.125088908566 280.00021950135806 75.988491038000575
652 280.1247656422085 280.00021950493613 76.104871086999992
653 280.12444514122029 280.00021950846627 76.221747399000378
654 280.12412738086499 280.00021951198005 76.338186200000564
655 280.12381233659119 280.00021951546051 76.455097146999833
656 280.12349998409331 280.00021951891148 76.571492771000521
657 280.12319029927238 280.00021952232976 76.688441323000006
658 280.12288325824511 280.00021952572388 76.804832726999848
659 280.12257883735009 280.00021952908264 76.921669923000081
660 280.12227701313174 280.00021953242208 77.038128463999783
661 280.12197776234575 280.00021953571832 77.154970035000588
662 280.12168106194781 280.00021953899881 77.271461649999765
663 280.12138688913132 280.00021954225082 77.388319835999937
664 280.1210952212457 280.00021954547805 77.504756813999848
665 280.12080603588447 280.00021954866264 77.621623021000232
666 280.1205193108209 280.00021955183064 77.738181147999967
667 280.1202350240377 280.00021955497323 77.855045688000246
668 280.11995315371064 280.00021955808586 77.971530583999993
669 280.119673678212 280.00021956116262 78.0884076250004
670 280.11939657611288 280.00021956422762 78.204938616000618
671 280.1191218261614 280.00021956725709 78.321839770999759
672 280.11884940731511 280.00021957026962 78.438275812000029
673 280.11857929869717 280.00021957325623 78.555213270000422
674 280.11831147965864 280.00021957621306 78.671646030000375
675 280.11804592968355 280.0002195791447 78.788626979000583
676 280.11778262847986 280.00021958205144 78.904990310000358
677 280.11752155591438 280.00021958493664 79.021946310000203
678 280.11726269205724 280.00021958779496 79.138500218000445
679 280.1170060171325 280.00021959063309 79.255494240000189
680 280.11675151155089 280.00021959343729 79.371948927000631
681 280.11649915591522 280.00021959622751 79.488868573000218
682 280.11624893097235 280.0002195989893 79.60531654100032
683 280.11600081765692 280.00021960172955 79.722174153999731
684 280.11575479708495 280.00021960445036 79.838672122999924
685 280.11551085052491 280.00021960714713 79.955572706000567
686 280.11526895942512 280.00021960981576 80.071990205000475
687 280.11502910538843 280.00021961246608 80.188949381999919
688 280.11479127019686 280.00021961509219 80.306536803000199
689 280.11455543577489 280.00021961769477 80.423512596000364
690 280.11432158424077 280.00021962027824 80.540018691000114
691 280.11408969784003 280.00021962283671 80.657163445000151
692 280.1138597589989 280.00021962537056 80.773732614000437
693 280.11363175028947 280.00021962789668 80.890642884000044
694 280.11340565445192 280.00021963039109 81.007118978000108
695 280.11318145436792 280.00021963286883 81.124038310999822
696 280.11295913308214 280.00021963532288 81.240465185000176
697 280.11273867379316 280.0002196377535 81.357433998000488
698 280.11252005983272 280.00021964017509 81.473851079999804
699 280.11230327470196 280.00021964256501 81.59079926800041
700 280.11208830204214 280.00021964493476 81.707214996000403
701 280.11187512564936 280.00021964729251 81.824237509000341
702 280.11166372944467 280.00021964963258 81.940654330000143
703 280.11145409751833 280.00021965194298 82.05757392400028
704 280.11124621407089 280.00021965423986 82.174019808000594
705 280.11104006349348 280.00021965651422 82.290956225000627
706 280.11083563025915 280.00021965876635 82.407508258000234
707 280.11063289902938 280.00021966100383 82.524425768000583
708 280.1104318545747 280.00021966323169 82.640946811000504
709 280.11023248182045 280.00021966542943 82.757841403999919
710 280.11003476579543 280.00021966760931 82.874380987999757
711 280.10983869170741 280.00021966978187 82.991316989000552
712 280.10964424486355 280.00021967193015 83.107768603000295
713 280.10945141072108 280.00021967405701 83.224686686000496
714 280.10926017484422 280.00021967617045 83.341206895000141
715 280.10907052295676 280.00021967826774 83.458138259000407
716 280.10888244089307 280.0002196803423 83.574627009999858
717 280.10869591460875 280.000219682406 83.691574625000612
718 280.1085109302096 280.00021968444889 83.808025248999911
719 280.10832747389537 280.0002196864686 83.925026562999847
720 280.10814553200737 280.00021968847813 84.041537500999766
721 280.10796509102647 280.00021969047378 84.15848423100033
722 280.10778613750375 280.00021969245336 84.274927303000368
723 280.10760865816565 280.00021969441343 84.391903773000195
724 280.10743263982192 280.00021969635577 84.508317782000631
725 280.10725806942111 280.00021969828339 84.625376648999918
726 280.1070849340058 280.00021970020174 84.741812168999786
727 280.10691322076849 280.00021970209377 84.858705043000555
728 280.10674291698399 280.00021970398109 84.975293067000166
729 280.10657401006313 280.00021970584345 85.092180368000299
730 280.10640648751132 280.00021970769183 85.208676930000365
731 280.10624033696377 280.00021970952332 85.325640900000508
732 280.10607554615967 280.00021971134822 85.442130119000467
733 280.10591210294331 280.00021971314868 85.559077838000121
734 280.1057499952733 280.00021971493612 85.6755520050001
735 280.10558921121361 280.00021971671345 85.792461285000172
736 280.10542973893888 280.00021971848275 85.909026235000056
737 280.10527156672265 280.00021972023154 86.025949161999961
738 280.10511468295425 280.00021972195884 86.142404578000423
739 280.10495907611187 280.00021972367568 86.259306203000051
740 280.10480473479788 280.00021972538406 86.375847610000164
741 280.10465164769761 280.00021972707611 86.492784079000558
742 280.10449980361096 280.00021972874868 86.609259130999817
743 280.10434919142318 280.00021973041135 86.726196902000083
744 280.10419980013688 280.00021973206134 86.842660964000061
745 280.10405161884972 280.00021973369752 86.959741810999731
746 280.10390463673701 280.00021973532262 87.076175040000635
747 280.10375884309497 280.00021973693629 87.193142654999974
748 280.10361422731722 280.00021973852802 87.309602654000628
749 280.10347077887457 280.0002197401102 87.426571572000285
750 280.10332848732992 280.00021974168095 87.543032456999754
751 280.10318734237023 280.00021974324591 87.659942050000609
752 280.10304733374096 280.00021974479017 87.776464499000213
753 280.10290845129077 280.00021974632261 87.893357634000495
754 280.10277068497987 280.0002197478496 88.009956126000361
755 280.10263402482423 280.00021974935316 88.126880355000139
756 280.10249846095149 280.0002197508548 88.243432387999746
757 280.10236398357279 280.00021975233432 88.360368180000478
758 280.10223058299283 280.00021975380696 88.476847554999949
759 280.10209824957923 280.00021975527028 88.593785793999814
760 280.10196697382116 280.00021975671723 88.710268659000576
761 280.1018367462645 280.00021975815872 88.827214920000188
762 280.10170755756235 280.00021975958856 88.943676689999847
763 280.10157939842696 280.00021976100663 89.060681181000291
764 280.10145225967671 280.00021976241158 89.177143316000183
765 280.10132613219076 280.00021976380111 89.294115151000369
766 280.10120100695985 280.0002197651844 89.410595672000454
767 280.10107687502648 280.00021976654995 89.527549901000384
768 280.10095372751994 280.00021976791317 89.644025266000426
769 280.10083155566366 280.00021976925899 89.760990485000548
770 280.10071035075146 280.00021977058998 89.877450900999975
771 280.10059010414801 280.00021977192733 89.994609667000077
772 280.1004708072935 280.00021977325531 90.111073521000435
773 280.10035245173026 280.00021977455128 90.22802493800009
774 280.10023502904312 280.00021977585607 90.344611137999891
775 280.10011853091498 280.00021977714363 90.461546201000601
776 280.10000294909378 280.00021977841487 90.578117297000063
777 280.099888275404 280.00021977968447 90.695056317999843
778 280.09977450174495 280.00021978094145 90.811582360000102
779 280.09966162008925 280.00021978219451 90.928515964000326
780 280.099549622469 280.00021978342164 91.045118259000446
781 280.09943850101388 280.00021978465134 91.162065770000481
782 280.09932824788979 280.00021978586966 91.278581083000063
783 280.09921885536437 280.00021978708793 91.395538229000522
784 280.09911031576712 280.00021978827789 91.512014011000247
785 280.09900262145908 280.00021978946666 91.628960947999985
786 280.09889576493867 280.00021979064934 91.745418448000237
787 280.09878973871474 280.00021979182213 91.862382574000549
788 280.09868453538365 280.00021979297753 91.978876897000191
789 280.09858014761619 280.00021979413611 92.095928733000619
790 280.09847656812883 280.00021979527793 92.212420138999732
791 280.09837378973106 280.00021979641309 92.329402495000068
792 280.09827180525372 280.00021979753029 92.445875203000469
793 280.09817060764288 280.00021979865204 92.562871517000531
794 280.0980701898734 280.00021979976884 92.679340161999789
795 280.09797054499677 280.00021980086802 92.796308558999954
796 280.09787166611136 280.00021980196124 92.912773975000164
797 280.09777354640585 280.00021980304365 93.029749299000287
798 280.0976761790991 280.00021980412441 93.146311072000572
799 280.0975795574987 280.00021980518545 93.263278062000609
800 280.09748367495166 280.00021980624342 93.379805614999896
801 280.09738852487067 280.00021980730105 93.496716927000307
802 280.0972941007239 280.0002198083443 93.613223385999845
803 280.09720039605151 280.00021980937072 93.730183032999776
804 280.09710740443813 280.000219810396 93.846765952000169
805 280.0970151195346 280.00021981141634 93.963762109000527
806 280.09692353504499 280.00021981242355 94.080314194000493
807 280.09683264471442 280.00021981343946 94.197259934000613
808 280.09674244237789 280.00021981443558 94.313804727000388
809 280.09665292189607 280.00021981541732 94.430786300999898
810 280.09656407720109 280.0002198164064 94.547269999000491
811 280.09647590227166 280.00021981737308 94.664262250999855
812 280.09638839113433 280.00021981833851 94.780738604999897
813 280.09630153789305 280.00021981930144 94.897859296999741
814 280.09621533667541 280.00021982025885 95.014515446000587
815 280.0961297816865 280.00021982119955 95.131555928000125
816 280.09604486716017 280.0002198221307 95.248044574000232
817 280.09596058741209 280.000219823061 95.365073961999769
818 280.09587693677378 280.00021982399295 95.481568285000321
819 280.0957939096408 280.0002198249025 95.59853126500002
820 280.09571150048146 280.00021982581364 95.715033608999875
821 280.09562970378022 280.00021982671541 95.832004349000272
822 280.09554851409649 280.00021982761552 95.948548361000576
823 280.09546792601463 280.00021982850825 96.066224743000021
824 280.09538793418949 280.00021982938603 96.182871934000104
825 280.09530853332194 280.00021983026744 96.299851737000608
826 280.09522971813385 280.00021983113754 96.417031388999931
827 280.09515148342643 280.00021983199304 96.533979837000516
828 280.09507382403228 280.00021983285552 96.650526974000059
829 280.09499673483782 280.00021983370459 96.767502036999758
830 280.09492021076318 280.00021983455548 96.883948546999818
831 280.09484424678266 280.00021983538852 97.000954653000008
832 280.09476883792388 280.00021983622469 97.11755585300034
833 280.09469397923323 280.00021983705017 97.23460742899988
834 280.09461966583314 280.00021983787343 97.35115013900031
835 280.09454589286173 280.00021983868999 97.468128223000349
836 280.09447265552075 280.00021983949239 97.584603639000306
837 280.09439994905 280.0002198402957 97.701557921000131
838 280.09432776872239 280.00021984110174 97.818029744000341
839 280.0942561098654 280.00021984188123 97.934967046000565
840 280.09418496783235 280.00021984267204 98.0514723590004
841 280.0941143380457 280.00021984344721 98.168452891000015
842 280.09404421594644 280.00021984422926 98.285048622999966
843 280.09397459701586 280.00021984499358 98.402104626000437
844 280.09390547679277 280.0002198457571 98.518629158000294
845 280.09383685084032 280.00021984650965 98.635624221999933
846 280.09376871476434 280.00021984726078 98.752172765000068
847 280.09370106421096 280.00021984800679 98.869119234000209
848 280.0936338948772 280.00021984874439 98.985702153000602
849 280.09356720247632 280.00021984948637 99.102634664000107
850 280.09350098277713 280.00021985021601 99.219283053000254
851 280.09343523158373 280.00021985094418 99.336231657000098
852 280.09336994472494 280.00021985166882 99.452765200000613
853 280.09330511809395 280.00021985238465 99.569711930000267
854 280.09324074759337 280.0002198530957 99.686209638000037
855 280.09317682916941 280.00021985380198 99.803204181000183
856 280.09311335881949 280.00021985449888 99.919678088000182
857 280.09305033255248 280.00021985519743 100.03667408900037
858 280.09298774643645 280.00021985588967 100.1531338800005
859 280.09292559656996 280.0002198565727 100.27019050800027
860 280.09286387906741 280.00021985725562 100.38678462500047
861 280.09280259009915 280.00021985793654 100.50379515799978
862 280.09274172585742 280.00021985860542 100.62031120000029
863 280.09268128257651 280.00021985927049 100.73729501399976
864 280.09262125652907 280.00021985993419 100.85382079600004
865 280.09256164400438 280.000219860595 100.97076507800011
866 280.09250244134211 280.00021986124239 101.08728898499976
867 280.09244364490132 280.00021986189387 101.20424196500062
868 280.09238525107486 280.00021986254535 101.32086801000059
869 280.09232725630665 280.00021986318546 101.43784718799998
870 280.09226965704966 280.0002198638166 101.5543956270003
871 280.09221244979113 280.00021986444978 101.67136970000047
872 280.09215563106812 280.00021986508142 101.78789329499978
873 280.09209919742756 280.00021986570096 101.90483627400044
874 280.09204314546207 280.00021986632015 102.02138205699976
875 280.091987471783 280.00021986693696 102.13832222400015
876 280.09193217305028 280.00021986754291 102.25481014100023
877 280.09187724592783 280.0002198681546 102.37192546799997
878 280.09182268713005 280.00021986875339 102.48840973900042
879 280.09176849339292 280.00021986935616 102.6054111049998
880 280.09171466148655 280.0002198699508 102.72190073999991
881 280.09166118820048 280.00021987053333 102.83887981400039
882 280.09160807035778 280.00021987113405 102.95538971099995
883 280.09155530481326 280.00021987171095 103.0723768580001
884 280.09150288845007 280.00021987228627 103.18887461899976
885 280.09145081817883 280.00021987286135 103.30593609000061
886 280.09139909093028 280.00021987343325 103.42245228899992
887 280.09134770367115 280.00021987399992 103.5394333940003
888 280.09129665339242 280.00021987456898 103.65599011500035
889 280.09124593711061 280.00021987512724 103.7729657509999
890 280.09119555187289 280.00021987568891 103.88947913700031
891 280.0911454947468 280.00021987624075 104.00645993000035
892 280.09109576283834 280.0002198767794 104.12296836800033
893 280.0910463532594 280.00021987733101 104.23994369200045
894 280.09099726316771 280.00021987787579 104.35658890400009
895 280.09094848973342 280.00021987841671 104.47354344599989
896 280.09090003015922 280.00021987894473 104.59008662399992
897 280.09085188166853 280.00021987948031 104.70703804100049
898 280.09080404151564 280.00021988001487 104.82355793799979
899 280.09075650696872 280.00021988053311 104.94054581399996
900 280.09070927533469 280.00021988105857 105.05708086699997
901 280.09066234393293 280.00021988156664 105.17407494200052
902 280.09061571010744 280.00021988208681 105.29064020399983
903 280.09056937123682 280.0002198825963 105.40773245800028
904 280.0905233247106 280.00021988311568 105.52424047900058
905 280.09047756794706 280.00021988361158 105.64124288699986
906 280.09043209838819 280.00021988411498 105.7577450230001
907 280.09038691349974 280.00021988461305 105.87474977400052
908 280.09034201076958 280.00021988511583 105.99128842099981
909 280.09029738770312 280.00021988560275 106.10824895299993
910 280.09025304183194 280.00021988609194 106.22476593300053
911 280.09020897071224 280.00021988658887 106.34175542400044
912 280.09016517192293 280.00021988706442 106.45836834300007
913 280.09012164305693 280.00021988754008 106.57533095899998
914 280.09007838173198 280.00021988801922 106.69186736600022
915 280.09003538559307 280.00021988849784 106.80883091899977
916 280.0899926522967 280.00021988897493 106.92534248199991
917 280.08995017952924 280.00021988944007 107.04229551400022
918 280.08990796499717 280.00021988990852 107.15881160800018
919 280.08986600641373 280.00021989037469 107.27581458900022
920 280.08982430153594 280.00021989082887 107.39243235200047
921 280.08978284811042 280.00021989128555 107.50940132200049
922 280.08974164394596 280.00021989174411 107.62589455099987
923 280.08970068682345 280.00021989219459 107.742877271
924 280.08965997457943 280.00021989264667 107.85939133400007
925 280.08961950505932 280.00021989309334 107.9764200970003
926 280.08957927611789 280.00021989353473 108.09291171200039
927 280.08953928564091 280.00021989397953 108.20994187999986
928 280.08949953153558 280.00021989442172 108.32648266300021
929 280.08946001170909 280.0002198948456 108.44358257299973
930 280.08942072411037 280.00021989528864 108.5601034070005
931 280.08938166669049 280.00021989572298 108.67709560599997
932 280.08934283742207 280.00021989614635 108.79360946100041
933 280.08930423430405 280.00021989658171 108.91055681600028
934 280.08926585535431 280.00021989700366 109.02713723400029
935 280.08922769858083 280.0002198974276 109.14411370400012
936 280.08918976204848 280.00021989784437 109.26066985200032
937 280.0891520438193 280.00021989826109 109.37763434200042
938 280.08911454197062 280.00021989867093 109.49423366700012
939 280.08907725460557 280.00021989908385 109.6112127410006
940 280.08904017983372 280.00021989948982 109.72774560700054
941 280.08900331579378 280.00021989990415 109.84469202400032
942 280.0889666606277 280.00021990030086 109.96122926499993
943 280.08893021251157 280.00021990069962 110.07818901500013
944 280.08889396961973 280.00021990110088 110.19468302600035
945 280.08885793015781 280.00021990150219 110.31170173600003
946 280.08882209232985 280.00021990190385 110.42824574800034
947 280.08878645437841 280.00021990228976 110.54534675200011
948 280.08875101454475 280.00021990268436 110.66196196300007
949 280.08871577109647 280.00021990307266 110.77900786100054
950 280.08868072230126 280.00021990346676 110.8955251540001
951 280.08864586645694 280.00021990384778 111.01255370800027
952 280.08861120188106 280.000219904228 111.12904011400042
953 280.0885767268843 280.00021990460834 111.24604731399995
954 280.08854243981619 280.00021990498914 111.36257361700063
955 280.08850833902085 280.00021990536362 111.47954680500061
956 280.08847442287504 280.00021990573896 111.5961519120001
957 280.08844068975321 280.00021990611401 111.71308822500032
958 280.08840713806205 280.0002199064831 111.83082856600049
959 280.08837376621028 280.00021990685752 111.94795738300036
960 280.08834057262453 280.00021990721996 112.0645208220003
961 280.08830755574388 280.00021990758631 112.18171203600014
962 280.08827471401924 280.00021990794772 112.29825979799989
963 280.08824204592355 280.00021990830345 112.41523626700018
964 280.08820954994462 280.00021990866816 112.53181715499977
965 280.08817722455984 280.00021990902553 112.64880274000006
966 280.08814506829884 280.00021990937137 112.76534925099986
967 280.08811307966789 280.00021990972709 112.88231223100047
968 280.08808125720731 280.00021991007162 112.99886379500003
969 280.08804959947253 280.00021991042678 113.11586167200039
970 280.08801810501541 280.00021991078029 113.23237005800001
971 280.08798677241845 280.0002199111247 113.34942277900063
972 280.08795560025737 280.00021991146281 113.46595168600015
973 280.08792458714834 280.00021991180427 113.58304404400042
974 280.08789373168787 280.00021991214646 113.69956644100057
975 280.08786303252037 280.00021991248894 113.81657994200032
976 280.08783248826188 280.00021991282239 113.93308744299975
977 280.08780209757083 280.00021991316618 114.05015006000031
978 280.08777185911379 280.00021991350434 114.16667313400012
979 280.08774177155613 280.00021991382408 114.28367116699974
980 280.08771183358562 280.0002199141552 114.40026866900007
981 280.08768204391072 280.00021991449051 114.51722993000021
982 280.08765240121511 280.00021991482294 114.63383561000046
983 280.08762290424255 280.00021991513859 114.75078661000043
984 280.08759355171401 280.00021991547322 114.86734822700055
985 280.08756434237182 280.00021991578882 114.98430084200027
986 280.08753527497601 280.00021991611038 115.10081401900061
987 280.08750634829158 280.00021991642836 115.21776507200047
988 280.08747756109335 280.00021991674896 115.33435017800002
989 280.08744891216332 280.00021991706473 115.45132180400014
990 280.08742040031484 280.00021991738066 115.56782503400063
991 280.08739202433651 280.00021991769461 115.68487879700024
992 280.08736378306628 280.00021991799827 115.80139015199984
993 280.08733567533079 280.00021991830613 115.91840417399999
994 280.08730769996635 280.00021991862587 116.03490995599986
995 280.08727985582192 280.00021991893243 116.15190335300031
996 280.08725214176843 280.00021991923626 116.26840929100035
997 280.08722455666833 280.00021991953719 116.38547498099979
998 280.08719709941323 280.0002199198438 116.50196612699983
999 280.08716976888434 280.00021992015161 116.61904718300048
1000 280.08714256398861 280.00021992044935 116.73554937100016
