iterat. internal-T external-T elapsed-time
0 300 280 0.037217999808490276
1 299.20000000000209 280.00000883530828 0.063819000497460365
2 298.52813741741465 280.0000162554802 0.087160000577569008
3 297.94710600454084 280.00002267244128 0.11026600003242493
4 297.43349718286822 280.00002834482387 0.13412000052630901
5 296.97180041472768 280.00003344388188 0.15788399986922741
6 296.55130638030369 280.00003808785146 0.18163000047206879
7 296.16435677203702 280.00004236138 0.20496700052171946
8 295.80530500684262 280.00004632679469 0.22837099991738796
9 295.46987441645433 280.0000500313385 0.2517510000616312
10 295.1547486461829 280.00005351164725 0.27530100010335445
11 294.85730236363042 280.00005679668254 0.29861100018024445
12 294.57541936238073 280.0000599098496 0.32235600054264069
13 294.30736659798487 280.00006287027696 0.34660100005567074
14 294.05170493986736 280.00006569383004 0.37130100000649691
15 293.80722459684307 280.00006839389732 0.40380800049751997
16 293.57289749130427 280.00007098183289 0.42870200052857399
17 293.34784151461292 280.00007346739824 0.45365700032562017
18 293.13129326991884 280.00007585898351 0.47801399976015091
19 292.9225869841606 280.00007816395964 0.50170600041747093
20 292.7211379769592 280.00008038880031 0.52516200020909309
21 292.52642954511833 280.0000825391823 0.54891599994152784
22 292.3380024426238 280.00008462019122 0.57235000003129244
23 292.15544635734545 280.00008663637988 0.59563800040632486
24 291.97839294191783 280.00008859176404 0.61882099974900484
25 291.80651006684877 280.00009049007207 0.64252599980682135
26 291.63949704460407 280.000092334599 0.66609300021082163
27 291.47708063188134 280.00009412833532 0.6893520001322031
28 291.3190116608244 280.00009587407925 0.71245899982750416
29 291.16506218270166 280.000097574319 0.73596000019460917
30 291.01502303191609 280.00009923137009 0.75943600013852119
31 290.8687017374545 280.0001008473605 0.78248200006783009
32 290.72592072306082 280.00010242426447 0.80591200012713671
33 290.58651574885505 280.00010396386887 0.82931600045412779
34 290.45033455613049 280.00010546787877 0.8528049997985363
35 290.31723568386531 280.00010693783724 0.87633700016885996
36 290.1870874310722 280.000108375217 0.89936200063675642
37 290.05976694369298 280.00010978135663 0.92251299973577261
38 289.93515940824142 280.0001111575358 0.94599699974060059
39 289.81315733741064 280.0001125049489 0.96920000016689301
40 289.69365993502521 280.00011382469063 0.99230500031262636
41 289.57657253000707 280.00011511782549 1.016057999804616
42 289.46180607025047 280.00011638531862 1.0395459998399019
43 289.34927666900603 280.00011762811204 1.0628190003335476
44 289.2389051971781 280.0001188470668 1.086366000585258
45 289.1306169159223 280.00012004301698 1.1096360003575683
46 289.0243411450254 280.00012121673865 1.1338940002024174
47 288.92001096260805 280.00012236898613 1.158390000462532
48 288.81756293285207 280.00012350043039 1.1819240003824234
49 288.71693685846623 280.00012461176163 1.2052950002253056
50 288.61807555530538 280.00012570360002 1.2289709998294711
51 288.52092464675098 280.00012677655076 1.2524540005251765
52 288.42543237567912 280.0001278311824 1.2759899999946356
53 288.33154943240527 280.0001288680316 1.2992480006068945
54 288.23922879678878 280.00012988763194 1.3224170003086329
55 288.14842559324131 280.00013089047707 1.3456640001386404
56 288.05909695726547 280.00013187703354 1.3689700001850724
57 287.97120191254055 280.00013284776179 1.3920820001512766
58 287.88470125742799 280.00013380308286 1.4155550003051758
59 287.79955746018925 280.00013474342984 1.438918000087142
60 287.71573456191635 280.00013566917687 1.4627299997955561
61 287.63319808667546 280.00013658072004 1.4863929999992251
62 287.55191495810624 280.00013747842473 1.5099269999191165
63 287.47185342198662 280.00013836263565 1.5336880004033446
64 287.39298297421118 280.00013923368851 1.557289999909699
65 287.31527429371067 280.00014009191312 1.5807330003008246
66 287.2386991799836 280.00014093761519 1.6041950006037951
67 287.16323049476819 280.0001417711166 1.6275800000876188
68 287.08884210758038 280.00014259266499 1.651486000046134
69 287.01550884479173 280.0001434025686 1.675250000320375
70 286.94320644197671 280.00014420109557 1.6988129997625947
71 286.871911499232 280.00014498848418 1.7222509998828173
72 286.80160143935086 280.0001457650057 1.7457010000944138
73 286.73225446850091 280.00014653087891 1.7686590002849698
74 286.66384953932288 280.00014728635119 1.7921339999884367
75 286.59636631619372 280.00014803165084 1.8152250004932284
76 286.52978514261667 280.00014876698225 1.838723000138998
77 286.46408701040883 280.00014949255632 1.8618390001356602
78 286.39925353073482 280.00015020859024 1.885602000169456
79 286.33526690674404 280.00015091526109 1.9090240001678467
80 286.27210990775018 280.00015161277912 1.9323720000684261
81 286.20976584485095 280.00015230130987 1.9558960003778338
82 286.14821854782889 280.00015298105183 1.9792849998921156
83 286.08745234336743 280.00015365215648 2.0026510003954172
84 286.02745203433903 280.00015431482188 2.0259500006213784
85 285.96820288027584 280.00015496917723 2.0493160001933575
86 285.90969057878567 280.00015561539931 2.0730410004034638
87 285.85190124793621 280.00015625363432 2.0965360002592206
88 285.79482140952604 280.00015688402829 2.1198160005733371
89 285.73843797323048 280.00015750674106 2.1432389998808503
90 285.68273822148586 280.00015812189986 2.1665740003809333
91 285.62770979513431 280.00015872963485 2.1897490005940199
92 285.57334067974904 280.0001593300999 2.2128760004416108
93 285.51961919263346 280.00015992340423 2.2364150006324053
94 285.46653397043514 280.00016050969003 2.2597219999879599
95 285.4140739572876 280.00016108906374 2.2831930005922914
96 285.36222839356986 280.0001616616558 2.3065100004896522
97 285.31098680516379 280.00016222757415 2.3298169998452067
98 285.26033899313734 280.00016278693266 2.353362999856472
99 285.21027502398249 280.00016333984826 2.3769350005313754
100 285.16078522018518 280.00016388642121 2.4004060002043843
101 285.11186015134024 280.00016442675701 2.4236690001562238
102 285.06349062549566 280.00016496094963 2.4469670001417398
103 285.01566768099207 280.00016548910963 2.4700800003483891
104 284.96838257859594 280.0001660113353 2.4939500000327826
105 284.9216267939637 280.00016652771166 2.5174010004848242
106 284.87539201046241 280.0001670383279 2.5407830001786351
107 284.82967011219802 280.00016754328891 2.5639490000903606
108 284.78445317746338 280.00016804267926 2.5875209998339415
109 284.73973347230162 280.000168536567 2.610700000077486
110 284.69550344446333 280.00016902505263 2.6344969999045134
111 284.65175571750405 280.00016950820697 2.6578560005873442
112 284.60848308519871 280.00016998611187 2.6813340000808239
113 284.56567850608531 280.00017045886204 2.704454000107944
114 284.52333509830015 280.00017092650745 2.7278920002281666
115 284.48144613460227 280.0001713891341 2.7511980002745986
116 284.44000503751136 280.00017184682309 2.7747659999877214
117 284.39900537473994 280.00017229961674 2.7979020001366735
118 284.35844085472428 280.000172747627 2.8211240004748106
119 284.31830532235443 280.00017319088886 2.8444330003112555
120 284.27859275483098 280.00017362948012 2.8677540002390742
121 284.23929725772638 280.00017406346319 2.8913989998400211
122 284.20041306115957 280.00017449290095 2.9146659998223186
123 284.16193451606949 280.00017491786792 2.9381349999457598
124 284.12385609073095 280.00017533840207 2.9615700002759695
125 284.08617236728372 280.00017575459458 2.9850980006158352
126 284.04887803844076 280.0001761664704 3.0082750003784895
127 284.01196790434165 280.00017657411291 3.0317130004987121
128 283.9754368694197 280.00017697757278 3.0550560001283884
129 283.93927993947545 280.00017737688728 3.0782700004056096
130 283.90349221883059 280.00017777213071 3.1016890006139874
131 283.86806890752445 280.00017816335901 3.1251450004056096
132 283.83300529869575 280.00017855061049 3.1485500000417233
133 283.79829677596547 280.00017893392834 3.1718469997867942
134 283.76393881096561 280.00017931338982 3.195265999995172
135 283.72992696095287 280.00017968901602 3.2185359997674823
136 283.696256866461 280.00018006087487 3.2421540003269911
137 283.66292424908193 280.00018042900626 3.2653339998796582
138 283.62992490925706 280.00018079346063 3.2886490002274513
139 283.59725472423128 280.00018115426491 3.3117399998009205
140 283.56490964597123 280.0001815114901 3.3352760002017021
141 283.53288569925144 280.00018186516286 3.3588920002803206
142 283.5011789797187 280.00018221533588 3.3822539998218417
143 283.46978565207871 280.0001825620572 3.4059239998459816
144 283.43870194830981 280.00018290534649 3.4296439997851849
145 283.40792416594894 280.00018324526116 3.4533299999311566
146 283.37744866640537 280.00018358184326 3.4770280001685023
147 283.34727187338359 280.00018391512151 3.5005160002037883
148 283.31739027129862 280.0001842451332 3.5242170002311468
149 283.28780040376472 280.00018457192596 3.5478220004588366
150 283.25849887214724 280.0001848955402 3.5714870002120733
151 283.22948233411898 280.00018521599486 3.5949470000341535
152 283.20074750231265 280.00018553335264 3.6186270006000996
153 283.17229114298101 280.00018584761369 3.6422830000519753
154 283.14411007469766 280.0001861588562 3.6659880001097918
155 283.11620116709622 280.00018646708816 3.6897640004754066
156 283.08856133969232 280.00018677234516 3.7134520001709461
157 283.06118756069145 280.00018707467132 3.7372369999065995
158 283.03407684581617 280.00018737408135 3.7609850000590086
159 283.00722625727127 280.00018767061943 3.7847309997305274
160 282.98063290259176 280.00018796432443 3.808437000028789
161 282.95429393367039 280.00018825522068 3.8322080001235008
162 282.92820654569556 280.00018854332893 3.8559030005708337
163 282.90236797620133 280.0001888286871 3.8796350006014109
164 282.87677550411377 280.00018911133947 3.9033610001206398
165 282.85142644882791 280.00018939130456 3.9270689999684691
166 282.82631816929774 280.0001896686 3.9506459999829531
167 282.80144806317696 280.00018994326962 3.9738920005038381
168 282.77681356598691 280.00019021533541 3.9975410001352429
169 282.75241215027836 280.00019048482648 4.0208440003916621
170 282.7282413248347 280.0001907517771 4.0446720002219081
171 282.70429863391712 280.00019101620325 4.0682540005072951
172 282.68058165648438 280.00019127813482 4.0919759999960661
173 282.65708800550084 280.00019153760297 4.115734999999404
174 282.63381532718637 280.00019179462697 4.1390439998358488
175 282.61076130034411 280.00019204924291 4.1624520001932979
176 282.58792363570717 280.0001923014529 4.1858980003744364
177 282.56530007525754 280.00019255132088 4.2093890001997352
178 282.54288839160466 280.00019279883691 4.233173000626266
179 282.52068638738331 280.00019304403611 4.2568760002031922
180 282.4986918946247 280.0001932869539 4.2806310001760721
181 282.4769027741998 280.00019352758932 4.3042099997401237
182 282.45531691523377 280.00019376599431 4.3278990006074309
183 282.43393223458247 280.00019400216991 4.3514980003237724
184 282.41274667625362 280.00019423614265 4.3749390002340078
185 282.39175821091789 280.00019446794289 4.3983249999582767
186 282.37096483537982 280.00019469758485 4.4219760000705719
187 282.35036457210646 280.00019492509671 4.4454049998894334
188 282.32995546872149 280.00019515049695 4.4687230000272393
189 282.30973559754733 280.00019537381121 4.4925460005179048
190 282.28970305515401 280.00019559505319 4.5158609999343753
191 282.26985596189508 280.00019581424709 4.5394759997725487
192 282.25019246149191 280.00019603141169 4.5627690004184842
193 282.23071072060264 280.00019624657023 4.5864909999072552
194 282.21140892842385 280.00019645974612 4.6102120000869036
195 282.19228529624985 280.00019667094472 4.6335629997774959
196 282.17333805714401 280.00019688020109 4.6571280006319284
197 282.15456546550837 280.00019708753689 4.6804780000820756
198 282.13596579672384 280.00019729295173 4.7039270000532269
199 282.11753734680121 280.00019749647072 4.7274340000003576
200 282.09927843201467 280.00019769812491 4.7511809999123216
201 282.08118738855705 280.00019789793231 4.7748849997296929
202 282.06326257220661 280.00019809589276 4.7986869998276234
203 282.04550235802805 280.00019829203461 4.8220460005104542
204 282.02790513997297 280.00019848638095 4.8452770002186298
205 282.01046933066152 280.00019867895162 4.8687300002202392
206 281.99319336102764 280.00019886974877 4.8921140003949404
207 281.97607568001376 280.00019905879304 4.915420999750495
208 281.95911475431376 280.00019924611286 4.938718999736011
209 281.94230906805785 280.00019943171725 4.9619930004701018
210 281.92565712254111 280.00019961562151 4.9857320003211498
211 281.9091574359951 280.00019979784582 5.0092250006273389
212 281.89280854325648 280.00019997840542 5.0327260000631213
213 281.87660899555755 280.00020015731559 5.0563310002908111
214 281.86055736023775 280.0002003345997 5.0800680005922914
215 281.84465222054706 280.00020051025473 5.1033870000392199
216 281.82889217535552 280.00020068431189 5.1270749997347593
217 281.81327583892653 280.0002008567842 5.150620000436902
218 281.79780184071774 280.00020102768252 5.1741920001804829
219 281.78246882512525 280.00020119702384 5.1980590000748634
220 281.76727545127028 280.00020136481851 5.2239950001239777
221 281.75222039279328 280.00020153108687 5.2975670006126165
222 281.73730233761194 280.00020169584468 5.3218900002539158
223 281.72251998777301 280.00020185910518 5.3461030004546046
224 281.70787205918424 280.00020202087393 5.3698430005460978
225 281.69335728145774 280.00020218117083 5.3937830002978444
226 281.67897439770934 280.00020234002818 5.4174140002578497
227 281.66472216435773 280.00020249743142 5.4411570001393557
228 281.65059935095849 280.00020265339748 5.4646770004183054
229 281.63660473999181 280.00020280796633 5.488344999961555
230 281.62273712672504 280.00020296111774 5.5121520003303885
231 281.60899531900486 280.000203112885 5.5360719999298453
232 281.59537813707476 280.00020326327461 5.5600730003789067
233 281.5818844134825 280.00020341229566 5.5842460002750158
234 281.56851299281362 280.00020355997117 5.608492000028491
235 281.55526273160297 280.00020370630983 5.632315999828279
236 281.54213249815336 280.00020385132194 5.6562529997900128
237 281.5291211723839 280.00020399502898 5.6799720004200935
238 281.51622764566423 280.00020413743152 5.7035910002887249
239 281.50345082069242 280.00020427852809 5.7270330004394054
240 281.49078961131721 280.00020441836239 5.7507509998977184
241 281.47824294243043 280.00020455692294 5.7743640001863241
242 281.4658097497902 280.00020469424624 5.7981000002473593
243 281.45348897991761 280.00020483031369 5.8220220003277063
244 281.44127958993442 280.00020496515276 5.8460750002413988
245 281.4291805474316 280.00020509877652 5.870083000510931
246 281.41719083036412 280.0002052311977 5.8940220000222325
247 281.40530942690214 280.00020536241237 5.9180780006572604
248 281.39353533529754 280.00020549245147 5.9419990004971623
249 281.38186756378133 280.00020562131408 5.9660680005326867
250 281.37030513043857 280.00020574900202 5.9901680005714297
251 281.35884706306013 280.00020587555065 6.0143079999834299
252 281.34749239906927 280.00020600095598 6.038506000302732
253 281.33624018538632 280.00020612522223 6.0624810000881553
254 281.32508947830809 280.00020624837629 6.0862830001860857
255 281.31403934339937 280.00020637041678 6.1104119997471571
256 281.30308885538835 280.00020649136223 6.134557000361383
257 281.29223709807354 280.00020661121022 6.1587009998038411
258 281.28148316417872 280.00020672997499 6.1825080001726747
259 281.27082615529355 280.00020684767895 6.2062999997287989
260 281.26026518173819 280.0002069643146 6.2303459998220205
261 281.2497993624865 280.0002070798991 6.2546030003577471
262 281.23942782504412 280.00020719444365 6.2784580001607537
263 281.22914970536164 280.00020730795296 6.3024350004270673
264 281.21896414774875 280.00020742044347 6.3264420004561543
265 281.20887030476945 280.00020753192268 6.3501209998503327
266 281.19886733714975 280.00020764239775 6.3737129997462034
267 281.18895441367687 280.00020775188636 6.3975109998136759
268 281.17913071112906 280.00020786036958 6.4212060002610087
269 281.16939541418031 280.00020796788834 6.4451959999278188
270 281.15974771529721 280.000208074444 6.4690080005675554
271 281.1501868146799 280.00020818003389 6.4927529999986291
272 281.14071192015081 280.00020828467473 6.5165389999747276
273 281.13132224709403 280.00020838837764 6.5402589999139309
274 281.1220170183521 280.00020849114367 6.5642180005088449
275 281.1127954641621 280.00020859298559 6.5880359997972846
276 281.10365682206719 280.00020869392273 6.6115800002589822
277 281.09460033684536 280.00020879393941 6.6356000006198883
278 281.08562526041322 280.00020889306455 6.6593669997528195
279 281.07673085177623 280.000208991298 6.6830750005319715
280 281.06791637693408 280.000209088639 6.7068560002371669
281 281.05918110880754 280.00020918511552 6.730685000307858
282 281.05052432718412 280.00020928072126 6.7541519999504089
283 281.04194531862208 280.00020937547015 6.7778120003640652
284 281.03344337638049 280.00020946936621 6.8011810006573796
285 281.0250178003792 280.00020956242008 6.8246189998462796
286 281.01666789707969 280.00020965463153 6.848348000086844
287 281.0083929794751 280.00020974602887 6.8720260001718998
288 281.00019236697079 280.00020983658874 6.8955520000308752
289 280.99206538534645 280.00020992635513 6.9189980002120137
290 280.98401136668087 280.00021001530126 6.9425670001655817
291 280.97602964929865 280.00021010345188 6.9660950005054474
292 280.96811957768233 280.00021019080941 6.9895510002970695
293 280.96028050244416 280.00021027737864 7.0131149999797344
294 280.95251178021789 280.00021036317867 7.0367560004815459
295 280.94481277364338 280.00021044821204 7.0605260003358126
296 280.93718285128284 280.00021053247906 7.0840060003101826
297 280.92962138756366 280.000210615985 7.1076389998197556
298 280.92212776271373 280.00021069875351 7.1313100000843406
299 280.91470136270948 280.00021078077123 7.1548500005155802
300 280.90734157922975 280.00021086205226 7.1782120000571012
301 280.9000478095644 280.00021094260319 7.2018640004098415
302 280.89281945660753 280.00021102242977 7.2253189999610186
303 280.88565592874744 280.00021110155154 7.2491140002384782
304 280.87855663985846 280.00021117995743 7.2727620005607605
305 280.87152100922214 280.00021125766011 7.2964400006458163
306 280.86454846147166 280.00021133466788 7.3198020001873374
307 280.8576384265499 280.00021141098193 7.3434290001168847
308 280.85079033966792 280.00021148660835 7.3668619999662042
309 280.8440036412112 280.00021156156197 7.3903339998796582
310 280.83727777672595 280.00021163584756 7.4141020001843572
311 280.83061219687988 280.00021170946252 7.4377490002661943
312 280.82400635735524 280.00021178241917 7.4612190006300807
313 280.81745971887136 280.00021185472662 7.4848389998078346
314 280.81097174706861 280.0002119263832 7.5084230005741119
315 280.80454191251005 280.00021199739581 7.5316540002822876
316 280.79816969060113 280.00021206776205 7.5552740003913641
317 280.79185456158018 280.00021213751137 7.5788830006495118
318 280.78559601042707 280.00021220663098 7.6025400003418326
319 280.77939352684746 280.00021227513122 7.6261330004781485
320 280.77324660520543 280.00021234301903 7.6496010003611445
321 280.76715474451794 280.0002124103039 7.6733750002458692
322 280.76111744836265 280.00021247697191 7.6969130001962185
323 280.75513422486341 280.00021254305943 7.7203170005232096
324 280.74920458662535 280.00021260854595 7.7438249997794628
325 280.74332805073686 280.00021267344817 7.767552999779582
326 280.73750413865622 280.00021273776389 7.7912380006164312
327 280.73173237623587 280.00021280151282 7.8149210000410676
328 280.72601229364125 280.00021286469126 7.8386089997366071
329 280.72034342532675 280.00021292729741 7.8622909998521209
330 280.7147253099879 280.00021298934735 7.8859569998458028
331 280.70915749053398 280.00021305083629 7.9096189998090267
332 280.70363951401333 280.00021311178023 7.933288000524044
333 280.69817093162658 280.00021317217255 7.9569480000063777
334 280.69275129863439 280.00021323203521 7.9806399997323751
335 280.68738017436397 280.00021329135257 8.0042799999937415
336 280.68205712213916 280.00021335013895 8.0279660001397133
337 280.67678170926564 280.00021340839504 8.0517020002007484
338 280.67155350696089 280.00021346614398 8.0753899998962879
339 280.66637209034906 280.00021352336125 8.0990590006113052
340 280.66123703843226 280.00021358007672 8.1227339999750257
341 280.6561479340121 280.00021363628343 8.1464440003037453
342 280.65110436368508 280.00021369198225 8.1701920004561543
343 280.6461059177982 280.00021374718744 8.193881000392139
344 280.64115219042355 280.00021380189304 8.2175790006294847
345 280.63624277930836 280.00021385611592 8.2412640005350113
346 280.63137728584388 280.00021390985319 8.2649650005623698
347 280.62655531504248 280.00021396310865 8.2886490002274513
348 280.62177647550305 280.00021401588509 8.31233000010252
349 280.61704037934999 280.00021406818865 8.335984000004828
350 280.61234664223292 280.00021412002025 8.359651000238955
351 280.60769488329913 280.00021417139584 8.3833410004153848
352 280.60308472511781 280.00021422231123 8.4070030003786087
353 280.59851579368922 280.00021427277034 8.4306669998914003
354 280.59398771839813 280.00021432278248 8.4543340001255274
355 280.58950013197563 280.00021437234352 8.4780250005424023
356 280.58505267049361 280.00021442145299 8.501694000326097
357 280.58064497329758 280.00021447013484 8.5253499997779727
358 280.57627668298773 280.0002145183733 8.5490220002830029
359 280.57194744542568 280.00021456618697 8.5727390004321933
360 280.56765690965983 280.00021461357028 8.5964110000059009
361 280.56340472788992 280.00021466053153 8.6202199999243021
362 280.55919055550044 280.00021470707833 8.6439430005848408
363 280.55501405095021 280.00021475320148 8.667654000222683
364 280.5508748758001 280.00021479892047 8.6913450006395578
365 280.54677269466873 280.00021484422723 8.7150459997355938
366 280.54270717521064 280.00021488912802 8.7387469997629523
367 280.53867798806976 280.00021493362419 8.7624460002407432
368 280.53468480685945 280.0002149777319 8.7861179998144507
369 280.53072730814762 280.00021502143619 8.8097839998081326
370 280.52680517142488 280.00021506475878 8.8333970000967383
371 280.52291807906255 280.00021510768408 8.857077999971807
372 280.5190657163061 280.00021515022786 8.8807589998468757
373 280.5152477712428 280.0002151923951 8.904407000169158
374 280.5114639347596 280.00021523418201 8.9280770001932979
375 280.5077139005474 280.00021527559653 8.9517910005524755
376 280.50399736504045 280.00021531664237 8.9754809997975826
377 280.50031402743497 280.0002153573252 8.9991389997303486
378 280.49666358962372 280.00021539763895 9.0227890005335212
379 280.4930457561818 280.00021543759675 9.0465050004422665
380 280.48946023435809 280.00021547719786 9.0701990006491542
381 280.48590673403311 280.00021551644426 9.0938590001314878
382 280.48238496769881 280.00021555533289 9.1176439998671412
383 280.47889465045432 280.00021559388756 9.1414430001750588
384 280.47543549995169 280.00021563208992 9.1651530005037785
385 280.47200723637394 280.00021566995258 9.1888760002329946
386 280.46860958245497 280.00021570747413 9.2125580003485084
387 280.4652422633979 280.0002157446653 9.2360709998756647
388 280.46190500690386 280.00021578152359 9.2597780004143715
389 280.45859754310055 280.00021581805112 9.2834480004385114
390 280.45531960456776 280.0002158542502 9.307133000344038
391 280.45207092628016 280.00021589012886 9.3307840004563332
392 280.4488512456075 280.00021592568316 9.3544140001758933
393 280.44566030227497 280.00021596092529 9.378095000050962
394 280.4424978383463 280.00021599585187 9.40174899995327
395 280.43936359821134 280.00021603047617 9.4253860004246235
396 280.43625732858476 280.00021606477503 9.4490200001746416
397 280.43317877841577 280.00021609878041 9.472737000323832
398 280.43012769894278 280.00021613247617 9.4964460004121065
399 280.42710384362869 280.00021616586844 9.5201139999553561
400 280.42410696816967 280.00021619897069 9.5438210004940629
401 280.42113683043721 280.00021623176735 9.567518999800086
402 280.41819319050069 280.00021626428406 9.5912810005247593
403 280.41527581057909 280.00021629650399 9.6149430004879832
404 280.41238445502597 280.00021632843192 9.6386050004512072
405 280.40951889032038 280.00021636007813 9.6623140005394816
406 280.40667888503754 280.00021639144887 9.686014000326395
407 280.40386420983447 280.00021642252779 9.709676000289619
408 280.40107463744221 280.00021645333601 9.7334050005301833
409 280.39830994260421 280.00021648387752 9.7571140006184578
410 280.39556990213038 280.00021651414124 9.7808020003139973
411 280.39285429480014 280.00021654412063 9.8044690005481243
412 280.39016290139728 280.00021657385139 9.8281560000032187
413 280.38749550468771 280.00021660331055 9.8518519997596741
414 280.38485188936886 280.00021663250607 9.8755440004169941
415 280.38223184207612 280.00021666144056 9.899214000441134
416 280.3796351513792 280.00021669011539 9.9229040006175637
417 280.37706160773422 280.00021671853739 9.9466209998354316
418 280.37451100348062 280.00021674670359 9.970278000459075
419 280.3719831328296 280.00021677462439 9.9939480004832149
420 280.36947779183549 280.00021680229588 10.017618000507355
421 280.36699477838607 280.00021682972209 10.041315000504255
422 280.36453389219758 280.00021685689211 10.06500199995935
423 280.36209493475815 280.00021688383134 10.088674999773502
424 280.35967770936969 280.00021691052336 10.11232400033623
425 280.35728202107953 280.00021693698739 10.136029000394046
426 280.3549076767053 280.00021696320624 10.159746000543237
427 280.35255448477074 280.00021698919869 10.183451000601053
428 280.35022225556168 280.00021701495666 10.207132000476122
429 280.34791080102616 280.00021704048794 10.231236999854445
430 280.34561993483021 280.00021706578013 10.254976000636816
431 280.34334947228956 280.00021709086406 10.278756000101566
432 280.34109923040199 280.00021711571395 10.302423000335693
433 280.33886902779324 280.00021714034625 10.326101999729872
434 280.33665868473491 280.00021716475948 10.349768000654876
435 280.33446802308725 280.00021718894698 10.373441000469029
436 280.33229686632495 280.00021721292848 10.397137000225484
437 280.33014503951233 280.00021723669926 10.420789999887347
438 280.32801236927412 280.00021726024687 10.444453000091016
439 280.32589868380052 280.00021728359036 10.468124000355601
440 280.3238038128178 280.00021730672216 10.491826000623405
441 280.32172758759458 280.00021732966144 10.515537000261247
442 280.31966984088564 280.00021735237715 10.539340000599623
443 280.31763040697325 280.00021737490886 10.563023000024259
444 280.31560912162541 280.00021739723161 10.586760000325739
445 280.31360582207304 280.00021741935689 10.610425000078976
446 280.31162034701015 280.00021744128162 10.634138000197709
447 280.30965253659173 280.00021746301132 10.657895999960601
448 280.30770223239887 280.00021748455492 10.681570000015199
449 280.30576927742567 280.00021750590003 10.705260000191629
450 280.30385351609107 280.00021752705396 10.728939999826252
451 280.3019547941991 280.00021754802736 10.752623000182211
452 280.30007295895268 280.00021756880614 10.776263000443578
453 280.2982078589045 280.00021758940977 10.799943000078201
454 280.29635934399192 280.00021760982474 10.823669999837875
455 280.29452726546469 280.0002176300577 10.847360000014305
456 280.29271147595961 280.00021765011644 10.871042000129819
457 280.29091182937748 280.00021766998924 10.894706999883056
458 280.2891281809753 280.00021768968611 10.918445000424981
459 280.28736038728243 280.00021770921336 10.942107000388205
460 280.28560830613071 280.00021772855735 10.9657580005005
461 280.28387179662758 280.00021774774171 10.989443000406027
462 280.28215071913428 280.00021776674458 11.013113000430167
463 280.2804449352717 280.0002177855842 11.036816000007093
464 280.27875430789874 280.00021780425675 11.060511000454426
465 280.27707870111203 280.00021782275979 11.084176000207663
466 280.27541798022872 280.0002178411068 11.107881000265479
467 280.27377201175591 280.0002178592884 11.131552000530064
468 280.27214066343566 280.00021787730401 11.155283000320196
469 280.27052380415438 280.00021789515461 11.178942000493407
470 280.26892130400239 280.00021791285968 11.202604000456631
471 280.26733303422606 280.00021793039747 11.226317000575364
472 280.26575886723248 280.00021794778047 11.249994999729097
473 280.26419867655989 280.00021796501449 11.273686000145972
474 280.2626523369027 280.00021798209235 11.297357000410557
475 280.26111972406932 280.00021799901663 11.321027000434697
476 280.25960071497434 280.00021801579305 11.344696000218391
477 280.25809518764839 280.0002180324168 11.368343000300229
478 280.25660302121446 280.00021804889633 11.392056000418961
479 280.25512409587361 280.00021806523546 11.415707000531256
480 280.25365829290524 280.00021808141872 11.439377999864519
481 280.25220549465894 280.00021809746772 11.463055999949574
482 280.2507655845335 280.00021811337155 11.486717999912798
483 280.24933844698256 280.00021812913138 11.510375000536442
484 280.24792396747443 280.00021814475042 11.534044000320137
485 280.24652203253243 280.00021816023343 11.557695000432432
486 280.24513252969211 280.00021817558371 11.581411000341177
487 280.24375534747338 280.0002181907883 11.605066999793053
488 280.24239037543833 280.000218205865 11.628721999935806
489 280.24103750409438 280.0002182208018 11.652426999993622
490 280.23969662496086 280.00021823561781 11.676111999899149
491 280.23836763053174 280.00021825029347 11.699784000404179
492 280.23705041425336 280.00021826484033 11.723513999953866
493 280.23574487052201 280.00021827925855 11.747244000434875
494 280.23445089470039 280.00021829354847 11.770968000404537
495 280.23316838307539 280.0002183077163 11.794703000225127
496 280.23189723286407 280.00021832175918 11.818385000340641
497 280.2306373422258 280.00021833567257 11.8420329997316
498 280.22938861020566 280.00021834946108 11.865679000504315
499 280.22815093677104 280.00021836312789 11.889360000379384
500 280.2269242227834 280.00021837667902 11.913006000220776
501 280.22570836998818 280.0002183901039 11.936704000458121
502 280.22450328102155 280.0002184034193 11.960372000001371
503 280.22330885938806 280.00021841660612 11.984005999751389
504 280.22212500946216 280.00021842967982 12.007668000645936
505 280.22095163646793 280.00021844264336 12.031324000097811
506 280.21978864647804 280.00021845548849 12.055014000274241
507 280.21863594642605 280.00021846821318 12.078699000179768
508 280.21749344405691 280.00021848082872 12.102363000623882
509 280.21636104796113 280.00021849333376 12.126044999808073
510 280.21523866754296 280.0002185057312 12.149592000059783
511 280.21412621301016 280.00021851802353 12.173280999995768
512 280.21302359539368 280.00021853019581 12.197027000598609
513 280.21193072651033 280.00021854226259 12.220732000656426
514 280.21084751896603 280.00021855422426 12.244417999871075
515 280.20977388616109 280.00021856608811 12.268083999864757
516 280.20870974227296 280.00021857783628 12.291736000217497
517 280.20765500222785 280.00021858948196 12.315400999970734
518 280.20660958173551 280.00021860102567 12.339062999933958
519 280.20557339726253 280.00021861247552 12.362723000347614
520 280.20454636601869 280.00021862381448 12.386365000158548
521 280.20352840594342 280.00021863505771 12.410005000419915
522 280.20251943574573 280.0002186461997 12.433683999814093
523 280.20151937482575 280.0002186572504 12.457344000227749
524 280.20052814332684 280.00021866820106 12.481011000461876
525 280.1995456621155 280.00021867904792 12.50464600045234
526 280.19857185274918 280.00021868979968 12.528309000656009
527 280.19760663750327 280.00021870047101 12.551975999958813
528 280.19664993933714 280.00021871102848 12.575668000616133
529 280.19570168192041 280.00021872150847 12.599409000016749
530 280.19476178959161 280.00021873188098 12.623174999840558
531 280.1938301873692 280.00021874217401 12.646959000267088
532 280.1929068009465 280.00021875236644 12.670677000656724
533 280.19199155669128 280.00021876247479 12.694350000470877
534 280.19108438162033 280.00021877249617 12.718065000139177
535 280.19018520340956 280.00021878243115 12.741786000318825
536 280.18929395038475 280.00021879227063 12.765496000647545
537 280.18841055151194 280.00021880202695 12.789140000008047
538 280.18753493640048 280.00021881169886 12.812828000634909
539 280.18666703527896 280.00021882128141 12.836482000537217
540 280.18580677900673 280.00021883078659 12.860140000469983
541 280.18495409907848 280.00021884019611 12.883806999772787
542 280.18410892757385 280.00021884953367 12.907476999796927
543 280.18327119721243 280.00021885878868 12.931119999848306
544 280.18244084130072 280.00021886795918 12.954781000502408
545 280.18161779373554 280.00021887704901 12.978426000103354
546 280.18080198902851 280.0002188860629 13.0021240003407
547 280.17999336225972 280.00021889498771 13.025779999792576
548 280.17919184910227 280.0002189038434 13.049463000148535
549 280.1783973858042 280.00021891260712 13.073142000474036
550 280.17760990917634 280.00021892130513 13.096863000653684
551 280.17682935661469 280.00021892992976 13.120540999807417
552 280.17605566605408 280.00021893847355 13.144399000331759
553 280.17528877599784 280.00021894695374 13.168089999817312
554 280.17452862551551 280.0002189553428 13.191846000030637
555 280.17377515419395 280.00021896366013 13.215611000545323
556 280.17302830217955 280.00021897191618 13.239343999885023
557 280.17228801015568 280.00021898008504 13.263071999885142
558 280.17155421933211 280.0002189881904 13.286748999729753
559 280.17082687144949 280.00021899623323 13.310452000238001
560 280.17010590876714 280.00021900418938 13.33413500059396
561 280.16939127406238 280.00021901208021 13.357804000377655
562 280.1686829106319 280.00021901990249 13.381474000401795
563 280.16798076227485 280.00021902765809 13.405218999832869
564 280.16728477329599 280.0002190353473 13.428888000547886
565 280.16659488851008 280.00021904296398 13.452593000605702
566 280.16591105319998 280.00021905051909 13.476312000304461
567 280.16523321316686 280.00021905800293 13.500008000060916
568 280.16456131467919 280.00021906541855 13.523715000599623
569 280.16389530451107 280.00021907277693 13.547377999871969
570 280.16323512988401 280.00021908006624 13.571072000078857
571 280.16258073850997 280.0002190872944 13.594806999899447
572 280.16193207857674 280.0002190944553 13.618480999954045
573 280.16128909871168 280.00021910155459 13.64221900049597
574 280.16065174802793 280.00021910859255 13.665943999774754
575 280.16001997608015 280.00021911557064 13.689674000255764
576 280.15939373289092 280.00021912248906 13.713401000015438
577 280.15877296890693 280.00021912934068 13.737110000103712
578 280.15815763504423 280.00021913614177 13.760851999744773
579 280.15754768264196 280.00021914288232 13.784544000402093
580 280.15694306348314 280.00021914955687 13.808259000070393
581 280.15634372978951 280.00021915617492 13.831989999860525
582 280.15574963419107 280.00021916273636 13.855686999857426
583 280.15516072976419 280.00021916924197 13.879402999766171
584 280.15457696998885 280.00021917568915 13.903111999854445
585 280.15399830877726 280.00021918207619 13.926814000122249
586 280.15342470044249 280.00021918841435 13.950465000234544
587 280.15285609972614 280.00021919469208 13.974186000414193
588 280.1522924617521 280.00021920092297 13.997895000502467
589 280.1517337420579 280.00021920709094 14.021561000496149
590 280.15117989657818 280.00021921320609 14.04526299983263
591 280.15063088164305 280.00021921926839 14.068940999917686
592 280.1500866539804 280.00021922527981 14.092632000334561
593 280.14954717070503 280.00021923123228 14.116446999832988
594 280.14901238929394 280.00021923714593 14.140184000134468
595 280.14848226763974 280.00021924300142 14.163931000046432
596 280.1479567639912 280.00021924879729 14.187638999894261
597 280.14743583697322 280.00021925455121 14.211327000521123
598 280.14691944559314 280.00021926025232 14.235044999979436
599 280.14640754921425 280.00021926591177 14.258758000098169
600 280.14590010756962 280.00021927151175 14.282444000244141
601 280.1453970807471 280.00021927706604 14.306086000055075
602 280.14489842920676 280.00021928257991 14.329752000048757
603 280.14440411374778 280.00021928803147 14.353408999741077
604 280.14391409553241 280.00021929344621 14.377098000608385
605 280.14342833606014 280.00021929880859 14.400762000121176
606 280.14294679717557 280.0002193041251 14.424422999843955
607 280.14246944108294 280.00021930939954 14.448068000376225
608 280.14199623031078 280.00021931462709 14.471715999767184
609 280.14152712772528 280.00021931979796 14.495424000546336
610 280.14106209653232 280.0002193249411 14.519082000479102
611 280.14060110025224 280.00021933003575 14.5427560005337
612 280.14014410275638 280.00021933508339 14.566425000317395
613 280.13969106821656 280.00021934007844 14.590115000493824
614 280.13924196114129 280.0002193450452 14.613804999738932
615 280.13879674634518 280.00021934996465 14.637532999739051
616 280.13835538896842 280.00021935483613 14.6612360002473
617 280.13791785447097 280.00021935966635 14.684949000366032
618 280.13748410859597 280.00021936445802 14.708649000152946
619 280.13705411741694 280.00021936920638 14.732321999967098
620 280.13662784730548 280.00021937390557 14.755985000170767
621 280.13620526493889 280.00021937857861 14.77966000046581
622 280.13578633727747 280.00021938320481 14.803307000547647
623 280.13537103160326 280.00021938779082 14.826976000331342
624 280.13495931546424 280.00021939234091 14.850657000206411
625 280.13455115671957 280.00021939685018 14.874332999810576
626 280.13414652350798 280.00021940131785 14.898031000047922
627 280.13374538425359 280.00021940574771 14.921703999862075
628 280.13334770766971 280.00021941014586 14.945361000485718
629 280.13295346274157 280.00021941450041 14.969035999849439
630 280.13256261873369 280.00021941881005 14.992705000564456
631 280.13217514520517 280.00021942310059 15.01643200032413
632 280.13179101195749 280.00021942734503 15.040103999897838
633 280.13141018908487 280.00021943154303 15.063786000013351
634 280.13103264694439 280.00021943571807 15.08748700004071
635 280.13065835615117 280.00021943984416 15.111194000579417
636 280.13028728759559 280.00021944394297 15.134877000004053
637 280.12991941241478 280.00021944801273 15.158613000065088
638 280.12955470202473 280.0002194520315 15.182285999879241
639 280.12919312808128 280.00021945602964 15.206021000631154
640 280.12883466250219 280.00021945999669 15.229748000390828
641 280.12847927745912 280.00021946392127 15.253434999845922
642 280.12812694536029 280.00021946780498 15.277118000201881
643 280.12777763887283 280.00021947166852 15.300796000286937
644 280.12743133090072 280.00021947548868 15.324467000551522
645 280.12708799461109 280.00021947928332 15.348149999976158
646 280.12674760337865 280.0002194830351 15.371822000481188
647 280.12641013084851 280.00021948676476 15.395490000024438
648 280.12607555088522 280.00021949046624 15.419201999902725
649 280.12574383758391 280.00021949412076 15.442859999835491
650 280.12541496528956 280.00021949776027 15.466540000401437
651 280.125088908566 280.00021950135806 15.49023099988699
652 280.1247656422085 280.00021950493613 15.513911000452936
653 280.12444514122029 280.00021950846627 15.537565000355244
654 280.12412738086499 280.00021951198005 15.561240000650287
655 280.12381233659119 280.00021951546051 15.58492000028491
656 280.12349998409331 280.00021951891148 15.60861000046134
657 280.12319029927238 280.00021952232976 15.632296999916434
658 280.12288325824511 280.00021952572388 15.656057000160217
659 280.12257883735009 280.00021952908264 15.679748000577092
660 280.12227701313174 280.00021953242208 15.703432000242174
661 280.12197776234575 280.00021953571832 15.727122000418603
662 280.12168106194781 280.00021953899881 15.750820999965072
663 280.12138688913132 280.00021954225082 15.774543000385165
664 280.1210952212457 280.00021954547805 15.798221000470221
665 280.12080603588447 280.00021954866264 15.821918000467122
666 280.1205193108209 280.00021955183064 15.845612999983132
667 280.1202350240377 280.00021955497323 15.869296000339091
668 280.11995315371064 280.00021955808586 15.892994999885559
669 280.119673678212 280.00021956116262 15.916660999879241
670 280.11939657611288 280.00021956422762 15.940328000113368
671 280.1191218261614 280.00021956725709 15.963983000256121
672 280.11884940731511 280.00021957026962 15.987660000100732
673 280.11857929869717 280.00021957325623 16.01133400015533
674 280.11831147965864 280.00021957621306 16.035044999793172
675 280.11804592968355 280.0002195791447 16.058703999966383
676 280.11778262847986 280.00021958205144 16.082360000349581
677 280.11752155591438 280.00021958493664 16.106065000407398
678 280.11726269205724 280.00021958779496 16.12973800022155
679 280.1170060171325 280.00021959063309 16.153470000252128
680 280.11675151155089 280.00021959343729 16.177273000590503
681 280.11649915591522 280.00021959622751 16.200987000018358
682 280.11624893097235 280.0002195989893 16.224728000350296
683 280.11600081765692 280.00021960172955 16.248434999957681
684 280.11575479708495 280.00021960445036 16.272130000405014
685 280.11551085052491 280.00021960714713 16.295839000493288
686 280.11526895942512 280.00021960981576 16.319508000276983
687 280.11502910538843 280.00021961246608 16.343156999908388
688 280.11479127019686 280.00021961509219 16.366826999932528
689 280.11455543577489 280.00021961769477 16.390486000105739
690 280.11432158424077 280.00021962027824 16.414157000370324
691 280.11408969784003 280.00021962283671 16.437854000367224
692 280.1138597589989 280.00021962537056 16.461515000090003
693 280.11363175028947 280.00021962789668 16.485191000625491
694 280.11340565445192 280.00021963039109 16.50887699984014
695 280.11318145436792 280.00021963286883 16.532546000555158
696 280.11295913308214 280.00021963532288 16.55621200054884
697 280.11273867379316 280.0002196377535 16.579878999851644
698 280.11252005983272 280.00021964017509 16.603564999997616
699 280.11230327470196 280.00021964256501 16.627276999875903
700 280.11208830204214 280.00021964493476 16.651061000302434
701 280.11187512564936 280.00021964729251 16.674759999848902
702 280.11166372944467 280.00021964963258 16.69845600053668
703 280.11145409751833 280.00021965194298 16.722149000503123
704 280.11124621407089 280.00021965423986 16.74583899974823
705 280.11104006349348 280.00021965651422 16.769505999982357
706 280.11083563025915 280.00021965876635 16.793169000186026
707 280.11063289902938 280.00021966100383 16.816836000420153
708 280.1104318545747 280.00021966323169 16.840497000142932
709 280.11023248182045 280.00021966542943 16.864182000048459
710 280.11003476579543 280.00021966760931 16.887845000252128
711 280.10983869170741 280.00021966978187 16.911532999947667
712 280.10964424486355 280.00021967193015 16.935192000120878
713 280.10945141072108 280.00021967405701 16.958856999874115
714 280.10926017484422 280.00021967617045 16.9825100004673
715 280.10907052295676 280.00021967826774 17.006173999980092
716 280.10888244089307 280.0002196803423 17.029885000549257
717 280.10869591460875 280.000219682406 17.053562000393867
718 280.1085109302096 280.00021968444889 17.07718800008297
719 280.10832747389537 280.0002196864686 17.100937000475824
720 280.10814553200737 280.00021968847813 17.124606000259519
721 280.10796509102647 280.00021969047378 17.148314000107348
722 280.10778613750375 280.00021969245336 17.172009999863803
723 280.10760865816565 280.00021969441343 17.195706000551581
724 280.10743263982192 280.00021969635577 17.219402000308037
725 280.10725806942111 280.00021969828339 17.243118000216782
726 280.1070849340058 280.00021970020174 17.266793000511825
727 280.10691322076849 280.00021970209377 17.29045999981463
728 280.10674291698399 280.00021970398109 17.314160999841988
729 280.10657401006313 280.00021970584345 17.337824000045657
730 280.10640648751132 280.00021970769183 17.361496000550687
731 280.10624033696377 280.00021970952332 17.385160000063479
732 280.10607554615967 280.00021971134822 17.408840999938548
733 280.10591210294331 280.00021971314868 17.432527000084519
734 280.1057499952733 280.00021971493612 17.456195999868214
735 280.10558921121361 280.00021971671345 17.47981100063771
736 280.10542973893888 280.00021971848275 17.503496000543237
737 280.10527156672265 280.00021972023154 17.527170000597835
738 280.10511468295425 280.00021972195884 17.550836000591516
739 280.10495907611187 280.00021972367568 17.57449600007385
740 280.10480473479788 280.00021972538406 17.598224000073969
741 280.10465164769761 280.00021972707611 17.62193899974227
742 280.10449980361096 280.00021972874868 17.645692000165582
743 280.10434919142318 280.00021973041135 17.669377000071108
744 280.10419980013688 280.00021973206134 17.693064999766648
745 280.10405161884972 280.00021973369752 17.716767000034451
746 280.10390463673701 280.00021973532262 17.740443999879062
747 280.10375884309497 280.00021973693629 17.764111000113189
748 280.10361422731722 280.00021973852802 17.787765000015497
749 280.10347077887457 280.0002197401102 17.811391000635922
750 280.10332848732992 280.00021974168095 17.835060999728739
751 280.10318734237023 280.00021974324591 17.858761999756098
752 280.10304733374096 280.00021974479017 17.882435999810696
753 280.10290845129077 280.00021974632261 17.906132999807596
754 280.10277068497987 280.0002197478496 17.929800000041723
755 280.10263402482423 280.00021974935316 17.953480999916792
756 280.10249846095149 280.0002197508548 17.977159000001848
757 280.10236398357279 280.00021975233432 18.000820999965072
758 280.10223058299283 280.00021975380696 18.02449500001967
759 280.10209824957923 280.00021975527028 18.048200000077486
760 280.10196697382116 280.00021975671723 18.071866000071168
761 280.1018367462645 280.00021975815872 18.095576000399888
762 280.10170755756235 280.00021975958856 18.119270999915898
763 280.10157939842696 280.00021976100663 18.143015000037849
764 280.10145225967671 280.00021976241158 18.166745999827981
765 280.10132613219076 280.00021976380111 18.190423999913037
766 280.10120100695985 280.0002197651844 18.214147999882698
767 280.10107687502648 280.00021976654995 18.237867000512779
768 280.10095372751994 280.00021976791317 18.261537999846041
769 280.10083155566366 280.00021976925899 18.285215999931097
770 280.10071035075146 280.00021977058998 18.308912999927998
771 280.10059010414801 280.00021977192733 18.332562999799848
772 280.1004708072935 280.00021977325531 18.35623100027442
773 280.10035245173026 280.00021977455128 18.379917000420392
774 280.10023502904312 280.00021977585607 18.40357800014317
775 280.10011853091498 280.00021977714363 18.427273000590503
776 280.10000294909378 280.00021977841487 18.450929000042379
777 280.099888275404 280.00021977968447 18.474585000425577
778 280.09977450174495 280.00021978094145 18.498271999880672
779 280.09966162008925 280.00021978219451 18.521956000477076
780 280.099549622469 280.00021978342164 18.545622000470757
781 280.09943850101388 280.00021978465134 18.5693330001086
782 280.09932824788979 280.00021978586966 18.592997999861836
783 280.09921885536437 280.00021978708793 18.616709999740124
784 280.09911031576712 280.00021978827789 18.640426999889314
785 280.09900262145908 280.00021978946666 18.664220000617206
786 280.09889576493867 280.00021979064934 18.687923000194132
787 280.09878973871474 280.00021979182213 18.711732000112534
788 280.09868453538365 280.00021979297753 18.735414000228047
789 280.09858014761619 280.00021979413611 18.759150000289083
790 280.09847656812883 280.00021979527793 18.782801000401378
791 280.09837378973106 280.00021979641309 18.806482000276446
792 280.09827180525372 280.00021979753029 18.830169999971986
793 280.09817060764288 280.00021979865204 18.853866999968886
794 280.0980701898734 280.00021979976884 18.877700000070035
795 280.09797054499677 280.00021980086802 18.901430000551045
796 280.09787166611136 280.00021980196124 18.925127000547945
797 280.09777354640585 280.00021980304365 18.949270999990404
798 280.0976761790991 280.00021980412441 18.97308300063014
799 280.0975795574987 280.00021980518545 18.996764000505209
800 280.09748367495166 280.00021980624342 19.020709999836981
801 280.09738852487067 280.00021980730105 19.044480000622571
802 280.0972941007239 280.0002198083443 19.068238000385463
803 280.09720039605151 280.00021980937072 19.091940999962389
804 280.09710740443813 280.000219810396 19.115778000093997
805 280.0970151195346 280.00021981141634 19.139462999999523
806 280.09692353504499 280.00021981242355 19.163178000599146
807 280.09683264471442 280.00021981343946 19.186855999752879
808 280.09674244237789 280.00021981443558 19.210568000562489
809 280.09665292189607 280.00021981541732 19.234362999908626
810 280.09656407720109 280.0002198164064 19.258123000152409
811 280.09647590227166 280.00021981737308 19.281833000481129
812 280.09638839113433 280.00021981833851 19.305526000447571
813 280.09630153789305 280.00021981930144 19.329208000563085
814 280.09621533667541 280.00021982025885 19.352846000343561
815 280.0961297816865 280.00021982119955 19.37652499973774
816 280.09604486716017 280.0002198221307 19.400200000032783
817 280.09596058741209 280.000219823061 19.423876000568271
818 280.09587693677378 280.00021982399295 19.447569000534713
819 280.0957939096408 280.0002198249025 19.471227999776602
820 280.09571150048146 280.00021982581364 19.49492400046438
821 280.09562970378022 280.00021982671541 19.518602999858558
822 280.09554851409649 280.00021982761552 19.54227100033313
823 280.09546792601463 280.00021982850825 19.565956000238657
824 280.09538793418949 280.00021982938603 19.589728000573814
825 280.09530853332194 280.00021983026744 19.613541000522673
826 280.09522971813385 280.00021983113754 19.637458000332117
827 280.09515148342643 280.00021983199304 19.661275000311434
828 280.09507382403228 280.00021983285552 19.684995000250638
829 280.09499673483782 280.00021983370459 19.709021000191569
830 280.09492021076318 280.00021983455548 19.732809000648558
831 280.09484424678266 280.00021983538852 19.756506000645459
832 280.09476883792388 280.00021983622469 19.780220000073314
833 280.09469397923323 280.00021983705017 19.803883000276983
834 280.09461966583314 280.00021983787343 19.827576000243425
835 280.09454589286173 280.00021983868999 19.851261000148952
836 280.09447265552075 280.00021983949239 19.874928000383079
837 280.09439994905 280.0002198402957 19.898620000109076
838 280.09432776872239 280.00021984110174 19.9222999997437
839 280.0942561098654 280.00021984188123 19.945958999916911
840 280.09418496783235 280.00021984267204 19.969619000330567
841 280.0941143380457 280.00021984344721 19.993294999934733
842 280.09404421594644 280.00021984422926 20.016951000317931
843 280.09397459701586 280.00021984499358 20.040641000494361
844 280.09390547679277 280.0002198457571 20.064319000579417
845 280.09383685084032 280.00021984650965 20.088028999976814
846 280.09376871476434 280.00021984726078 20.111775999888778
847 280.09370106421096 280.00021984800679 20.135480000637472
848 280.0936338948772 280.00021984874439 20.159217000007629
849 280.09356720247632 280.00021984948637 20.182924000546336
850 280.09350098277713 280.00021985021601 20.206640999764204
851 280.09343523158373 280.00021985094418 20.230332000181079
852 280.09336994472494 280.00021985166882 20.254096999764442
853 280.09330511809395 280.00021985238465 20.277728999964893
854 280.09324074759337 280.0002198530957 20.301398999989033
855 280.09317682916941 280.00021985380198 20.325083000585437
856 280.09311335881949 280.00021985449888 20.348740000277758
857 280.09305033255248 280.00021985519743 20.372395000420511
858 280.09298774643645 280.00021985588967 20.396038999781013
859 280.09292559656996 280.0002198565727 20.419676000252366
860 280.09286387906741 280.00021985725562 20.444472000002861
861 280.09280259009915 280.00021985793654 20.468884000554681
862 280.09274172585742 280.00021985860542 20.492603000253439
863 280.09268128257651 280.00021985927049 20.516286000609398
864 280.09262125652907 280.00021985993419 20.540006999857724
865 280.09256164400438 280.000219860595 20.563703999854624
866 280.09250244134211 280.00021986124239 20.587383000180125
867 280.09244364490132 280.00021986189387 20.611073000356555
868 280.09238525107486 280.00021986254535 20.634785000234842
869 280.09232725630665 280.00021986318546 20.658621000126004
870 280.09226965704966 280.0002198638166 20.682355000637472
871 280.09221244979113 280.00021986444978 20.706067999824882
872 280.09215563106812 280.00021986508142 20.729803999885917
873 280.09209919742756 280.00021986570096 20.753519999794662
874 280.09204314546207 280.00021986632015 20.777185999788344
875 280.091987471783 280.00021986693696 20.800902999937534
876 280.09193217305028 280.00021986754291 20.824612000025809
877 280.09187724592783 280.0002198681546 20.848300999961793
878 280.09182268713005 280.00021986875339 20.8720080005005
879 280.09176849339292 280.00021986935616 20.89569600019604
880 280.09171466148655 280.0002198699508 20.91941099986434
881 280.09166118820048 280.00021987053333 20.94306300021708
882 280.09160807035778 280.00021987113405 20.966721000149846
883 280.09155530481326 280.00021987171095 20.990368000231683
884 280.09150288845007 280.00021987228627 21.014016999863088
885 280.09145081817883 280.00021987286135 21.03766500018537
886 280.09139909093028 280.00021987343325 21.061379999853671
887 280.09134770367115 280.00021987399992 21.085067000240088
888 280.09129665339242 280.00021987456898 21.10877799987793
889 280.09124593711061 280.00021987512724 21.132511000148952
890 280.09119555187289 280.00021987568891 21.156276999972761
891 280.0911454947468 280.00021987624075 21.179976999759674
892 280.09109576283834 280.0002198767794 21.203670000657439
893 280.0910463532594 280.00021987733101 21.227385000325739
894 280.09099726316771 280.00021987787579 21.251083999872208
895 280.09094848973342 280.00021987841671 21.274757999926805
896 280.09090003015922 280.00021987894473 21.298430999740958
897 280.09085188166853 280.00021987948031 21.322112999856472
898 280.09080404151564 280.00021988001487 21.345790000632405
899 280.09075650696872 280.00021988053311 21.36943699978292
900 280.09070927533469 280.00021988105857 21.393110999837518
901 280.09066234393293 280.00021988156664 21.416755000129342
902 280.09061571010744 280.00021988208681 21.440405000001192
903 280.09056937123682 280.0002198825963 21.464101999998093
904 280.0905233247106 280.00021988311568 21.487792000174522
905 280.09047756794706 280.00021988361158 21.511456999927759
906 280.09043209838819 280.00021988411498 21.535129999741912
907 280.09038691349974 280.00021988461305 21.558778000064194
908 280.09034201076958 280.00021988511583 21.582448000088334
909 280.09029738770312 280.00021988560275 21.606138000264764
910 280.09025304183194 280.00021988609194 21.629766999743879
911 280.09020897071224 280.00021988658887 21.653483000583947
912 280.09016517192293 280.00021988706442 21.677168000489473
913 280.09012164305693 280.00021988754008 21.7008710000664
914 280.09007838173198 280.00021988801922 21.724582999944687
915 280.09003538559307 280.00021988849784 21.748263999819756
916 280.0899926522967 280.00021988897493 21.771920000202954
917 280.08995017952924 280.00021988944007 21.795591999776661
918 280.08990796499717 280.00021988990852 21.819229000248015
919 280.08986600641373 280.00021989037469 21.842896000482142
920 280.08982430153594 280.00021989082887 21.866605999879539
921 280.08978284811042 280.00021989128555 21.890275999903679
922 280.08974164394596 280.00021989174411 21.913921000435948
923 280.08970068682345 280.00021989219459 21.937619999982417
924 280.08965997457943 280.00021989264667 21.961337000131607
925 280.08961950505932 280.00021989309334 21.985003000125289
926 280.08957927611789 280.00021989353473 22.008673000149429
927 280.08953928564091 280.00021989397953 22.032348000444472
928 280.08949953153558 280.00021989442172 22.05604900047183
929 280.08946001170909 280.0002198948456 22.079719999805093
930 280.08942072411037 280.00021989528864 22.103393999859691
931 280.08938166669049 280.00021989572298 22.127054000273347
932 280.08934283742207 280.00021989614635 22.150777000002563
933 280.08930423430405 280.00021989658171 22.174507999792695
934 280.08926585535431 280.00021989700366 22.198208000510931
935 280.08922769858083 280.0002198974276 22.221878999844193
936 280.08918976204848 280.00021989784437 22.245594000443816
937 280.0891520438193 280.00021989826109 22.269311000593007
938 280.08911454197062 280.00021989867093 22.292968000285327
939 280.08907725460557 280.00021989908385 22.316673000343144
940 280.08904017983372 280.00021989948982 22.340363999828696
941 280.08900331579378 280.00021989990415 22.364044000394642
942 280.0889666606277 280.00021990030086 22.387679000385106
943 280.08893021251157 280.00021990069962 22.411334000527859
944 280.08889396961973 280.00021990110088 22.435026000253856
945 280.08885793015781 280.00021990150219 22.458720000460744
946 280.08882209232985 280.00021990190385 22.482400000095367
947 280.08878645437841 280.00021990228976 22.506064999848604
948 280.08875101454475 280.00021990268436 22.529753999784589
949 280.08871577109647 280.00021990307266 22.553418000228703
950 280.08868072230126 280.00021990346676 22.577101999893785
951 280.08864586645694 280.00021990384778 22.600767000578344
952 280.08861120188106 280.000219904228 22.62451000045985
953 280.0885767268843 280.00021990460834 22.648261000402272
954 280.08854243981619 280.00021990498914 22.671990999951959
955 280.08850833902085 280.00021990536362 22.695704000070691
956 280.08847442287504 280.00021990573896 22.719399999827147
957 280.08844068975321 280.00021990611401 22.743129000067711
958 280.08840713806205 280.0002199064831 22.766826000064611
959 280.08837376621028 280.00021990685752 22.790505000390112
960 280.08834057262453 280.00021990721996 22.814185000024736
961 280.08830755574388 280.00021990758631 22.837871000170708
962 280.08827471401924 280.00021990794772 22.861548000015318
963 280.08824204592355 280.00021990830345 22.885239000432193
964 280.08820954994462 280.00021990866816 22.908929000608623
965 280.08817722455984 280.00021990902553 22.932647000066936
966 280.08814506829884 280.00021990937137 22.956327999942005
967 280.08811307966789 280.00021990972709 22.980006000027061
968 280.08808125720731 280.00021991007162 23.003690000623465
969 280.08804959947253 280.00021991042678 23.027362000197172
970 280.08801810501541 280.00021991078029 23.051075000315905
971 280.08798677241845 280.0002199111247 23.074756000190973
972 280.08795560025737 280.00021991146281 23.098429000005126
973 280.08792458714834 280.00021991180427 23.122074999846518
974 280.08789373168787 280.00021991214646 23.145804000087082
975 280.08786303252037 280.00021991248894 23.169544000178576
976 280.08783248826188 280.00021991282239 23.193254000507295
977 280.08780209757083 280.00021991316618 23.216935000382364
978 280.08777185911379 280.00021991350434 23.240668000653386
979 280.08774177155613 280.00021991382408 23.264359000138938
980 280.08771183358562 280.0002199141552 23.288037000223994
981 280.08768204391072 280.00021991449051 23.311723000369966
982 280.08765240121511 280.00021991482294 23.33540500048548
983 280.08762290424255 280.00021991513859 23.359059000387788
984 280.08759355171401 280.00021991547322 23.382732000201941
985 280.08756434237182 280.00021991578882 23.406380999833345
986 280.08753527497601 280.00021991611038 23.430054999887943
987 280.08750634829158 280.00021991642836 23.453704999759793
988 280.08747756109335 280.00021991674896 23.477398000657558
989 280.08744891216332 280.00021991706473 23.50106400065124
990 280.08742040031484 280.00021991738066 23.524726999923587
991 280.08739202433651 280.00021991769461 23.548415999859571
992 280.08736378306628 280.00021991799827 23.572075000032783
993 280.08733567533079 280.00021991830613 23.595767999999225
994 280.08730769996635 280.00021991862587 23.61943699978292
995 280.08727985582192 280.00021991893243 23.643129999749362
996 280.08725214176843 280.00021991923626 23.666849000379443
997 280.08722455666833 280.00021991953719 23.690539999864995
998 280.08719709941323 280.0002199198438 23.714240999892354
999 280.08716976888434 280.00021992015161 23.737967000342906
1000 280.08714256398861 280.00021992044935 23.761680000461638
