iterat. internal-T external-T elapsed-time
0 300 280 0.010200000368058681
1 299.20000000000209 280.00000883531106 0.019515000283718109
2 298.52813741741465 280.00001625546207 0.027989000082015991
3 297.94710600454084 280.00002267245583 0.036411000415682793
4 297.43349718286822 280.00002834482535 0.044987999834120274
5 296.97180041472768 280.00003344387119 0.053540000692009926
6 296.55130638030369 280.00003808786113 0.061945000663399696
7 296.16435677203702 280.00004236139142 0.070388000458478928
8 295.80530500684262 280.00004632681566 0.078871999867260456
9 295.46987441645433 280.00005003135442 0.087415000423789024
10 295.1547486461829 280.00005351165282 0.095959000289440155
11 294.85730236363042 280.00005679669368 0.10443599987775087
12 294.57541936238073 280.00005990984499 0.11345900036394596
13 294.30736659798487 280.00006287026162 0.12203100044280291
14 294.05170493986736 280.00006569382424 0.13044199999421835
15 293.80722459684307 280.00006839389999 0.13882200047373772
16 293.57289749130427 280.00007098184426 0.14726500026881695
17 293.34784151461292 280.00007346739261 0.15576500073075294
18 293.13129326991884 280.00007585898533 0.16415700037032366
19 292.9225869841606 280.00007816396362 0.17256700061261654
20 292.7211379769592 280.00008038879764 0.18096200004220009
21 292.52642954511833 280.00008253918088 0.18935499992221594
22 292.3380024426238 280.00008462019935 0.19775000028312206
23 292.15544635734545 280.00008663637647 0.20620700065046549
24 291.97839294191783 280.00008859177933 0.21469100005924702
25 291.80651006684877 280.00009049007684 0.22313100006431341
26 291.63949704460407 280.00009233459258 0.23150799982249737
27 291.47708063188134 280.00009412834112 0.23995199985802174
28 291.3190116608244 280.00009587408061 0.24836099985986948
29 291.16506218270166 280.00009757432014 0.25687200017273426
30 291.01502303191609 280.00009923137344 0.2652989998459816
31 290.8687017374545 280.00010084736562 0.27371300011873245
32 290.72592072306082 280.00010242425958 0.2821430005133152
33 290.58651574885505 280.00010396386881 0.29055299982428551
34 290.45033455613049 280.00010546787308 0.29902700055390596
35 290.31723568386531 280.00010693783577 0.30740300007164478
36 290.1870874310722 280.00010837521205 0.31586500070989132
37 290.05976694369298 280.00010978135913 0.32432099990546703
38 289.93515940824142 280.00011115753819 0.33273900020867586
39 289.81315733741064 280.00011250494947 0.34118600003421307
40 289.69365993502521 280.00011382469506 0.34958100039511919
41 289.57657253000707 280.00011511782526 0.35807500034570694
42 289.46180607025047 280.00011638532283 0.36668400000780821
43 289.34927666900603 280.00011762811192 0.37518700025975704
44 289.2389051971781 280.00011884707158 0.3836240004748106
45 289.1306169159223 280.000120043023 0.39208600018173456
46 289.0243411450254 280.00012121674706 0.40052899997681379
47 288.92001096260805 280.00012236898357 0.40892400033771992
48 288.81756293285207 280.00012350043602 0.41756600048393011
49 288.71693685846623 280.00012461176561 0.42639000061899424
50 288.61807555530538 280.000125703604 0.43494900036603212
51 288.52092464675098 280.00012677655195 0.44342599995434284
52 288.42543237567912 280.00012783118007 0.45198900066316128
53 288.33154943240527 280.00012886803717 0.46061900071799755
54 288.23922879678878 280.00012988764024 0.46906400006264448
55 288.14842559324131 280.00013089048372 0.47747599985450506
56 288.05909695726547 280.00013187704201 0.48589800018817186
57 287.97120191254055 280.00013284776685 0.49429200030863285
58 287.88470125742799 280.0001338030977 0.50268799997866154
59 287.79955746018925 280.00013474343768 0.51108200009912252
60 287.71573456191635 280.00013566918989 0.51980600040405989
61 287.63319808667546 280.00013658073385 0.52826699987053871
62 287.55191495810624 280.00013747843724 0.53668799996376038
63 287.47185342198662 280.00013836264895 0.54511400032788515
64 287.39298297421118 280.000139233705 0.55361200030893087
65 287.31527429371067 280.00014009192864 0.56208300031721592
66 287.2386991799836 280.00014093763559 0.57048500049859285
67 287.16323049476819 280.0001417711224 0.57893200032413006
68 287.08884210758038 280.00014259267783 0.58745899982750416
69 287.01550884479173 280.00014340258105 0.59610500000417233
70 286.94320644197671 280.00014420110068 0.60462199989706278
71 286.871911499232 280.00014498849413 0.61304900050163269
72 286.80160143935086 280.00014576500598 0.62147600017488003
73 286.73225446850091 280.00014653088238 0.62990699987858534
74 286.66384953932288 280.00014728635762 0.63834600057452917
75 286.59636631619372 280.00014803165254 0.64678500033915043
76 286.52978514261667 280.00014876698481 0.65523800067603588
77 286.46408701040883 280.0001494925616 0.66366000007838011
78 286.39925353073482 280.00015020859792 0.67208300065249205
79 286.33526690674404 280.00015091527416 0.68049600068479776
80 286.27210990775018 280.00015161278941 0.68893699999898672
81 286.20976584485095 280.00015230132516 0.6973649999126792
82 286.14821854782889 280.00015298106342 0.70581600069999695
83 286.08745234336743 280.00015365217268 0.71421700064092875
84 286.02745203433903 280.00015431482387 0.72263800073415041
85 285.96820288027584 280.00015496917933 0.73113299999386072
86 285.90969057878567 280.00015561539618 0.73957800026983023
87 285.85190124793621 280.00015625363108 0.74800499994307756
88 285.79482140952604 280.00015688402777 0.7564440006390214
89 285.73843797323048 280.00015750673731 0.76486600004136562
90 285.68273822148586 280.00015812189207 0.77328199986368418
91 285.62770979513431 280.00015872963218 0.78173600044101477
92 285.57334067974904 280.00015933009502 0.79017500020563602
93 285.51961919263346 280.0001599234011 0.79858100041747093
94 285.46653397043514 280.00016050968441 0.80702800024300814
95 285.4140739572876 280.00016108905851 0.81557400058954954
96 285.36222839356986 280.00016166164829 0.82402100041508675
97 285.31098680516379 280.00016222756835 0.83245499990880489
98 285.26033899313734 280.00016278693306 0.8408840000629425
99 285.21027502398249 280.00016333984377 0.84933300036936998
100 285.16078522018518 280.00016388641632 0.85776299983263016
101 285.11186015134024 280.00016442675218 0.86624400038272142
102 285.06349062549566 280.00016496094975 0.87472400069236755
103 285.01566768099207 280.00016548911293 0.88314600009471178
104 284.96838257859594 280.00016601133768 0.89162700064480305
105 284.9216267939637 280.00016652771706 0.90008500032126904
106 284.87539201046241 280.0001670383395 0.90848400071263313
107 284.82967011219802 280.00016754329812 0.91689600050449371
108 284.78445317746338 280.00016804268097 0.92528800014406443
109 284.73973347230162 280.00016853656945 0.9337530005723238
110 284.69550344446333 280.00016902505297 0.94218400027602911
111 284.65175571750405 280.00016950821123 0.95062800031155348
112 284.60848308519871 280.00016998612051 0.9591049998998642
113 284.56567850608531 280.00017045886062 0.96755400020629168
114 284.52333509830015 280.00017092650518 0.97600300051271915
115 284.48144613460227 280.00017138913074 0.98441800009459257
116 284.44000503751136 280.00017184681457 0.99285800009965897
117 284.39900537473994 280.00017229962242 1.0013620005920529
118 284.35844085472428 280.00017274762041 1.0101850004866719
119 284.31830532235443 280.00017319088317 1.0190670005977154
120 284.27859275483098 280.0001736294758 1.0277310004457831
121 284.23929725772638 280.00017406346399 1.0361299999058247
122 284.20041306115957 280.00017449290402 1.0445710001513362
123 284.16193451606949 280.00017491786588 1.0529990000650287
124 284.12385609073095 280.00017533840753 1.0615500006824732
125 284.08617236728372 280.00017575459282 1.0700040003284812
126 284.04887803844076 280.00017616647688 1.0784750003367662
127 284.01196790434165 280.00017657411757 1.0873310007154942
128 283.9754368694197 280.00017697757272 1.0973100000992417
129 283.93927993947545 280.00017737689399 1.1062099998816848
130 283.90349221883059 280.00017777213952 1.1158020002767444
131 283.86806890752445 280.00017816335895 1.124549999833107
132 283.83300529869575 280.00017855060639 1.13298200070858
133 283.79829677596547 280.00017893393107 1.1414240002632141
134 283.76393881096561 280.00017931338715 1.1498699998483062
135 283.72992696095287 280.00017968901949 1.1582940006628633
136 283.696256866461 280.00018006087646 1.1667690007016063
137 283.66292424908193 280.00018042900723 1.1752300001680851
138 283.62992490925706 280.00018079345557 1.1836640005931258
139 283.59725472423128 280.00018115426963 1.1920880004763603
140 283.56490964597123 280.00018151149311 1.2005300000309944
141 283.53288569925144 280.00018186516911 1.2089360002428293
142 283.5011789797187 280.00018221534447 1.2176560005173087
143 283.46978565207871 280.00018256205709 1.2261000005528331
144 283.43870194830981 280.0001829053478 1.2345520006492734
145 283.40792416594894 280.00018324526383 1.2430800003930926
146 283.37744866640537 280.00018358183775 1.2515529999509454
147 283.34727187338359 280.00018391511651 1.2599459998309612
148 283.31739027129862 280.00018424513365 1.2684630006551743
149 283.28780040376472 280.00018457192704 1.2769269999116659
150 283.25849887214724 280.00018489553742 1.2854660004377365
151 283.22948233411898 280.00018521599992 1.2938510002568364
152 283.20074750231265 280.00018553335025 1.3022930007427931
153 283.17229114298101 280.00018584762802 1.3107310002669692
154 283.14411007469766 280.0001861588637 1.3192930007353425
155 283.11620116709622 280.00018646709373 1.3276930004358292
156 283.08856133969232 280.00018677235113 1.3361200001090765
157 283.06118756069145 280.0001870746716 1.3445089999586344
158 283.03407684581617 280.00018737408658 1.3528940007090569
159 283.00722625727127 280.00018767062869 1.361430000513792
160 282.98063290259176 280.0001879643292 1.3698559999465942
161 282.95429393367039 280.00018825522079 1.3782310001552105
162 282.92820654569556 280.00018854333348 1.3866500006988645
163 282.90236797620133 280.00018882869648 1.3951920000836253
164 282.87677550411377 280.00018911134504 1.4037270005792379
165 282.85142644882791 280.00018939130371 1.4123340006917715
166 282.82631816929774 280.00018966860245 1.4209780003875494
167 282.80144806317696 280.00018994327104 1.429488000459969
168 282.77681356598691 280.0001902153395 1.4379139998927712
169 282.75241215027836 280.00019048483148 1.4463320001959801
170 282.7282413248347 280.00019075177761 1.4547580005601048
171 282.70429863391712 280.00019101620251 1.4632280003279448
172 282.68058165648438 280.00019127813516 1.4716290002688766
173 282.65708800550084 280.00019153760439 1.4800060000270605
174 282.63381532718637 280.00019179463095 1.4884310001507401
175 282.61076130034411 280.00019204924075 1.4968100003898144
176 282.58792363570717 280.00019230146495 1.5052260002121329
177 282.56530007525754 280.00019255132344 1.5137430001050234
178 282.54288839160466 280.00019279883981 1.5220880005508661
179 282.52068638738331 280.00019304404236 1.5304800001904368
180 282.4986918946247 280.00019328695282 1.5389090003445745
181 282.4769027741998 280.000193527595 1.5472860001027584
182 282.45531691523377 280.00019376599499 1.5556690003722906
183 282.43393223458247 280.00019400216985 1.5642430000007153
184 282.41274667625362 280.00019423614629 1.5726850004866719
185 282.39175821091789 280.00019446794533 1.5810719998553395
186 282.37096483537982 280.00019469759008 1.5894780000671744
187 282.35036457210646 280.00019492510182 1.5979080004617572
188 282.32995546872149 280.00019515050366 1.6064740000292659
189 282.30973559754733 280.00019537381485 1.6148880003020167
190 282.28970305515401 280.00019559505705 1.6232810001820326
191 282.26985596189508 280.00019581425164 1.6317000007256866
192 282.25019246149191 280.00019603141908 1.6401010006666183
193 282.23071072060264 280.00019624657591 1.6484850002452731
194 282.21140892842385 280.00019645974851 1.656895000487566
195 282.19228529624985 280.00019667094989 1.665345000103116
196 282.17333805714401 280.00019688020808 1.6737480005249381
197 282.15456546550837 280.00019708753592 1.6821300005540252
198 282.13596579672384 280.00019729295224 1.690608000382781
199 282.11753734680121 280.00019749647913 1.6989990007132292
200 282.09927843201467 280.00019769813343 1.7078860001638532
201 282.08118738855705 280.00019789793282 1.7163019999861717
202 282.06326257220661 280.00019809589742 1.7247100006788969
203 282.04550235802805 280.00019829204513 1.7331170001998544
204 282.02790513997297 280.00019848638993 1.741563000716269
205 282.01046933066152 280.0001986789531 1.7499520005658269
206 281.99319336102764 280.0001988697523 1.7583730006590486
207 281.97607568001376 280.00019905879952 1.7667620005086064
208 281.95911475431376 280.0001992461203 1.7751860003918409
209 281.94230906805785 280.00019943172595 1.7835670001804829
210 281.92565712254111 280.00019961563072 1.791962000541389
211 281.9091574359951 280.00019979785532 1.8003590004518628
212 281.89280854325648 280.00019997841423 1.8088079998269677
213 281.87660899555755 280.00020015732514 1.8174410006031394
214 281.86055736023775 280.00020033460299 1.8258819999173284
215 281.84465222054706 280.00020051026075 1.834298999980092
216 281.82889217535552 280.00020068431769 1.8426810000091791
217 281.81327583892653 280.00020085678511 1.8510750001296401
218 281.79780184071774 280.00020102768326 1.859552999958396
219 281.78246882512525 280.00020119702458 1.867960000410676
220 281.76727545127028 280.00020136482289 1.876346000470221
221 281.75222039279328 280.00020153109421 1.8847989998757839
222 281.73730233761194 280.00020169585201 1.8931920006871223
223 281.72251998777301 280.00020185910967 1.9015700006857514
224 281.70787205918424 280.00020202088302 1.9100370006635785
225 281.69335728145774 280.00020218118794 1.918465000577271
226 281.67897439770934 280.0002023400333 1.9268540004268289
227 281.66472216435773 280.0002024974375 1.9352390002459288
228 281.65059935095849 280.00020265341311 1.9436250003054738
229 281.63660473999181 280.00020280797037 1.9520310005173087
230 281.62273712672504 280.00020296112513 1.960580000653863
231 281.60899531900486 280.00020311289268 1.9689629999920726
232 281.59537813707476 280.00020326328382 1.9773639999330044
233 281.5818844134825 280.00020341230982 1.9858050001785159
234 281.56851299281362 280.00020355998583 1.9942230004817247
235 281.55526273160297 280.00020370632308 2.0026679998263717
236 281.54213249815336 280.0002038513357 2.0111630000174046
237 281.5291211723839 280.00020399503495 2.0195420002564788
238 281.51622764566423 280.00020413743403 2.0279459999874234
239 281.50345082069242 280.00020427854133 2.0363260004669428
240 281.49078961131721 280.00020441837495 2.0447160005569458
241 281.47824294243043 280.00020455694244 2.0531080001965165
242 281.4658097497902 280.00020469425698 2.0615210002288222
243 281.45348897991761 280.0002048303287 2.0699559999629855
244 281.44127958993442 280.00020496516919 2.0783770000562072
245 281.4291805474316 280.00020509879289 2.0867870002985001
246 281.41719083036412 280.00020523120946 2.0953460000455379
247 281.40530942690214 280.00020536242994 2.1038359999656677
248 281.39353533529754 280.00020549246204 2.1123600006103516
249 281.38186756378133 280.00020562132573 2.1207440001890063
250 281.37030513043857 280.00020574902123 2.1291510006412864
251 281.35884706306013 280.00020587556406 2.1375780003145337
252 281.34749239906927 280.00020600096792 2.1459659999236465
253 281.33624018538632 280.00020612523883 2.1544449999928474
254 281.32508947830809 280.00020624838959 2.1628729999065399
255 281.31403934339937 280.00020637042655 2.1712899999693036
256 281.30308885538835 280.00020649136667 2.1796670006588101
257 281.29223709807354 280.00020661121408 2.18805200047791
258 281.28148316417872 280.00020672998323 2.1964360000565648
259 281.27082615529355 280.00020684768009 2.2048320006579161
260 281.26026518173819 280.00020696431818 2.2132959999144077
261 281.2497993624865 280.00020707990336 2.2217340003699064
262 281.23942782504412 280.00020719444746 2.230146000161767
263 281.22914970536164 280.00020730796274 2.2385490005835891
264 281.21896414774875 280.00020742045302 2.2469279998913407
265 281.20887030476945 280.00020753192973 2.2553550004959106
266 281.19886733714975 280.00020764240492 2.263888000510633
267 281.18895441367687 280.00020775188557 2.2723080003634095
268 281.17913071112906 280.000207860378 2.2807170003652573
269 281.16939541418031 280.00020796789818 2.2891460005193949
270 281.15974771529721 280.00020807444787 2.2975500002503395
271 281.1501868146799 280.00020818003895 2.3059750003740191
272 281.14071192015081 280.00020828467916 2.3145160004496574
273 281.13132224709403 280.00020838838191 2.3229649998247623
274 281.1220170183521 280.00020849114958 2.3313460005447268
275 281.1127954641621 280.00020859299428 2.3397270003333688
276 281.10365682206719 280.0002086939221 2.34816600009799
277 281.09460033684536 280.00020879394498 2.356670000590384
278 281.08562526041322 280.00020889306728 2.3651100005954504
279 281.07673085177623 280.0002089912993 2.373522000387311
280 281.06791637693408 280.0002090886469 2.3819059999659657
281 281.05918110880754 280.00020918511984 2.3902950007468462
282 281.05052432718412 280.00020928073008 2.3986889999359846
283 281.04194531862208 280.00020937547629 2.4071160005405545
284 281.03344337638049 280.00020946937201 2.4155680006369948
285 281.0250178003792 280.00020956242639 2.42401900049299
286 281.01666789707969 280.00020965464347 2.4324000002816319
287 281.0083929794751 280.00020974603194 2.4407910006120801
288 281.00019236697079 280.00020983660187 2.4491730006411672
289 280.99206538534645 280.00020992635802 2.4577660001814365
290 280.98401136668087 280.00021001530746 2.4662330001592636
291 280.97602964929865 280.00021010345779 2.4746120003983378
292 280.96811957768233 280.0002101908193 2.4830069998279214
293 280.96028050244416 280.00021027739399 2.4913950003683567
294 280.95251178021789 280.00021036319271 2.4997880002483726
295 280.94481277364338 280.00021044822279 2.5084580006077886
296 280.93718285128284 280.00021053248776 2.5169569998979568
297 280.92962138756366 280.0002106159975 2.525437000207603
298 280.92212776271373 280.00021069875669 2.533801999874413
299 280.91470136270948 280.000210780776 2.5421970002353191
300 280.90734157922975 280.0002108620572 2.5506230005994439
301 280.9000478095644 280.00021094261126 2.5591280004009604
302 280.89281945660753 280.00021102244017 2.5675420006737113
303 280.88565592874744 280.00021110155478 2.5759250000119209
304 280.87855663985846 280.00021117995993 2.5843099998310208
305 280.87152100922214 280.00021125766233 2.5926959998905659
306 280.86454846147166 280.00021133466834 2.6014240002259612
307 280.8576384265499 280.00021141098341 2.6098819999024272
308 280.85079033966792 280.00021148661534 2.6183200003579259
309 280.8440036412112 280.00021156156686 2.6267119999974966
310 280.83727777672595 280.00021163584944 2.6351190004497766
311 280.83061219687988 280.0002117094657 2.6435230001807213
312 280.82400635735524 280.00021178242281 2.6519210003316402
313 280.81745971887136 280.00021185472542 2.6604130007326603
314 280.81097174706861 280.00021192637894 2.6688379999250174
315 280.80454191251005 280.00021199739115 2.6772239999845624
316 280.79816969060113 280.00021206776671 2.6856040004640818
317 280.79185456158018 280.00021213751393 2.6940140007063746
318 280.78559601042707 280.00021220663257 2.7023980002850294
319 280.77939352684746 280.00021227513429 2.7108550006523728
320 280.77324660520543 280.00021234302153 2.719310000538826
321 280.76715474451794 280.00021241030083 2.7277009999379516
322 280.76111744836265 280.00021247697742 2.7360910000279546
323 280.75513422486341 280.00021254305699 2.7445200001820922
324 280.74920458662535 280.00021260854641 2.7529040006920695
325 280.74332805073686 280.00021267344516 2.7614590004086494
326 280.73750413865622 280.00021273776622 2.7698860000818968
327 280.73173237623587 280.00021280151066 2.778324999846518
328 280.72601229364125 280.00021286468188 2.7867320002987981
329 280.72034342532675 280.00021292729122 2.7951290002092719
330 280.7147253099879 280.0002129893374 2.8035170007497072
331 280.70915749053398 280.00021305082959 2.8119740001857281
332 280.70363951401333 280.00021311177039 2.8203880004584789
333 280.69817093162658 280.00021317216715 2.8288210006430745
334 280.69275129863439 280.00021323202202 2.8372170003131032
335 280.68738017436397 280.00021329134319 2.8456020001322031
336 280.68205712213916 280.00021335013116 2.8540070001035929
337 280.67678170926564 280.0002134083955 2.8625100003555417
338 280.67155350696089 280.00021346613499 2.8708920003846288
339 280.66637209034906 280.00021352335943 2.8793060006573796
340 280.66123703843226 280.00021358007137 2.8877260005101562
341 280.6561479340121 280.00021363627599 2.8961120005697012
342 280.65110436368508 280.0002136919793 2.9045660002157092
343 280.6461059177982 280.00021374718102 2.9130260003730655
344 280.64115219042355 280.00021380189099 2.9214150002226233
345 280.63624277930836 280.00021385611274 2.9298300007358193
346 280.63137728584388 280.00021390984762 2.9382380004972219
347 280.62655531504248 280.00021396310302 2.9466270003467798
348 280.62177647550305 280.00021401587958 2.9550390001386404
349 280.61704037934999 280.00021406818604 2.9635160006582737
350 280.61234664223292 280.00021412002263 2.9718900006264448
351 280.60769488329913 280.00021417139692 2.9803880006074905
352 280.60308472511781 280.00021422231129 2.9887770004570484
353 280.59851579368922 280.00021427277244 2.9971820004284382
354 280.59398771839813 280.0002143227801 3.0056220004335046
355 280.58950013197563 280.00021437234221 3.0140710007399321
356 280.58505267049361 280.00021442146112 3.0225570006296039
357 280.58064497329758 280.00021447014154 3.031012000516057
358 280.57627668298773 280.0002145183837 3.03940200060606
359 280.57194744542568 280.00021456619703 3.0477870004251599
360 280.56765690965983 280.00021461358233 3.0562310004606843
361 280.56340472788992 280.000214660545 3.0646680006757379
362 280.55919055550044 280.00021470708492 3.0730770006775856
363 280.55501405095021 280.00021475321364 3.0814910000190139
364 280.5508748758001 280.00021479892564 3.089894000440836
365 280.54677269466873 280.00021484422979 3.0985300000756979
366 280.54270717521064 280.00021488913285 3.1070370003581047
367 280.53867798806976 280.00021493363192 3.1154020000249147
368 280.53468480685945 280.00021497773093 3.1238150000572205
369 280.53072730814762 280.00021502143818 3.132188000716269
370 280.52680517142488 280.00021506475571 3.1406129999086261
371 280.52291807906255 280.00021510768357 3.1489960001781583
372 280.5190657163061 280.00021515022934 3.157434000633657
373 280.5152477712428 280.00021519239618 3.165858999826014
374 280.5114639347596 280.00021523418422 3.1742700003087521
375 280.5077139005474 280.00021527560267 3.1826520003378391
376 280.50399736504045 280.00021531664669 3.1910960003733635
377 280.50031402743497 280.00021535732702 3.1995299998670816
378 280.49666358962372 280.00021539764305 3.2079340005293489
379 280.4930457561818 280.0002154376009 3.2163940006867051
380 280.48946023435809 280.00021547719962 3.2248280001804233
381 280.48590673403311 280.00021551644392 3.2332200007513165
382 280.48238496769881 280.00021555533738 3.241656000725925
383 280.47889465045432 280.00021559388551 3.2500410005450249
384 280.47543549995169 280.00021563208691 3.2585190003737807
385 280.47200723637394 280.00021566994906 3.2669179998338223
386 280.46860958245497 280.00021570747668 3.2753170002251863
387 280.4652422633979 280.00021574466319 3.2837390005588531
388 280.46190500690386 280.00021578152024 3.2921270001679659
389 280.45859754310055 280.00021581804987 3.3005790002644062
390 280.45531960456776 280.00021585425003 3.3090139999985695
391 280.45207092628016 280.0002158901288 3.3174670003354549
392 280.4488512456075 280.000215925688 3.325866000726819
393 280.44566030227497 280.00021596092824 3.334247000515461
394 280.4424978383463 280.00021599585631 3.3426400003954768
395 280.43936359821134 280.0002160304694 3.3510650005191565
396 280.43625732858476 280.00021606477753 3.3595059998333454
397 280.43317877841577 280.0002160987774 3.3679070007055998
398 280.43012769894278 280.0002161324756 3.3763170000165701
399 280.42710384362869 280.00021616587156 3.3847320005297661
400 280.42410696816967 280.00021619896665 3.3931100005283952
401 280.42113683043721 280.00021623177037 3.401503000408411
402 280.41819319050069 280.00021626428224 3.4099400006234646
403 280.41527581057909 280.00021629650195 3.4183660000562668
404 280.41238445502597 280.00021632843294 3.4267359999939799
405 280.40951889032038 280.00021636008034 3.4351780004799366
406 280.40667888503754 280.00021639144671 3.4435980003327131
407 280.40386420983447 280.00021642253142 3.4519800003618002
408 280.40107463744221 280.00021645334158 3.4604860004037619
409 280.39830994260421 280.00021648387462 3.4689030004665256
410 280.39556990213038 280.00021651413516 3.4772870000451803
411 280.39285429480014 280.00021654412791 3.4857130004093051
412 280.39016290139728 280.00021657385264 3.4941000007092953
413 280.38749550468771 280.00021660331015 3.502488000318408
414 280.38485188936886 280.00021663250715 3.5110809998586774
415 280.38223184207612 280.00021666144386 3.5195340001955628
416 280.3796351513792 280.00021669012142 3.5279149999842048
417 280.37706160773422 280.00021671854631 3.5363020002841949
418 280.37451100348062 280.00021674671262 3.5447540003806353
419 280.3719831328296 280.00021677463059 3.5531750004738569
420 280.36947779183549 280.00021680230003 3.5616350006312132
421 280.36699477838607 280.00021682972346 3.5701050003990531
422 280.36453389219758 280.00021685690285 3.5784889999777079
423 280.36209493475815 280.00021688383816 3.5868950001895428
424 280.35967770936969 280.0002169105336 3.5952759999781847
425 280.35728202107953 280.00021693699239 3.6038440000265837
426 280.3549076767053 280.00021696321551 3.6123500000685453
427 280.35255448477074 280.0002169892054 3.6207929998636246
428 280.35022225556168 280.00021701496172 3.6291749998927116
429 280.34791080102616 280.00021704048902 3.6376510001718998
430 280.34561993483021 280.00021706579042 3.646102000027895
431 280.34334947228956 280.00021709086371 3.6545029999688268
432 280.34109923040199 280.00021711571543 3.662984000518918
433 280.33886902779324 280.00021714034807 3.6714040003716946
434 280.33665868473491 280.00021716475891 3.6798050003126264
435 280.33446802308725 280.00021718895374 3.6881990004330873
436 280.33229686632495 280.00021721292978 3.6966140000149608
437 280.33014503951233 280.00021723669602 3.7050350001081824
438 280.32801236927412 280.00021726024789 3.71346400026232
439 280.32589868380052 280.00021728359479 3.7218679999932647
440 280.3238038128178 280.00021730672768 3.7302569998428226
441 280.32172758759458 280.00021732965871 3.7386900000274181
442 280.31966984088564 280.00021735238732 3.747121000662446
443 280.31763040697325 280.0002173749096 3.7555740000680089
444 280.31560912162541 280.00021739723201 3.7640610001981258
445 280.31360582207304 280.00021741935723 3.7725320002064109
446 280.31162034701015 280.00021744128674 3.7809819998219609
447 280.30965253659173 280.00021746301837 3.7893930003046989
448 280.30770223239887 280.00021748455754 3.7977820001542568
449 280.30576927742567 280.00021750590543 3.8063059998676181
450 280.30385351609107 280.00021752706346 3.8153450004756451
451 280.3019547941991 280.00021754803095 3.8237650003284216
452 280.30007295895268 280.00021756881517 3.8322200002148747
453 280.2982078589045 280.00021758941534 3.8405969999730587
454 280.29635934399192 280.00021760983071 3.8490630006417632
455 280.29452726546469 280.00021763006498 3.8575260005891323
456 280.29271147595961 280.00021765011786 3.8659110004082322
457 280.29091182937748 280.0002176699947 3.8743040002882481
458 280.2891281809753 280.00021768969333 3.8827140005305409
459 280.28736038728243 280.00021770921649 3.8911300003528595
460 280.28560830613071 280.00021772856496 3.8995179999619722
461 280.28387179662758 280.0002177477445 3.9080950003117323
462 280.28215071913428 280.00021776675277 3.9164900006726384
463 280.2804449352717 280.00021778559091 3.9249220006167889
464 280.27875430789874 280.00021780426403 3.9333460005000234
465 280.27707870111203 280.00021782276838 3.9417449999600649
466 280.27541798022872 280.00021784110982 3.9501320002600551
467 280.27377201175591 280.00021785929027 3.9586430005729198
468 280.27214066343566 280.00021787730481 3.9670280003920197
469 280.27052380415438 280.00021789516222 3.9754050001502037
470 280.26892130400239 280.00021791286093 3.9837920004501939
471 280.26733303422606 280.00021793040241 3.9921890003606677
472 280.26575886723248 280.00021794778741 4.0006079999729991
473 280.26419867655989 280.00021796501767 4.0090939998626709
474 280.2626523369027 280.00021798209701 4.0175109999254346
475 280.26111972406932 280.00021799902362 4.0258980002254248
476 280.25960071497434 280.00021801579931 4.0343260001391172
477 280.25809518764839 280.00021803242493 4.0426799999549985
478 280.25660302121446 280.00021804890525 4.051057000644505
479 280.25512409587361 280.00021806523898 4.0595650002360344
480 280.25365829290524 280.00021808142907 4.0679379999637604
481 280.25220549465894 280.00021809747216 4.0763550000265241
482 280.2507655845335 280.00021811337353 4.0847470005974174
483 280.24933844698256 280.00021812913508 4.093129999935627
484 280.24792396747443 280.00021814475673 4.1018150001764297
485 280.24652203253243 280.00021816024019 4.1102720005437732
486 280.24513252969211 280.00021817558627 4.1186669999733567
487 280.24375534747338 280.00021819079592 4.1270500002428889
488 280.24239037543833 280.00021820587085 4.1354640005156398
489 280.24103750409438 280.00021822081271 4.1438960004597902
490 280.23969662496086 280.0002182356215 4.1523290006443858
491 280.23836763053174 280.00021825029853 4.1608340004459023
492 280.23705041425336 280.00021826484641 4.1692770002409816
493 280.23574487052201 280.00021827926582 4.1776910005137324
494 280.23445089470039 280.00021829355558 4.1860930006951094
495 280.23316838307539 280.00021830772238 4.1944989999756217
496 280.23189723286407 280.00021832175935 4.2029050001874566
497 280.2306373422258 280.00021833567337 4.2114110002294183
498 280.22938861020566 280.00021834946403 4.2198220007121563
499 280.22815093677104 280.00021836313522 4.2282079998403788
500 280.2269242227834 280.000218376681 4.2365840002894402
501 280.22570836998818 280.00021839010981 4.2450100006535649
502 280.22450328102155 280.00021840341896 4.25343899987638
503 280.22330885938806 280.00021841661112 4.2620689999312162
504 280.22212500946216 280.00021842968437 4.2704650005325675
505 280.22095163646793 280.00021844264404 4.278872000053525
506 280.21978864647804 280.00021845548792 4.2872800007462502
507 280.21863594642605 280.00021846821909 4.2956910002976656
508 280.21749344405691 280.00021848083708 4.3040990000590682
509 280.21636104796113 280.00021849334138 4.3125550001859665
510 280.21523866754296 280.00021850574001 4.3209770005196333
511 280.21412621301016 280.00021851802427 4.3293550005182624
512 280.21302359539368 280.0002185302011 4.3377440003678203
513 280.21193072651033 280.00021854227185 4.3461290001869202
514 280.21084751896603 280.00021855423262 4.3545350003987551
515 280.20977388616109 280.00021856609078 4.3629930000752211
516 280.20870974227296 280.00021857784338 4.3714340003207326
517 280.20765500222785 280.00021858949088 4.379866000264883
518 280.20660958173551 280.00021860104073 4.3882499998435378
519 280.20557339726253 280.00021861248371 4.3966270005330443
520 280.20454636601869 280.00021862382664 4.4050470003858209
521 280.20352840594342 280.00021863506709 4.413484999909997
522 280.20251943574573 280.00021864621004 4.4219479998573661
523 280.20151937482575 280.00021865725483 4.4303860003128648
524 280.20052814332684 280.00021866820202 4.4388120006769896
525 280.1995456621155 280.00021867905286 4.4472219999879599
526 280.19857185274918 280.00021868980627 4.4556320002302527
527 280.19760663750327 280.00021870046794 4.4642740003764629
528 280.19664993933714 280.00021871103291 4.4726570006459951
529 280.19570168192041 280.00021872150495 4.4810359999537468
530 280.19476178959161 280.00021873188558 4.4894139999523759
531 280.1938301873692 280.00021874217521 4.4978350000455976
532 280.1929068009465 280.00021875237383 4.506296000443399
533 280.19199155669128 280.00021876248229 4.5147130005061626
534 280.19108438162033 280.00021877250168 4.5231150006875396
535 280.19018520340956 280.00021878243183 4.5314970007166266
536 280.18929395038475 280.00021879227381 4.5398970004171133
537 280.18841055151194 280.00021880202928 4.5483039999380708
538 280.18753493640048 280.00021881170017 4.5568450000137091
539 280.18666703527896 280.00021882128652 4.5652260007336736
540 280.18580677900673 280.00021883078637 4.5736739998683333
541 280.18495409907848 280.00021884020447 4.5821000002324581
542 280.18410892757385 280.0002188495373 4.5904940003529191
543 280.18327119721243 280.00021885878999 4.5991470003500581
544 280.18244084130072 280.00021886796009 4.6075870003551245
545 280.18161779373554 280.00021887705083 4.6161470003426075
546 280.18080198902851 280.00021888606028 4.6245430000126362
547 280.17999336225972 280.00021889499197 4.6329220002517104
548 280.17919184910227 280.00021890384556 4.6413480006158352
549 280.1783973858042 280.0002189126165 4.6497340006753802
550 280.17760990917634 280.0002189213161 4.6582470005378127
551 280.17682935661469 280.00021892993885 4.6666450006887317
552 280.17605566605408 280.0002189384835 4.6750250002369285
553 280.17528877599784 280.0002189469522 4.6834590006619692
554 280.17452862551551 280.00021895534746 4.691839000210166
555 280.17377515419395 280.00021896366729 4.7002490004524589
556 280.17302830217955 280.00021897191579 4.708678999915719
557 280.17228801015568 280.00021898009192 4.7174599999561906
558 280.17155421933211 280.00021898819574 4.7259050002321601
559 280.17082687144949 280.00021899623027 4.7342840004712343
560 280.17010590876714 280.00021900419387 4.7427080003544688
561 280.16939127406238 280.00021901208333 4.7511160001158714
562 280.1686829106319 280.00021901990556 4.7594950003549457
563 280.16798076227485 280.00021902766218 4.7678890004754066
564 280.16728477329599 280.0002190353502 4.7762910006567836
565 280.16659488851008 280.00021904296938 4.7846760004758835
566 280.16591105319998 280.00021905052176 4.7930590007454157
567 280.16523321316686 280.00021905800702 4.8014380000531673
568 280.16456131467919 280.00021906542821 4.8098920006304979
569 280.16389530451107 280.00021907278489 4.8182709999382496
570 280.16323512988401 280.00021908007523 4.826651000417769
571 280.16258073850997 280.00021908730344 4.8350360002368689
572 280.16193207857674 280.00021909446468 4.8434260003268719
573 280.16128909871168 280.00021910156983 4.851804000325501
574 280.16065174802793 280.00021910860534 4.8601790005341172
575 280.16001997608015 280.00021911558468 4.8685640003532171
576 280.15939373289092 280.00021912249827 4.8769770003855228
577 280.15877296890693 280.00021912935614 4.8853520005941391
578 280.15815763504423 280.0002191361512 4.8937830002978444
579 280.15754768264196 280.00021914288885 4.9021550007164478
580 280.15694306348314 280.00021914956704 4.9105330007150769
581 280.15634372978951 280.00021915618652 4.9189079999923706
582 280.15574963419107 280.00021916274761 4.9272859999909997
583 280.15516072976419 280.00021916925061 4.9356720000505447
584 280.15457696998885 280.00021917569785 4.9440550003200769
585 280.15399830877726 280.0002191820879 4.9524280000478029
586 280.15342470044249 280.00021918842407 4.9608050007373095
587 280.15285609972614 280.00021919470328 4.9691790007054806
588 280.1522924617521 280.00021920092746 4.9775560004636645
589 280.1517337420579 280.00021920709838 4.9859319999814034
590 280.15117989657818 280.00021921321513 4.9943120004609227
591 280.15063088164305 280.00021921927976 5.0026860004290938
592 280.1500866539804 280.00021922528896 5.0110610006377101
593 280.14954717070503 280.00021923124734 5.0194390006363392
594 280.14901238929394 280.0002192371536 5.0278139999136329
595 280.14848226763974 280.00021924300637 5.0362459998577833
596 280.1479567639912 280.00021924881031 5.0446290001273155
597 280.14743583697322 280.00021925456537 5.0530190002173185
598 280.14691944559314 280.00021926026818 5.0613980004563928
599 280.14640754921425 280.0002192659224 5.0697699999436736
600 280.14590010756962 280.00021927152591 5.0781470006331801
601 280.1453970807471 280.00021927708065 5.0865219999104738
602 280.14489842920676 280.00021928258866 5.0949920006096363
603 280.14440411374778 280.00021928804756 5.1034059999510646
604 280.14391409553241 280.00021929346019 5.1118149999529123
605 280.14342833606014 280.0002192988249 5.1201920006424189
606 280.14294679717557 280.00021930414283 5.1285740006715059
607 280.14246944108294 280.00021930941529 5.1369500001892447
608 280.14199623031078 280.00021931463971 5.1453309999778867
609 280.14152712772528 280.00021931982161 5.1537080006673932
610 280.14106209653232 280.00021932495798 5.16208800021559
611 280.14060110025224 280.00021933004814 5.1704680006951094
612 280.14014410275638 280.00021933509498 5.178935999982059
613 280.13969106821656 280.00021934009885 5.1873200004920363
614 280.13924196114129 280.0002193450598 5.1957210004329681
615 280.13879674634518 280.00021934997591 5.2041090000420809
616 280.13835538896842 280.00021935484898 5.2124860007315874
617 280.13791785447097 280.00021935968351 5.2208630004897714
618 280.13748410859597 280.00021936447206 5.2292380006983876
619 280.13705411741694 280.00021936922099 5.2376129999756813
620 280.13662784730548 280.00021937392916 5.2459930004552007
621 280.13620526493889 280.00021937859651 5.2543740002438426
622 280.13578633727747 280.00021938322357 5.2627619998529553
623 280.13537103160326 280.00021938781049 5.2711500003933907
624 280.13495931546424 280.00021939235421 5.2795290006324649
625 280.13455115671957 280.0002193968615 5.2879090001806617
626 280.13414652350798 280.00021940132939 5.296289000660181
627 280.13374538425359 280.00021940576175 5.304662000387907
628 280.13334770766971 280.00021941015439 5.3130450006574392
629 280.13295346274157 280.00021941450888 5.3214690005406737
630 280.13256261873369 280.00021941882511 5.3298500003293157
631 280.13217514520517 280.00021942310502 5.3382270000874996
632 280.13179101195749 280.00021942734907 5.3466150006279349
633 280.13141018908487 280.00021943155355 5.3549920003861189
634 280.13103264694439 280.00021943572148 5.363374000415206
635 280.13065835615117 280.00021943985917 5.3717579999938607
636 280.13028728759559 280.00021944395604 5.380133000202477
637 280.12991941241478 280.00021944801927 5.3885070001706481
638 280.12955470202473 280.00021945204588 5.3968839999288321
639 280.12919312808128 280.0002194560401 5.4052579998970032
640 280.12883466250219 280.00021945999936 5.4136439999565482
641 280.12847927745912 280.00021946392445 5.4220150001347065
642 280.12812694536029 280.00021946781482 5.4303870005533099
643 280.12777763887283 280.00021947167164 5.4387670001015067
644 280.12743133090072 280.00021947549754 5.4471470005810261
645 280.12708799461109 280.00021947928866 5.4555219998583198
646 280.12674760337865 280.00021948304936 5.4639520002529025
647 280.12641013084851 280.00021948677397 5.4723300002515316
648 280.12607555088522 280.00021949046868 5.4807090004906058
649 280.12574383758391 280.00021949413258 5.4890820002183318
650 280.12541496528956 280.00021949776675 5.4974640002474189
651 280.125088908566 280.00021950136727 5.505842000246048
652 280.1247656422085 280.00021950493596 5.5142370006069541
653 280.12444514122029 280.00021950847798 5.5226159999147058
654 280.12412738086499 280.00021951198653 5.5310010006651282
655 280.12381233659119 280.00021951546552 5.539389000274241
656 280.12349998409331 280.00021951891233 5.5477809999138117
657 280.12319029927238 280.00021952233391 5.5561589999124408
658 280.12288325824511 280.00021952572536 5.5645500002428889
659 280.12257883735009 280.00021952908713 5.5729229999706149
660 280.12227701313174 280.00021953242037 5.5812990004196763
661 280.12197776234575 280.00021953572423 5.5896789999678731
662 280.12168106194781 280.00021953900119 5.5982389999553561
663 280.12138688913132 280.00021954225173 5.6066650003194809
664 280.1210952212457 280.00021954547259 5.6150839999318123
665 280.12080603588447 280.0002195486681 5.6234699999913573
666 280.1205193108209 280.00021955183354 5.6318439999595284
667 280.1202350240377 280.00021955497164 5.6402270002290606
668 280.11995315371064 280.00021955808631 5.6486170003190637
669 280.119673678212 280.00021956117268 5.6570030003786087
670 280.11939657611288 280.00021956423308 5.6653900006785989
671 280.1191218261614 280.00021956726687 5.6737670004367828
672 280.11884940731511 280.00021957027508 5.6821490004658699
673 280.11857929869717 280.00021957325907 5.6905399998649955
674 280.11831147965864 280.00021957621766 5.6989310001954436
675 280.11804592968355 280.00021957914993 5.7073119999840856
676 280.11778262847986 280.00021958205866 5.7158170007169247
677 280.11752155591438 280.00021958494381 5.7241990007460117
678 280.11726269205724 280.00021958780172 5.7326070005074143
679 280.1170060171325 280.00021959063611 5.7409860007464886
680 280.11675151155089 280.00021959344809 5.7494040001183748
681 280.11649915591522 280.00021959623518 5.7577809998765588
682 280.11624893097235 280.00021959899829 5.7661610003560781
683 280.11600081765692 280.00021960173848 5.7745449999347329
684 280.11575479708495 280.00021960445554 5.7829499999061227
685 280.11551085052491 280.00021960714878 5.7913300003856421
686 280.11526895942512 280.00021960982014 5.7997000003233552
687 280.11502910538843 280.00021961246972 5.8080810001119971
688 280.11479127019686 280.00021961509646 5.8164690006524324
689 280.11455543577489 280.0002196177017 5.8248399998992682
690 280.11432158424077 280.00021962028291 5.8332250006496906
691 280.11408969784003 280.00021962284552 5.8416120000183582
692 280.1138597589989 280.00021962538381 5.8500000005587935
693 280.11363175028947 280.00021962790288 5.8583840001374483
694 280.11340565445192 280.00021963039904 5.8667609998956323
695 280.11318145436792 280.00021963287691 5.8751509999856353
696 280.11295913308214 280.00021963533089 5.8835260001942515
697 280.11273867379316 280.00021963776555 5.8919379999861121
698 280.11252005983272 280.00021964018026 5.9003180004656315
699 280.11230327470196 280.00021964257382 5.9086910001933575
700 280.11208830204214 280.00021964494834 5.9170700004324317
701 280.11187512564936 280.00021964730354 5.9254560004919767
702 280.11166372944467 280.00021964963719 5.9338279999792576
703 280.11145409751833 280.00021965195475 5.9422100000083447
704 280.11124621407089 280.00021965424764 5.9505920000374317
705 280.11104006349348 280.00021965652491 5.958980000577867
706 280.11083563025915 280.0002196587842 5.9673620006069541
707 280.11063289902938 280.00021966102366 5.9757409999147058
708 280.1104318545747 280.00021966324238 5.9841350000351667
709 280.11023248182045 280.00021966544284 5.9925120007246733
710 280.11003476579543 280.00021966762836 6.0009050006046891
711 280.10983869170741 280.00021966979341 6.009353999979794
712 280.10964424486355 280.00021967194175 6.0177400000393391
713 280.10945141072108 280.00021967407093 6.0262370007112622
714 280.10926017484422 280.00021967618255 6.0346349999308586
715 280.10907052295676 280.00021967827769 6.043007000349462
716 280.10888244089307 280.00021968035406 6.0513810003176332
717 280.10869591460875 280.00021968241305 6.0597550002858043
718 280.1085109302096 280.00021968445844 6.0681300004944205
719 280.10832747389537 280.00021968648201 6.0765030002221465
720 280.10814553200737 280.00021968849262 6.0848820004612207
721 280.10796509102647 280.00021969048561 6.0933180004358292
722 280.10778613750375 280.00021969245972 6.1016960004344583
723 280.10760865816565 280.00021969442065 6.1100750006735325
724 280.10743263982192 280.00021969636549 6.1184860002249479
725 280.10725806942111 280.0002196982926 6.1268620006740093
726 280.1070849340058 280.00021970020532 6.1352380001917481
727 280.10691322076849 280.00021970210042 6.143623000010848
728 280.10674291698399 280.00021970398285 6.1520040007308125
729 280.10657401006313 280.00021970584766 6.1603830000385642
730 280.10640648751132 280.00021970769939 6.1687639998272061
731 280.10624033696377 280.00021970953088 6.1771680004894733
732 280.10607554615967 280.0002197113518 6.1855460004881024
733 280.10591210294331 280.00021971315635 6.1939300000667572
734 280.1057499952733 280.00021971494499 6.2022980004549026
735 280.10558921121361 280.00021971672146 6.2106710001826286
736 280.10542973893888 280.0002197184823 6.2190450001507998
737 280.10527156672265 280.00021972023092 6.227416000328958
738 280.10511468295425 280.00021972196316 6.235793000087142
739 280.10495907611187 280.00021972368154 6.2441680002957582
740 280.10480473479788 280.00021972538735 6.2525420002639294
741 280.10465164769761 280.00021972707685 6.2609149999916553
742 280.10449980361096 280.00021972875447 6.2692910004407167
743 280.10434919142318 280.0002197304168 6.2776629999279976
744 280.10419980013688 280.00021973206714 6.2860440006479621
745 280.10405161884972 280.00021973370275 6.2944229999557137
746 280.10390463673701 280.0002197353279 6.3027920005843043
747 280.10375884309497 280.00021973693674 6.3111760001629591
748 280.10361422731722 280.00021973853245 6.3196120001375675
749 280.10347077887457 280.00021974011753 6.3279860001057386
750 280.10332848732992 280.00021974169209 6.3363600000739098
751 280.10318734237023 280.0002197432508 6.3447380000725389
752 280.10304733374096 280.00021974479495 6.3531140005216002
753 280.10290845129077 280.00021974632972 6.361498000100255
754 280.10277068497987 280.00021974785153 6.3698740005493164
755 280.10263402482423 280.00021974936078 6.3782540000975132
756 280.10249846095149 280.00021975085866 6.3866490004584193
757 280.10236398357279 280.00021975234313 6.3950249999761581
758 280.10223058299283 280.00021975381713 6.4034029999747872
759 280.10209824957923 280.00021975527898 6.4117820002138615
760 280.10196697382116 280.00021975672524 6.4201600002124906
761 280.1018367462645 280.00021975816742 6.4285310003906488
762 280.10170755756235 280.00021975959305 6.4369040001183748
763 280.10157939842696 280.00021976100879 6.4452830003574491
764 280.10145225967671 280.00021976241379 6.4536610003560781
765 280.10132613219076 280.00021976380702 6.4620740003883839
766 280.10120100695985 280.00021976518872 6.4704510001465678
767 280.10107687502648 280.00021976655955 6.4788300003856421
768 280.10095372751994 280.00021976792044 6.487207000143826
769 280.10083155566366 280.00021976926769 6.4955710005015135
770 280.10071035075146 280.00021977060754 6.5039790002629161
771 280.10059010414801 280.00021977193666 6.5123479999601841
772 280.1004708072935 280.00021977325326 6.520771000534296
773 280.10035245173026 280.00021977455975 6.5291430000215769
774 280.10023502904312 280.00021977585709 6.5375260002911091
775 280.10011853091498 280.00021977714334 6.5459010004997253
776 280.10000294909378 280.00021977841982 6.5542760007083416
777 280.099888275404 280.00021977968646 6.5626480001956224
778 280.09977450174495 280.00021978094293 6.5710470005869865
779 280.09966162008925 280.00021978218803 6.5794200003147125
780 280.099549622469 280.00021978342397 6.5878030005842447
781 280.09943850101388 280.0002197846531 6.596390999853611
782 280.09932824788979 280.00021978586926 6.6048220004886389
783 280.09921885536437 280.00021978707917 6.6132150003686547
784 280.09911031576712 280.00021978827596 6.6215949999168515
785 280.09900262145908 280.00021978946575 6.6299809999763966
786 280.09889576493867 280.00021979064724 6.6383670000359416
787 280.09878973871474 280.00021979181815 6.6467400006949902
788 280.09868453538365 280.0002197929789 6.655120000243187
789 280.09858014761619 280.00021979413287 6.6635070005431771
790 280.09847656812883 280.0002197952752 6.6718859998509288
791 280.09837378973106 280.00021979641122 6.6802700003609061
792 280.09827180525372 280.00021979753785 6.6886520003899932
793 280.09817060764288 280.0002197986567 6.6970330001786351
794 280.0980701898734 280.00021979976384 6.7054170006886125
795 280.09797054499677 280.0002198008649 6.7138040000572801
796 280.09787166611136 280.0002198019572 6.7221870003268123
797 280.09777354640585 280.0002198030399 6.7305590007454157
798 280.0976761790991 280.00021980411731 6.7389370007440448
799 280.0975795574987 280.00021980518414 6.7473430000245571
800 280.09748367495166 280.00021980624319 6.7557220002636313
801 280.09738852487067 280.00021980729525 6.7640980007126927
802 280.0972941007239 280.00021980833645 6.7724740002304316
803 280.09720039605151 280.0002198093735 6.7808469999581575
804 280.09710740443813 280.00021981039805 6.7892260001972318
805 280.0970151195346 280.00021981141703 6.7976029999554157
806 280.09692353504499 280.00021981242992 6.8059760006144643
807 280.09683264471442 280.0002198134323 6.814360000193119
808 280.09674244237789 280.00021981442791 6.8227380001917481
809 280.09665292189607 280.00021981541749 6.8311149999499321
810 280.09656407720109 280.00021981640197 6.8394870003685355
811 280.09647590227166 280.00021981737353 6.8478620005771518
812 280.09638839113433 280.0002198183405 6.8562380000948906
813 280.09630153789305 280.00021981930064 6.8646109998226166
814 280.09621533667541 280.00021982025135 6.8729950003325939
815 280.0961297816865 280.00021982119546 6.8813630007207394
816 280.09604486716017 280.0002198221344 6.8898130003362894
817 280.09596058741209 280.00021982306384 6.8981840005144477
818 280.09587693677378 280.00021982398692 6.9065590007230639
819 280.0957939096408 280.00021982490563 6.9149390002712607
820 280.09571150048146 280.00021982581541 6.923310000449419
821 280.09562970378022 280.00021982671751 6.9316920004785061
822 280.09554851409649 280.00021982761393 6.940073000267148
823 280.09546792601463 280.00021982850603 6.9484370006248355
824 280.09538793418949 280.00021982938978 6.9568190006539226
825 280.09530853332194 280.00021983026443 6.9652019999921322
826 280.09522971813385 280.00021983113692 6.9735690001398325
827 280.09515148342643 280.00021983199861 6.9819430001080036
828 280.09507382403228 280.00021983285762 6.9903629999607801
829 280.09499673483782 280.00021983370834 6.9987409999594092
830 280.09492021076318 280.00021983455321 7.0071210004389286
831 280.09484424678266 280.000219835395 7.0154960006475449
832 280.09476883792388 280.00021983622565 7.023874000646174
833 280.09469397923323 280.00021983705403 7.0322950007393956
834 280.09461966583314 280.000219837874 7.0406720004975796
835 280.09454589286173 280.00021983868902 7.0490420004352927
836 280.09447265552075 280.00021983949779 7.0574200004339218
837 280.09439994905 280.00021984029934 7.0657910006120801
838 280.09432776872239 280.00021984109782 7.0741690006107092
839 280.0942561098654 280.00021984188919 7.0825510006397963
840 280.09418496783235 280.00021984267522 7.090921999886632
841 280.0941143380457 280.00021984345528 7.0993880005553365
842 280.09404421594644 280.00021984422767 7.10778299998492
843 280.09397459701586 280.00021984499807 7.1161950007081032
844 280.09390547679277 280.00021984576273 7.1245750002563
845 280.09383685084032 280.00021984651931 7.1329530002549291
846 280.09376871476434 280.00021984727078 7.1413360005244613
847 280.09370106421096 280.00021984801879 7.1497900001704693
848 280.0936338948772 280.00021984875951 7.1581650003790855
849 280.09356720247632 280.00021984949842 7.1665449999272823
850 280.09350098277713 280.00021985022948 7.1749590002000332
851 280.09343523158373 280.00021985095532 7.1833359999582171
852 280.09336994472494 280.00021985167473 7.1917170006781816
853 280.09330511809395 280.00021985239243 7.2000959999859333
854 280.09324074759337 280.00021985310252 7.2084849998354912
855 280.09317682916941 280.00021985380857 7.2168580004945397
856 280.09311335881949 280.00021985450661 7.2252320004627109
857 280.09305033255248 280.00021985520601 7.2336039999499917
858 280.09298774643645 280.00021985589643 7.2419819999486208
859 280.09292559656996 280.00021985658225 7.2503540003672242
860 280.09286387906741 280.0002198572646 7.2587390001863241
861 280.09280259009915 280.000219857942 7.2671119999140501
862 280.09274172585742 280.00021985861343 7.2754890006035566
863 280.09268128257651 280.00021985928123 7.2838580003008246
864 280.09262125652907 280.00021985994414 7.2922300007194281
865 280.09256164400438 280.00021986060102 7.3006120007485151
866 280.09250244134211 280.00021986125637 7.30897600017488
867 280.09244364490132 280.00021986190404 7.317395000718534
868 280.09238525107486 280.00021986255109 7.3257750002667308
869 280.09232725630665 280.00021986318973 7.3341589998453856
870 280.09226965704966 280.00021986382671 7.3425340000540018
871 280.09221244979113 280.0002198644583 7.3509070007130504
872 280.09215563106812 280.00021986508676 7.3592850007116795
873 280.09209919742756 280.00021986570943 7.3676620004698634
874 280.09204314546207 280.00021986632618 7.3760440004989505
875 280.091987471783 280.00021986694344 7.3844240000471473
876 280.09193217305028 280.00021986755439 7.3927970007061958
877 280.09187724592783 280.00021986816023 7.4011780004948378
878 280.09182268713005 280.00021986876351 7.4095520004630089
879 280.09176849339292 280.00021986936207 7.4179210001602769
880 280.09171466148655 280.00021986995699 7.4263059999793768
881 280.09166118820048 280.00021987054549 7.434681000187993
882 280.09160807035778 280.00021987113234 7.4430590001866221
883 280.09155530481326 280.00021987171539 7.4514330001547933
884 280.09150288845007 280.00021987229417 7.4598650000989437
885 280.09145081817883 280.00021987286971 7.4682450005784631
886 280.09139909093028 280.00021987343882 7.4766150005161762
887 280.09134770367115 280.00021987400714 7.4849930005148053
888 280.09129665339242 280.00021987457177 7.4933710005134344
889 280.09124593711061 280.00021987513225 7.5017510000616312
890 280.09119555187289 280.00021987569045 7.5101300003007054
891 280.0911454947468 280.00021987624342 7.5185050005093217
892 280.09109576283834 280.00021987679094 7.5268769999966025
893 280.0910463532594 280.00021987733749 7.5352560002356768
894 280.09099726316771 280.00021987788028 7.5436340002343059
895 280.09094848973342 280.00021987841757 7.552000000141561
896 280.09090003015922 280.00021987895218 7.5603720005601645
897 280.09085188166853 280.00021987948492 7.5687460005283356
898 280.09080404151564 280.0002198800114 7.5771230002865195
899 280.09075650696872 280.00021988053811 7.5855010002851486
900 280.09070927533469 280.00021988105976 7.5940180001780391
901 280.09066234393293 280.00021988157778 7.602441000752151
902 280.09061571010744 280.00021988209136 7.6108499998226762
903 280.09056937123682 280.00021988260482 7.6192510006949306
904 280.0905233247106 280.00021988311386 7.6276210006326437
905 280.09047756794706 280.00021988361834 7.6360020004212856
906 280.09043209838819 280.00021988412232 7.6443770006299019
907 280.09038691349974 280.000219884621 7.6527570001780987
908 280.09034201076958 280.00021988511503 7.6611400004476309
909 280.09029738770312 280.00021988560826 7.66951800044626
910 280.09025304183194 280.00021988609711 7.677904000505805
911 280.09020897071224 280.00021988658659 7.6862860005348921
912 280.09016517192293 280.00021988706806 7.6946700001135468
913 280.09012164305693 280.00021988754821 7.7030540006235242
914 280.09007838173198 280.00021988802689 7.7114580003544688
915 280.09003538559307 280.00021988850108 7.7198350001126528
916 280.0899926522967 280.00021988897436 7.7282060002908111
917 280.08995017952924 280.00021988944377 7.7365899998694658
918 280.08990796499717 280.00021988991006 7.7450100006535649
919 280.08986600641373 280.00021989037242 7.7533929999917746
920 280.08982430153594 280.00021989083365 7.7617700006812811
921 280.08978284811042 280.00021989128993 7.7701400006189942
922 280.08974164394596 280.00021989174485 7.7785189999267459
923 280.08970068682345 280.00021989219994 7.7868910003453493
924 280.08965997457943 280.00021989264815 7.7952770004048944
925 280.08961950505932 280.00021989309516 7.8036520006135106
926 280.08957927611789 280.00021989353792 7.8120309999212623
927 280.08953928564091 280.00021989398277 7.8204120006412268
928 280.08949953153558 280.00021989441865 7.8287890003994107
929 280.08946001170909 280.00021989485646 7.8371620001271367
930 280.08942072411037 280.00021989528994 7.8455480001866817
931 280.08938166669049 280.00021989572247 7.85391900036484
932 280.08934283742207 280.00021989615078 7.8622970003634691
933 280.08930423430405 280.00021989657876 7.8706700000911951
934 280.08926585535431 280.00021989700133 7.8790460005402565
935 280.08922769858083 280.0002198974218 7.8874599998816848
936 280.08918976204848 280.00021989784204 7.8958400003612041
937 280.0891520438193 280.00021989825643 7.9042110005393624
938 280.08911454197062 280.00021989867224 7.9125850005075336
939 280.08907725460557 280.00021989908419 7.9209630005061626
940 280.08904017983372 280.00021989948988 7.9293400002643466
941 280.08900331579378 280.00021989990063 7.937716000713408
942 280.0889666606277 280.00021990030433 7.9460880002006888
943 280.08893021251157 280.00021990070559 7.9544670004397631
944 280.08889396961973 280.00021990110758 7.9628450004383922
945 280.08885793015781 280.00021990150327 7.9712200006470084
946 280.08882209232985 280.00021990190015 7.9795980006456375
947 280.08878645437841 280.00021990229493 7.9879680005833507
948 280.08875101454475 280.00021990268601 7.9963429998606443
949 280.08871577109647 280.00021990307511 8.0047190003097057
950 280.08868072230126 280.00021990346221 8.013090000487864
951 280.08864586645694 280.00021990384744 8.0214660000056028
952 280.08861120188106 280.00021990422783 8.0299070002511144
953 280.0885767268843 280.00021990461147 8.0382790006697178
954 280.08854243981619 280.00021990499005 8.0466570006683469
955 280.08850833902085 280.00021990536624 8.0550370002165437
956 280.08847442287504 280.00021990574089 8.063408000394702
957 280.08844068975321 280.00021990611253 8.0719090001657605
958 280.08840713806205 280.00021990648366 8.0802850006148219
959 280.08837376621028 280.00021990685127 8.088663000613451
960 280.08834057262453 280.00021990721751 8.097227000631392
961 280.08830755574388 280.00021990758279 8.1056200005114079
962 280.08827471401924 280.00021990794659 8.1140330005437136
963 280.08824204592355 280.00021990830737 8.1224180003628135
964 280.08820954994462 280.0002199086656 8.1307950001209974
965 280.08817722455984 280.00021990902621 8.1391780003905296
966 280.08814506829884 280.00021990937688 8.1475550001487136
967 280.08811307966789 280.00021990973102 8.1559460004791617
968 280.08808125720731 280.00021991008231 8.1643270002678037
969 280.08804959947253 280.00021991043394 8.1727440003305674
970 280.08801810501541 280.00021991078171 8.1811250001192093
971 280.08798677241845 280.00021991112737 8.1895170006901026
972 280.08795560025737 280.00021991147167 8.197906999848783
973 280.08792458714834 280.00021991181313 8.2062870003283024
974 280.08789373168787 280.00021991215499 8.2146720001474023
975 280.08786303252037 280.00021991249389 8.2230609999969602
976 280.08783248826188 280.00021991283199 8.2314340006560087
977 280.08780209757083 280.00021991316777 8.2398070003837347
978 280.08777185911379 280.00021991349922 8.2482010005041957
979 280.08774177155613 280.00021991383278 8.256572000682354
980 280.08771183358562 280.00021991416298 8.2649640003219247
981 280.08768204391072 280.00021991449387 8.2733439998701215
982 280.08765240121511 280.0002199148197 8.2817270001396537
983 280.08762290424255 280.00021991514473 8.290119000710547
984 280.08759355171401 280.00021991547072 8.2984930006787181
985 280.08756434237182 280.00021991579371 8.30687400046736
986 280.08753527497601 280.0002199161122 8.3152900002896786
987 280.08750634829158 280.00021991643297 8.3236739998683333
988 280.08747756109335 280.00021991675055 8.3320500003173947
989 280.08744891216332 280.00021991706967 8.3404360003769398
990 280.08742040031484 280.00021991738083 8.3488130001351237
991 280.08739202433651 280.00021991769427 8.3571850005537271
992 280.08736378306628 280.00021991800639 8.3655700003728271
993 280.08733567533079 280.0002199183163 8.3739450005814433
994 280.08730769996635 280.00021991862792 8.3823070004582405
995 280.08727985582192 280.00021991893362 8.3906890004873276
996 280.08725214176843 280.00021991923933 8.3990790005773306
997 280.08722455666833 280.00021991954515 8.4074579998850822
998 280.08719709941323 280.00021991984687 8.4158250000327826
999 280.08716976888434 280.00021992015041 8.4242059998214245
1000 280.08714256398861 280.00021992044935 8.432579000480473
