iterat. internal-T external-T elapsed-time
0 300 280 0.0091260001063346863
1 299.19999999999868 280.0000088353122 0.016493000090122223
2 298.52813741741454 280.00001625546093 0.022972000762820244
3 297.94710600452311 280.00002267245816 0.029265000484883785
4 297.43349718286157 280.0000283448249 0.035672000609338284
5 296.97180041472296 280.00003344386818 0.042267000302672386
6 296.55130638030414 280.00003808786539 0.048673000186681747
7 296.16435677203174 280.00004236139267 0.055133000016212463
8 295.80530500684097 280.0000463268168 0.061565999872982502
9 295.46987441645211 280.0000500313563 0.068061999976634979
10 295.15474864618409 280.00005351165129 0.074343999847769737
11 294.8573023636298 280.00005679669266 0.080988000147044659
12 294.57541936238187 280.00005990984721 0.090356000699102879
13 294.30736659798703 280.00006287025985 0.098300999961793423
14 294.05170493986572 280.00006569382515 0.10647900030016899
15 293.80722459684267 280.00006839390016 0.11352100037038326
16 293.57289749130433 280.00007098184341 0.11994600016623735
17 293.3478415146156 280.00007346739233 0.12632100004702806
18 293.1312932699168 280.00007585898459 0.13260400015860796
19 292.92258698416094 280.00007816396322 0.13892600033432245
20 292.72113797695749 280.00008038879707 0.14540100004523993
21 292.52642954511902 280.00008253918315 0.15209200046956539
22 292.33800244262028 280.00008462019997 0.15854400023818016
23 292.15544635734511 280.00008663637601 0.16539300046861172
24 291.97839294191635 280.0000885917799 0.17172300070524216
25 291.80651006684582 280.00009049007781 0.17804300040006638
26 291.63949704460578 280.00009233459286 0.18436500057578087
27 291.47708063187963 280.00009412834311 0.19072800036519766
28 291.31901166082656 280.00009587408061 0.19702600035816431
29 291.16506218269933 280.00009757432059 0.20332599990069866
30 291.01502303191296 280.0000992313735 0.21008800063282251
31 290.86870173745893 280.0001008473663 0.2164300000295043
32 290.72592072306281 280.00010242425856 0.22272600047290325
33 290.58651574885158 280.00010396386801 0.22902199998497963
34 290.45033455612872 280.00010546787257 0.23541200067847967
35 290.3172356838665 280.00010693783605 0.24173300061374903
36 290.18708743107459 280.00010837521103 0.24805899988859892
37 290.05976694369036 280.00010978135936 0.25831800047308207
38 289.93515940824233 280.0001111575408 0.26743500027805567
39 289.81315733741303 280.0001125049493 0.27612899988889694
40 289.69365993503004 280.00011382469631 0.28443200048059225
41 289.57657253000605 280.00011511782628 0.29488600045442581
42 289.46180607024797 280.00011638532436 0.30378000065684319
43 289.34927666901331 280.00011762811414 0.31429299991577864
44 289.23890519717463 280.00011884707226 0.32157200016081333
45 289.13061691592327 280.00012004302476 0.33012600056827068
46 289.02434114502631 280.00012121674843 0.3379310006275773
47 288.92001096261004 280.00012236898476 0.34587900061160326
48 288.8175629328519 280.00012350043755 0.35488300025463104
49 288.7169368584652 280.00012461176641 0.36182700004428625
50 288.61807555530675 280.00012570360434 0.36985000036656857
51 288.52092464675064 280.00012677655269 0.37828500010073185
52 288.42543237567753 280.00012783118081 0.38808399997651577
53 288.33154943240351 280.00012886803904 0.39437200035899878
54 288.23922879678975 280.00012988764212 0.40072800032794476
55 288.14842559324381 280.00013089048554 0.40730200055986643
56 288.05909695726399 280.00013187704258 0.41366200055927038
57 287.97120191253447 280.0001328477681 0.4199570007622242
58 287.88470125742788 280.00013380309719 0.42634400073438883
59 287.79955746018936 280.00013474343893 0.43264700006693602
60 287.71573456191607 280.00013566918938 0.43896100018173456
61 287.63319808667433 280.00013658073505 0.4452520003542304
62 287.55191495810459 280.00013747843713 0.45158500038087368
63 287.47185342198685 280.00013836265066 0.45809600036591291
64 287.39298297421192 280.00013923370562 0.46443800069391727
65 287.31527429371107 280.0001400919312 0.47072700038552284
66 287.2386991799836 280.00014093763826 0.47705600038170815
67 287.1632304947679 280.00014177112536 0.48336500022560358
68 287.08884210757924 280.00014259268119 0.48975900001823902
69 287.01550884479144 280.00014340258315 0.49604400061070919
70 286.9432064419737 280.00014420110131 0.50233899988234043
71 286.87191149922893 280.00014498849305 0.50975200068205595
72 286.80160143935109 280.00014576500598 0.51708000060170889
73 286.73225446850086 280.00014653088408 0.52362400013953447
74 286.66384953931987 280.00014728635813 0.53013200033456087
75 286.59636631619782 280.00014803165124 0.53661700058728456
76 286.52978514261565 280.00014876698299 0.54291800037026405
77 286.46408701040906 280.00014949256189 0.54943700041621923
78 286.39925353073329 280.00015020859627 0.55611000023782253
79 286.33526690674455 280.0001509152728 0.56277099996805191
80 286.27210990775291 280.00015161278998 0.56920100003480911
81 286.20976584485243 280.00015230132459 0.57548900041729212
82 286.14821854783088 280.00015298106149 0.58191000018268824
83 286.08745234336232 280.0001536521732 0.59003300033509731
84 286.02745203433739 280.00015431482461 0.59721300005912781
85 285.96820288027834 280.00015496917905 0.60366500075906515
86 285.90969057878584 280.00015561539584 0.61043000034987926
87 285.85190124793166 280.00015625363022 0.61671800073236227
88 285.79482140952138 280.00015688402732 0.62309900019317865
89 285.73843797322746 280.00015750673595 0.62959600053727627
90 285.68273822148484 280.0001581218915 0.63604900054633617
91 285.62770979513255 280.0001587296336 0.64242599997669458
92 285.57334067974693 280.00015933009502 0.64872200042009354
93 285.51961919263658 280.00015992340349 0.65514300018548965
94 285.46653397043252 280.0001605096835 0.66212400048971176
95 285.41407395728595 280.00016108905879 0.66863400023430586
96 285.36222839357202 280.00016166164818 0.67494500055909157
97 285.31098680516493 280.0001622275671 0.68144300021231174
98 285.26033899314041 280.00016278693175 0.68780900072306395
99 285.21027502397959 280.00016333984439 0.69428100064396858
100 285.16078522018739 280.00016388641592 0.70061300043016672
101 285.11186015134433 280.00016442675133 0.70697400067001581
102 285.06349062549839 280.00016496095026 0.71368800010532141
103 285.01566768099309 280.00016548911441 0.72019000072032213
104 284.9683825785965 280.000166011337 0.72660800069570541
105 284.92162679396569 280.00016652771711 0.73291400074958801
106 284.87539201045826 280.0001670383416 0.73939700052142143
107 284.82967011220035 280.00016754329914 0.74574699997901917
108 284.78445317746059 280.00016804268137 0.75221300031989813
109 284.73973347230162 280.00016853657161 0.75851100031286478
110 284.69550344446225 280.00016902505342 0.76493899989873171
111 284.65175571750643 280.00016950821089 0.7715000007301569
112 284.60848308519695 280.00016998612011 0.77788399998098612
113 284.56567850607968 280.00017045885971 0.78435100056231022
114 284.52333509830316 280.00017092650484 0.79063499998301268
115 284.48144613459925 280.00017138913211 0.79713200032711029
116 284.44000503751113 280.00017184681383 0.80353699997067451
117 284.39900537474165 280.0001722996214 0.81013000011444092
118 284.35844085472547 280.00017274762081 0.81642100028693676
119 284.31830532235568 280.00017319088346 0.8230770006775856
120 284.27859275483024 280.00017362947574 0.82957600057125092
121 284.23929725773189 280.00017406346274 0.83603399991989136
122 284.20041306115536 280.00017449290397 0.84237000066787004
123 284.16193451607108 280.00017491786537 0.84871899988502264
124 284.12385609072982 280.00017533840855 0.85514600016176701
125 284.08617236728213 280.00017575459214 0.86179200001060963
126 284.04887803844349 280.0001761664775 0.86821400001645088
127 284.01196790434403 280.00017657411803 0.87450300063937902
128 283.97543686941941 280.00017697757272 0.88095900043845177
129 283.93927993947744 280.00017737689325 0.8874470004811883
130 283.90349221883207 280.00017777213941 0.89393200073391199
131 283.86806890752905 280.00017816335821 0.9002240002155304
132 283.83300529869615 280.00017855060639 0.90669800061732531
133 283.79829677596337 280.00017893393311 0.91320900060236454
134 283.76393881096271 280.00017931338544 0.91971500031650066
135 283.72992696095116 280.00017968902 0.92620899993926287
136 283.69625686646356 280.00018006087691 0.93252500053495169
137 283.66292424907886 280.00018042900746 0.93896700069308281
138 283.62992490925581 280.00018079345477 0.94545500073581934
139 283.597254724229 280.00018115427048 0.95193500071763992
140 283.56490964597009 280.00018151149396 0.95835400000214577
141 283.53288569924968 280.0001818651703 0.96489300020039082
142 283.50117897971717 280.0001822153456 0.97134400065988302
143 283.46978565208161 280.00018256205692 0.97775899991393089
144 283.43870194831118 280.00018290534848 0.98410100024193525
145 283.40792416594746 280.00018324526394 0.9904150003567338
146 283.3774486664048 280.00018358183939 0.99688900075852871
147 283.34727187338535 280.00018391511401 1.0032510003075004
148 283.31739027129845 280.00018424513297 1.0098870005458593
149 283.28780040376381 280.00018457192795 1.016189000569284
150 283.25849887214599 280.00018489553867 1.0227580005303025
151 283.22948233411688 280.00018521600066 1.0292640002444386
152 283.20074750231572 280.00018553335246 1.0358250001445413
153 283.172291142983 280.00018584762887 1.0421170005574822
154 283.1441100746955 280.00018615886512 1.0485709998756647
155 283.11620116709469 280.0001864670952 1.0550380004569888
156 283.08856133969357 280.00018677235323 1.0615860000252724
157 283.0611875606885 280.00018707467206 1.0680320002138615
158 283.03407684581759 280.00018737408737 1.0743479998782277
159 283.00722625727133 280.00018767062983 1.0808390006422997
160 282.98063290259279 280.00018796432965 1.0880610002204776
161 282.95429393367152 280.00018825522079 1.0971980001777411
162 282.92820654569368 280.00018854333359 1.1062409998849034
163 282.90236797620145 280.00018882869898 1.1155230002477765
164 282.87677550411343 280.00018911134566 1.1564400000497699
165 282.8514264488258 280.00018939130501 1.1701290002092719
166 282.82631816929393 280.00018966860335 1.1765560004860163
167 282.80144806317463 280.00018994327189 1.1828410001471639
168 282.77681356598714 280.0001902153395 1.1893230006098747
169 282.75241215027557 280.00019048483068 1.1957980003207922
170 282.7282413248372 280.00019075177806 1.2022210005670786
171 282.70429863391877 280.00019101620387 1.208509000018239
172 282.6805816564879 280.000191278138 1.2151510007679462
173 282.65708800550226 280.00019153760547 1.2228600000962615
174 282.6338153271829 280.00019179463197 1.2294380003586411
175 282.61076130034593 280.00019204924297 1.2359060002490878
176 282.58792363570785 280.00019230146677 1.2421949999406934
177 282.56530007525492 280.00019255132406 1.2485720003023744
178 282.54288839160597 280.00019279884162 1.2550579998642206
179 282.52068638738047 280.00019304404339 1.2617960004135966
180 282.49869189462163 280.00019328695373 1.2683629998937249
181 282.47690277419809 280.00019352759642 1.2746450006961823
182 282.45531691523689 280.00019376599602 1.281072000041604
183 282.43393223458366 280.00019400216968 1.2877310002222657
184 282.41274667625385 280.00019423614577 1.2943140007555485
185 282.39175821091339 280.0001944679459 1.3006159998476505
186 282.37096483537914 280.00019469759098 1.3070539999753237
187 282.35036457210771 280.00019492510222 1.3143460005521774
188 282.32995546872058 280.00019515050428 1.3207250004634261
189 282.30973559755085 280.00019537381485 1.3270270004868507
190 282.28970305515617 280.00019559505751 1.3333189999684691
191 282.26985596189604 280.00019581425204 1.3396570002660155
192 282.25019246149543 280.00019603142039 1.3459890000522137
193 282.23071072060486 280.0001962465775 1.3523280005902052
194 282.21140892842294 280.00019645974834 1.3586420007050037
195 282.19228529625246 280.00019667095273 1.3652180004864931
196 282.17333805714532 280.0001968802103 1.3715540003031492
197 282.15456546550797 280.0001970875357 1.3778739999979734
198 282.13596579672418 280.0001972929532 1.3841980006545782
199 282.11753734680053 280.00019749648021 1.3906620005145669
200 282.09927843201223 280.00019769813457 1.398594000376761
201 282.08118738855575 280.00019789793288 1.4050740003585815
202 282.06326257220934 280.00019809589998 1.411752000451088
203 282.04550235802424 280.00019829204655 1.4195730006322265
204 282.0279051399736 280.00019848639198 1.4264680007472634
205 282.01046933066419 280.00019867895452 1.4367820005863905
206 281.99319336102548 280.00019886975252 1.443673999980092
207 281.97607568001519 280.00019905880396 1.4499880000948906
208 281.95911475431353 280.00019924612218 1.4564209999516606
209 281.94230906805137 280.00019943172714 1.4627069998532534
210 281.92565712254179 280.00019961563282 1.4690720001235604
211 281.90915743599635 280.00019979785776 1.475492000579834
212 281.89280854325858 280.0001999784173 1.4818029999732971
213 281.87660899555658 280.00020015732741 1.4881000006571412
214 281.86055736023809 280.00020033460311 1.4944179998710752
215 281.84465222054973 280.00020051026002 1.5007600001990795
216 281.82889217535165 280.00020068431775 1.5073400000110269
217 281.81327583892539 280.00020085678563 1.5137840006500483
218 281.79780184071825 280.00020102768474 1.5200709998607635
219 281.78246882512718 280.00020119702498 1.5263740001246333
220 281.76727545127324 280.00020136482368 1.5327210007235408
221 281.75222039279123 280.00020153109432 1.5390400001779199
222 281.73730233761506 280.0002016958519 1.5453340001404285
223 281.72251998777523 280.00020185910967 1.5516900001093745
224 281.70787205918202 280.00020202088314 1.5583979999646544
225 281.69335728145649 280.00020218118823 1.5647499999031425
226 281.67897439770775 280.00020234003398 1.5711420001462102
227 281.66472216435756 280.00020249743716 1.5774830002337694
228 281.6505993509565 280.00020265341476 1.5838220007717609
229 281.63660473999488 280.00020280797048 1.5901640001684427
230 281.62273712672629 280.00020296112763 1.5964780002832413
231 281.6089953189994 280.00020311289484 1.60277200024575
232 281.595378137078 280.00020326328547 1.6095550004392862
233 281.58188441348096 280.00020341231067 1.6158680003136396
234 281.56851299281209 280.00020355998782 1.6222310001030564
235 281.5552627316024 280.00020370632524 1.6285220002755523
236 281.54213249815393 280.00020385133723 1.6348760006949306
237 281.52912117238344 280.00020399503535 1.6412930004298687
238 281.51622764566542 280.00020413743437 1.6476250002160668
239 281.50345082068986 280.00020427854264 1.6545430002734065
240 281.49078961131545 280.00020441837546 1.6613450003787875
241 281.47824294242707 280.0002045569446 1.66767100058496
242 281.46580974979071 280.00020469425743 1.6739600002765656
243 281.45348897991545 280.00020483033018 1.6802949998527765
244 281.44127958992942 280.00020496517243 1.6866270005702972
245 281.42918054743234 280.00020509879585 1.6932870000600815
246 281.41719083036645 280.00020523121162 1.7002270007506013
247 281.40530942690202 280.00020536243073 1.7065940005704761
248 281.39353533529868 280.00020549246528 1.7135500004515052
249 281.38186756378337 280.00020562132624 1.7198809999972582
250 281.37030513043328 280.00020574902436 1.726205000653863
251 281.35884706305836 280.00020587556691 1.732557000592351
252 281.34749239907063 280.00020600096968 1.738884000107646
253 281.33624018538848 280.00020612524133 1.7452310007065535
254 281.32508947830752 280.00020624839163 1.7516330005601048
255 281.31403934339676 280.00020637042888 1.7582640005275607
256 281.30308885539114 280.00020649136701 1.7645850004628301
257 281.29223709806786 280.00020661121476 1.7708820002153516
258 281.28148316417929 280.00020672998295 1.7772170007228851
259 281.27082615529281 280.00020684768054 1.7835450004786253
260 281.26026518173995 280.00020696431886 1.7898829998448491
261 281.2497993624869 280.00020707990336 1.7961990004405379
262 281.23942782504042 280.00020719444933 1.8025650000199676
263 281.22914970536249 280.00020730796251 1.8091910006478429
264 281.21896414774943 280.00020742045422 1.8155420003458858
265 281.20887030476979 280.00020753193064 1.8218910004943609
266 281.19886733714719 280.000207642406 1.8282170007005334
267 281.18895441367528 280.00020775188511 1.8345170002430677
268 281.17913071112741 280.00020786037828 1.8408420002087951
269 281.1693954141748 280.00020796789818 1.847210000269115
270 281.15974771529727 280.0002080744481 1.8534970004111528
271 281.15018681467893 280.00020818003929 1.8606950007379055
272 281.14071192014984 280.00020828468081 1.8670359998941422
273 281.13132224708971 280.00020838838105 1.8733450006693602
274 281.12201701835181 280.00020849115026 1.8796700006350875
275 281.11279546416193 280.0002085929944 1.8859729999676347
276 281.10365682206736 280.00020869392159 1.8922680001705885
277 281.09460033684411 280.00020879394481 1.898572999984026
278 281.08562526041328 280.00020889306506 1.9052430000156164
279 281.07673085177606 280.00020899129714 1.9115540003404021
280 281.06791637693146 280.00020908864593 1.9178870003670454
281 281.05918110881055 280.00020918511836 1.9241860006004572
282 281.05052432718446 280.00020928072797 1.930532000027597
283 281.04194531861998 280.00020937547401 1.9368790006265044
284 281.03344337638049 280.00020946937173 1.9431910002604127
285 281.02501780037608 280.00020956242565 1.9495490007102489
286 281.01666789708077 280.00020965464211 1.955961000174284
287 281.00839297947556 280.00020974603126 1.9625289998948574
288 281.0001923669721 280.00020983660022 1.9689180003479123
289 280.99206538534429 280.00020992635558 1.9752050004899502
290 280.98401136668332 280.00021001530541 1.981542999856174
291 280.9760296492978 280.00021010345625 1.9878640007227659
292 280.96811957768318 280.00021019081811 1.9941760003566742
293 280.96028050244166 280.00021027739444 2.0005100006237626
294 280.95251178021459 280.00021036319288 2.0069050006568432
295 280.94481277364315 280.00021044822142 2.0134430006146431
296 280.93718285128404 280.00021053248634 2.0197870004922152
297 280.92962138756212 280.00021061599671 2.0261080004274845
298 280.92212776271293 280.00021069875527 2.0324560003355145
299 280.91470136270993 280.00021078077441 2.0387630006298423
300 280.90734157922645 280.00021086205726 2.0450680004432797
301 280.9000478095677 280.00021094261172 2.0514219999313354
302 280.89281945660645 280.00021102244108 2.0581419998779893
303 280.88565592875023 280.0002111015541 2.0644840002059937
304 280.87855663986034 280.00021117996238 2.0708060003817081
305 280.87152100922304 280.00021125766364 2.0771670006215572
306 280.86454846147097 280.00021133466885 2.0834830002859235
307 280.85763842655541 280.00021141098676 2.0898620001971722
308 280.85079033966923 280.00021148661722 2.0961620006710291
309 280.84400364120734 280.00021156156822 2.1025630002841353
310 280.83727777672965 280.00021163585103 2.1092140004038811
311 280.83061219688085 280.00021170946593 2.115548999980092
312 280.82400635735979 280.00021178242275 2.122121000662446
313 280.81745971887386 280.00021185472463 2.1284150006249547
314 280.81097174706917 280.00021192637809 2.1347620002925396
315 280.80454191250618 280.00021199739007 2.1411150004714727
316 280.79816969060488 280.00021206776751 2.1474590003490448
317 280.79185456158336 280.00021213751324 2.153800000436604
318 280.78559601042895 280.00021220663268 2.1610960001125932
319 280.77939352684444 280.00021227513474 2.1674239998683333
320 280.77324660520895 280.00021234302233 2.173768000677228
321 280.76715474451925 280.00021241030095 2.1801270004361868
322 280.76111744836544 280.00021247697839 2.186476000584662
323 280.75513422486034 280.00021254305653 2.1928110001608729
324 280.7492045866295 280.00021260854521 2.1991940001025796
325 280.74332805073624 280.00021267344493 2.2057070005685091
326 280.73750413865548 280.00021273776633 2.2119980007410049
327 280.73173237623405 280.00021280150975 2.2183220004662871
328 280.72601229364068 280.00021286468262 2.2246540002524853
329 280.72034342532635 280.00021292728974 2.230969000607729
330 280.71472530999046 280.00021298933791 2.2372590005397797
331 280.70915749053148 280.00021305083038 2.2436130000278354
332 280.7036395140131 280.00021311177045 2.2499680006876588
333 280.69817093162516 280.00021317216687 2.2565350001677871
334 280.69275129863456 280.0002132320223 2.262835000641644
335 280.68738017436419 280.00021329134108 2.2691940004006028
336 280.68205712213864 280.00021335013082 2.2754950001835823
337 280.67678170926195 280.00021340839402 2.2818499999120831
338 280.67155350695646 280.00021346613408 2.2881820006296039
339 280.66637209035048 280.0002135233583 2.2945790002122521
340 280.66123703843181 280.00021358007018 2.3008710006251931
341 280.65614793401016 280.00021363627519 2.3073869999498129
342 280.65110436368269 280.00021369197839 2.3137250002473593
343 280.64610591780166 280.00021374718165 2.3200350003316998
344 280.64115219042799 280.00021380189094 2.3263460006564856
345 280.63624277930916 280.00021385611274 2.3326650001108646
346 280.63137728584474 280.00021390984585 2.338990000076592
347 280.62655531504646 280.00021396310331 2.3453350001946092
348 280.62177647550254 280.00021401587986 2.3516540005803108
349 280.61704037934624 280.0002140681853 2.3579410007223487
350 280.61234664223417 280.00021412002269 2.3646520003676414
351 280.60769488329902 280.0002141713984 2.3709869999438524
352 280.60308472511781 280.00021422231174 2.3774049999192357
353 280.59851579369115 280.00021427277358 2.3836900005117059
354 280.59398771839693 280.00021432278101 2.390085999853909
355 280.58950013197961 280.00021437234301 2.3963800007477403
356 280.58505267049441 280.00021442146169 2.4027450000867248
357 280.58064497329269 280.00021447014331 2.4106410006061196
358 280.57627668298954 280.00021451838597 2.4171290006488562
359 280.57194744542977 280.00021456619902 2.4234290001913905
360 280.56765690965631 280.00021461358392 2.4297070000320673
361 280.56340472789248 280.00021466054619 2.4360760003328323
362 280.55919055549748 280.00021470708737 2.4424060005694628
363 280.55501405094651 280.00021475321353 2.4487650003284216
364 280.55087487579942 280.0002147989257 2.4553340002894402
365 280.54677269467265 280.00021484423092 2.4616220006719232
366 280.54270717521445 280.00021488913148 2.4679570002481341
367 280.53867798806544 280.00021493363056 2.4742720006033778
368 280.53468480685643 280.00021497773031 2.4805880002677441
369 280.53072730814841 280.00021502143835 2.486884000711143
370 280.5268051714234 280.00021506475343 2.4932310003787279
371 280.52291807906118 280.00021510768465 2.4995490005239844
372 280.51906571630786 280.00021515022877 2.5061210002750158
373 280.51524777124041 280.00021519239573 2.5124690001830459
374 280.5114639347575 280.00021523418428 2.5188040006905794
375 280.50771390054035 280.00021527560233 2.5251520005986094
376 280.50399736503999 280.0002153166476 2.5314850006252527
377 280.50031402743667 280.00021535732668 2.5378379998728633
378 280.49666358962173 280.00021539764344 2.5441789999604225
379 280.49304575618169 280.00021543759919 2.5504750004038215
380 280.48946023435462 280.00021547719808 2.5571590000763535
381 280.48590673403055 280.00021551644329 2.5656560007482767
382 280.48238496769977 280.00021555533749 2.572325000539422
383 280.47889465045569 280.00021559388495 2.5806970000267029
384 280.47543549994924 280.00021563208861 2.5889460006728768
385 280.47200723637582 280.00021566995059 2.5952610000967979
386 280.46860958245406 280.00021570747555 2.6015650006011128
387 280.46524226339977 280.0002157446641 2.6078540002927184
388 280.46190500690193 280.00021578152177 2.6143730003386736
389 280.45859754309907 280.00021581805049 2.6207340005785227
390 280.45531960456924 280.00021585425253 2.6271080002188683
391 280.4520709262822 280.00021589013016 2.6333969999104738
392 280.44885124560807 280.00021592568794 2.639737999998033
393 280.44566030227099 280.00021596092955 2.6460770005360246
394 280.44249783834545 280.00021599585597 2.6523970002308488
395 280.43936359821646 280.00021603046991 2.659026000648737
396 280.43625732858442 280.00021606477856 2.6653720000758767
397 280.43317877841594 280.00021609877859 2.6716680005192757
398 280.43012769894159 280.00021613247657 2.6780050005763769
399 280.42710384363113 280.00021616587253 2.6843460006639361
400 280.42410696816978 280.00021619896813 2.6906830007210374
401 280.42113683043885 280.00021623177247 2.6970310006290674
402 280.41819319050165 280.00021626428247 2.7033210005611181
403 280.41527581057829 280.00021629650155 2.709867000579834
404 280.41238445502472 280.00021632843482 2.716211000457406
405 280.40951889031794 280.00021636008228 2.7225190000608563
406 280.40667888503492 280.00021639144813 2.7288120007142425
407 280.40386420983543 280.00021642253353 2.735207000747323
408 280.40107463743874 280.00021645334169 2.7415060000494123
409 280.39830994260643 280.0002164838761 2.7478229999542236
410 280.39556990212901 280.00021651413402 2.7541150003671646
411 280.39285429479941 280.00021654412762 2.7608940005302429
412 280.39016290140245 280.00021657385321 2.7672020001336932
413 280.38749550468816 280.00021660331112 2.7735100006684661
414 280.38485188936534 280.00021663250834 2.7798760002478957
415 280.38223184207692 280.0002166614442 2.7861700002104044
416 280.37963515138046 280.00021669012233 2.792472000233829
417 280.37706160773268 280.0002167185458 2.7987879998981953
418 280.37451100347926 280.00021674671513 2.8053640006110072
419 280.37198313283011 280.00021677463337 2.8116480000317097
420 280.36947779183345 280.00021680230168 2.8180080000311136
421 280.36699477838528 280.00021682972522 2.8243280006572604
422 280.36453389219179 280.00021685690336 2.830621000379324
423 280.36209493475701 280.00021688383907 2.8369040004909039
424 280.35967770936844 280.00021691053547 2.8432380007579923
425 280.35728202108248 280.00021693699296 2.8495350005105138
426 280.35490767670541 280.00021696321738 2.8561249999329448
427 280.35255448477483 280.00021698920563 2.8624130003154278
428 280.35022225556173 280.00021701496183 2.8687490001320839
429 280.34791080102741 280.00021704049004 2.8750990005210042
430 280.34561993482731 280.00021706579173 2.8814120003953576
431 280.34334947229058 280.00021709086599 2.887699999846518
432 280.34109923040143 280.00021711571742 2.8940179999917746
433 280.33886902779585 280.00021714034983 2.9003240000456572
434 280.33665868473213 280.0002171647601 2.9069050000980496
435 280.33446802308305 280.00021718895437 2.9132830007001758
436 280.33229686632092 280.00021721293302 2.919577999971807
437 280.33014503950847 280.00021723669721 2.9259490007534623
438 280.32801236927418 280.0002172602513 2.9322460005059838
439 280.32589868380109 280.00021728359405 2.9385560005903244
440 280.32380381282104 280.00021730673041 2.9448549998924136
441 280.32172758759077 280.00021732966172 2.9512310000136495
442 280.31966984088348 280.00021735238835 2.9590800004079938
443 280.31763040697177 280.00021737491079 2.9654299998655915
444 280.3156091216249 280.00021739723309 2.9717399999499321
445 280.31360582207094 280.00021741935876 2.9780339999124408
446 280.31162034701293 280.00021744128736 2.9843500005081296
447 280.30965253659269 280.00021746301996 2.990659000352025
448 280.30770223239858 280.00021748455839 2.9969820007681847
449 280.30576927742442 280.00021750590759 3.0033320002257824
450 280.30385351608845 280.00021752706527 3.0099210003390908
451 280.30195479420081 280.00021754803362 3.0162690002471209
452 280.30007295895109 280.00021756881824 3.0226100003346801
453 280.29820785890394 280.00021758941591 3.0289040002971888
454 280.29635934398908 280.00021760983213 3.0352460006251931
455 280.29452726546816 280.00021763006691 3.0416069999337196
456 280.2927114759575 280.00021765011894 3.0479220002889633
457 280.29091182937896 280.00021766999367 3.054216000251472
458 280.28912818097535 280.0002176896935 3.0607099998742342
459 280.28736038728289 280.00021770921694 3.067034000530839
460 280.28560830613691 280.00021772856633 3.0733219999819994
461 280.28387179662673 280.00021774774524 3.079624000005424
462 280.2821507191328 280.00021776675288 3.0859280005097389
463 280.28044493526903 280.00021778559119 3.0922490004450083
464 280.27875430789589 280.000217804263 3.0986010003834963
465 280.27707870111067 280.00021782276929 3.1052410006523132
466 280.27541798022725 280.00021784110982 3.1115540005266666
467 280.27377201176046 280.00021785928817 3.1179090002551675
468 280.27214066343566 280.00021787730446 3.1242190003395081
469 280.27052380415279 280.0002178951612 3.1308170007541776
470 280.26892130400324 280.00021791286167 3.1370999999344349
471 280.26733303422583 280.00021793040139 3.1434110002592206
472 280.26575886722981 280.00021794778695 3.149741000495851
473 280.26419867656114 280.00021796501721 3.1567569999024272
474 280.26265233690515 280.00021798209644 3.1632600007578731
475 280.26111972407068 280.00021799902305 3.1695940000936389
476 280.25960071497724 280.00021801579919 3.1759870005771518
477 280.25809518765072 280.00021803242521 3.1823490001261234
478 280.2566030212144 280.00021804890605 3.1886660000309348
479 280.25512409587344 280.00021806523955 3.1949620004743338
480 280.2536582929074 280.0002180814289 3.2012539999559522
481 280.25220549465797 280.00021809747238 3.2077640006318688
482 280.25076558453367 280.00021811337348 3.2141200006008148
483 280.24933844697767 280.00021812913553 3.2204740000888705
484 280.24792396747438 280.00021814475747 3.2267780005931854
485 280.24652203253481 280.00021816024224 3.2330760005861521
486 280.24513252968762 280.00021817558809 3.2394250007346272
487 280.24375534747554 280.0002181907978 3.2457680003717542
488 280.24239037543197 280.00021820587227 3.2521100006997585
489 280.24103750409267 280.00021822081391 3.2584060002118349
490 280.23969662496427 280.00021823562224 3.2652010004967451
491 280.23836763053339 280.00021825029972 3.2715370003134012
492 280.23705041424961 280.00021826484698 3.2778860004618764
493 280.23574487052099 280.00021827926759 3.2842950001358986
494 280.2344508946951 280.00021829355717 3.2906160000711679
495 280.23316838307085 280.00021830772243 3.2969030002132058
496 280.23189723286686 280.00021832175935 3.3033180003985763
497 280.23063734222524 280.00021833567445 3.3099930007010698
498 280.22938861020538 280.0002183494654 3.3163720006123185
499 280.22815093677156 280.00021836313584 3.3226960003376007
500 280.2269242227826 280.00021837668237 3.3289880007505417
501 280.22570836998892 280.00021839010992 3.3353209998458624
502 280.22450328102337 280.00021840341913 3.3416120000183582
503 280.22330885939056 280.00021841660953 3.3479550005868077
504 280.22212500946466 280.00021842968584 3.354249999858439
505 280.22095163646657 280.00021844264455 3.3609870001673698
506 280.2197886464802 280.00021845548889 3.36735700070858
507 280.21863594642656 280.00021846822102 3.3737070001661777
508 280.21749344406055 280.00021848083924 3.380235000513494
509 280.21636104796164 280.00021849334314 3.386570000089705
510 280.21523866754058 280.00021850574024 3.3929329998791218
511 280.21412621301153 280.00021851802416 3.3992389999330044
512 280.21302359539504 280.00021853020314 3.4057889999821782
513 280.21193072651096 280.0002185422735 3.4120869999751449
514 280.21084751896876 280.00021855423608 3.4184110006317496
515 280.20977388616467 280.00021856609288 3.4247560007497668
516 280.20870974226892 280.0002185778456 3.4311070004478097
517 280.20765500222819 280.00021858949361 3.4373989999294281
518 280.20660958173812 280.0002186010409 3.4437060002237558
519 280.20557339726622 280.00021861248433 3.4500179998576641
520 280.20454636601897 280.00021862382829 3.4567290004342794
521 280.20352840594774 280.00021863506913 3.4630850004032254
522 280.20251943574578 280.00021864621203 3.4693820001557469
523 280.2015193748253 280.00021865725682 3.4757120003923774
524 280.2005281433282 280.00021866820344 3.4820420006290078
525 280.19954566211595 280.00021867905542 3.4883930003270507
526 280.19857185275004 280.00021868980912 3.494726000353694
527 280.1976066375035 280.00021870046925 3.5010830005630851
528 280.1966499393393 280.00021871103519 3.5076870005577803
529 280.19570168192291 280.00021872150921 3.514041000045836
530 280.19476178959098 280.00021873188786 3.5203340006992221
531 280.19383018736784 280.00021874217578 3.5266630006954074
532 280.19290680094775 280.0002187523761 3.5329790003597736
533 280.19199155669122 280.00021876248439 3.53931700065732
534 280.19108438161987 280.00021877250293 3.5456550000235438
535 280.19018520341086 280.00021878243422 3.552343999966979
536 280.18929395038606 280.00021879227597 3.5586590003222227
537 280.18841055151154 280.00021880203155 3.5650040004402399
538 280.18753493639758 280.00021881170102 3.5713300006464124
539 280.18666703527362 280.00021882128794 3.5777910007163882
540 280.18580677900843 280.00021883078773 3.5841180002316833
541 280.18495409907541 280.00021884020572 3.5904130004346371
542 280.18410892757487 280.00021884953833 3.5967760002240539
543 280.18327119721334 280.00021885879079 3.6031910004094243
544 280.18244084129776 280.00021886796208 3.60984200052917
545 280.18161779373696 280.00021887705122 3.6161470003426075
546 280.18080198902987 280.00021888606096 3.6225000005215406
547 280.17999336226183 280.00021889499442 3.6288379998877645
548 280.17919184910244 280.00021890384573 3.6351700006052852
549 280.17839738580017 280.00021891262003 3.6414689999073744
550 280.17760990917503 280.0002189213173 3.6477950001135468
551 280.17682935660832 280.00021892993828 3.6541039999574423
552 280.17605566605016 280.00021893848361 3.6620680000633001
553 280.1752887760004 280.00021894695362 3.6683870004490018
554 280.1745286255146 280.00021895534769 3.6746990000829101
555 280.17377515419525 280.00021896366917 3.681003000587225
556 280.17302830218176 280.00021897191618 3.6872990000993013
557 280.17228801015824 280.00021898009237 3.6936600003391504
558 280.17155421933512 280.00021898819722 3.7000150000676513
559 280.17082687145017 280.00021899623022 3.7066609999164939
560 280.1701059087664 280.00021900419358 3.7131500001996756
561 280.16939127406164 280.00021901208561 3.7194370003417134
562 280.1686829106327 280.00021901990766 3.7257329998537898
563 280.16798076227633 280.00021902766383 3.7320770006626844
564 280.16728477329923 280.00021903534906 3.738429999910295
565 280.166594888509 280.00021904296932 3.7447290001437068
566 280.16591105319856 280.00021905052188 3.7510750005021691
567 280.16523321316646 280.00021905800747 3.7575719999149442
568 280.16456131468328 280.00021906542793 3.7639210000634193
569 280.16389530451079 280.00021907278364 3.770215000025928
570 280.16323512988293 280.00021908007471 3.7765120007097721
571 280.16258073851225 280.00021908730253 3.7829700000584126
572 280.16193207857327 280.0002190944661 3.7893219999969006
573 280.1612890987098 280.00021910156897 3.7956130001693964
574 280.16065174802742 280.00021910860659 3.8019500002264977
575 280.16001997608038 280.00021911558417 3.808788999915123
576 280.15939373289029 280.00021912249849 3.8151160003617406
577 280.15877296890693 280.00021912935716 3.8214530004188418
578 280.15815763504452 280.00021913615114 3.8277440005913377
579 280.15754768264276 280.00021914288686 3.8341089999303222
580 280.15694306348723 280.00021914956471 3.840421000495553
581 280.15634372979059 280.00021915618487 3.8467420004308224
582 280.155749634193 280.00021916274721 3.8530310001224279
583 280.15516072976288 280.00021916925078 3.8597990004345775
584 280.15457696999039 280.00021917569831 3.8661420000717044
585 280.15399830878073 280.0002191820879 3.8724420005455613
586 280.15342470045039 280.00021918842344 3.8787380000576377
587 280.15285609973012 280.00021919470294 3.8850420005619526
588 280.15229246175301 280.00021920092803 3.8913730001077056
589 280.15173374205779 280.00021920709958 3.897728000767529
590 280.15117989657762 280.00021921321706 3.9040200002491474
591 280.15063088164561 280.00021921927936 3.9105370007455349
592 280.15008665398352 280.00021922528992 3.9168589999899268
593 280.1495471707006 280.0002192312491 3.923208000138402
594 280.1490123892944 280.00021923715411 3.9295620005577803
595 280.14848226763939 280.00021924300768 3.9358500000089407
596 280.14795676398876 280.00021924881338 3.9421820007264614
597 280.14743583697498 280.00021925456673 3.9485260006040335
598 280.14691944559513 280.00021926027011 3.9549099998548627
599 280.14640754921527 280.00021926592149 3.9613000005483627
600 280.14590010757303 280.00021927152812 3.9676180006936193
601 280.14539708075182 280.00021927708161 3.9739490002393723
602 280.1448984292096 280.00021928258911 3.9804150005802512
603 280.1444041137496 280.0002192880491 3.9867120003327727
604 280.14391409552957 280.00021929346087 3.993041000328958
605 280.14342833605514 280.0002192988249 3.9993860004469752
606 280.14294679717437 280.00021930414215 4.0060959998518229
607 280.1424694410839 280.00021930941597 4.0123829999938607
608 280.14199623031215 280.00021931464244 4.0187560003250837
609 280.14152712772949 280.00021931982479 4.0250909999012947
610 280.14106209653386 280.00021932495912 4.0314380005002022
611 280.14060110025503 280.00021933004962 4.0378080001100898
612 280.14014410275672 280.00021933509578 4.044145000167191
613 280.13969106821446 280.00021934010022 4.0504440004006028
614 280.13924196113885 280.00021934506054 4.0570430001243949
615 280.13879674634478 280.00021934997756 4.0634010005742311
616 280.1383553889699 280.00021935485108 4.0697670001536608
617 280.13791785446671 280.0002193596834 4.0760900005698204
618 280.13748410859137 280.00021936447462 4.0823810007423162
619 280.13705411741722 280.00021936922337 4.0887130005285144
620 280.13662784730593 280.00021937393279 4.0950760003179312
621 280.13620526494003 280.0002193786006 4.1013810001313686
622 280.13578633728042 280.00021938322578 4.1076779998838902
623 280.13537103160365 280.00021938781259 4.1144139999523759
624 280.13495931546527 280.00021939235836 4.1207760004326701
625 280.13455115671957 280.00021939686462 4.1271219998598099
626 280.13414652350696 280.00021940133433 4.1334390006959438
627 280.13374538425347 280.00021940576511 4.1397780003026128
628 280.13334770766795 280.00021941015535 4.1461590006947517
629 280.13295346274043 280.00021941451013 4.152488000690937
630 280.13256261873715 280.00021941882807 4.1597469998523593
631 280.132175145205 280.00021942310627 4.1661250004544854
632 280.13179101195908 280.00021942734918 4.172439000569284
633 280.13141018908703 280.00021943155576 4.1787300007417798
634 280.13103264694217 280.00021943572415 4.1852430002763867
635 280.13065835614884 280.00021943985888 4.1915939999744296
636 280.13028728759184 280.00021944395627 4.1979539999738336
637 280.12991941241535 280.00021944801949 4.2042450001463294
638 280.12955470202706 280.00021945204611 4.2109820004552603
639 280.12919312808316 280.0002194560405 4.2173170000314713
640 280.12883466250645 280.00021945999833 4.223645000718534
641 280.12847927746049 280.00021946392286 4.2299520000815392
642 280.12812694535927 280.00021946781453 4.236247000284493
643 280.12777763886925 280.0002194716709 4.2425620006397367
644 280.12743133090174 280.00021947549709 4.248858000151813
645 280.12708799460574 280.00021947928815 4.2554820002987981
646 280.12674760337535 280.00021948304919 4.2617950001731515
647 280.12641013084448 280.00021948677409 4.2681570006534457
648 280.12607555088135 280.00021949046931 4.2744620004668832
649 280.12574383758647 280.00021949413343 4.2808030005544424
650 280.12541496529349 280.0002194977659 4.2870970005169511
651 280.12508890856896 280.00021950136602 4.2934010000899434
652 280.12476564220424 280.0002195049351 4.299707000143826
653 280.1244451412212 280.00021950847679 4.306445000693202
654 280.12412738086016 280.00021951198676 4.3129640007391572
655 280.12381233659079 280.00021951546529 4.3216949999332428
656 280.12349998409218 280.00021951891404 4.3279770007357001
657 280.12319029927312 280.00021952233573 4.3343420000746846
658 280.1228832582496 280.00021952572632 4.3406790001317859
659 280.12257883735526 280.00021952908696 4.3469780003651977
660 280.12227701313543 280.00021953242026 4.353273999877274
661 280.12197776234723 280.00021953572701 4.3596050003543496
662 280.12168106195367 280.00021953900199 4.3659280007705092
663 280.1213868891266 280.00021954225099 4.3722440004348755
664 280.12109522124251 280.0002195454727 4.3785610003396869
665 280.12080603588072 280.00021954866821 4.3849460007622838
666 280.12051931081862 280.00021955183536 4.3912570001557469
667 280.12023502403798 280.00021955497328 4.397601000033319
668 280.11995315371092 280.00021955808614 4.4038960002362728
669 280.11967367821512 280.00021956117439 4.4101950004696846
670 280.11939657610986 280.00021956423353 4.4164970004931092
671 280.11912182616101 280.00021956726948 4.422834999859333
672 280.11884940730988 280.00021957027695 4.4291240004822612
673 280.11857929870104 280.00021957325947 4.4354210002347827
674 280.11831147965694 280.00021957621772 4.4417210007086396
675 280.11804592968338 280.00021957915072 4.4480429999530315
676 280.11778262848026 280.00021958205764 4.4543369999155402
677 280.11752155591813 280.00021958494244 4.4606370003893971
678 280.11726269205906 280.00021958780229 4.4669270003214478
679 280.11700601713113 280.00021959063628 4.4733080007135868
680 280.11675151155424 280.00021959344718 4.4795940006151795
681 280.11649915591187 280.00021959623427 4.4858969999477267
682 280.11624893096962 280.00021959899919 4.4921890003606677
683 280.11600081765926 280.00021960173649 4.4984910003840923
684 280.11575479708273 280.00021960445417 4.5047820005565882
685 280.11551085052628 280.00021960714747 4.511073000729084
686 280.11526895942563 280.00021960982048 4.5173700004816055
687 280.11502910538997 280.00021961246904 4.523667000234127
688 280.11479127019396 280.00021961509623 4.5299620004370809
689 280.11455543577654 280.00021961770074 4.5362560003995895
690 280.11432158423997 280.00021962028404 4.5425540003925562
691 280.11408969783793 280.00021962284552 4.54884900059551
692 280.11385975899526 280.00021962538364 4.5551490001380444
693 280.11363175028947 280.00021962790288 4.5614440003409982
694 280.11340565445005 280.0002196303987 4.5677330000326037
695 280.1131814543686 280.00021963287577 4.5740310000255704
696 280.11295913308174 280.00021963533129 4.5803789999336004
697 280.11273867379128 280.00021963776555 4.5868930006399751
698 280.11252005983249 280.00021964018026 4.5931900003924966
699 280.11230327470332 280.00021964257382 4.5994740007445216
700 280.11208830204703 280.00021964494965 4.6057730000466108
701 280.11187512565158 280.00021964730462 4.6120690004900098
702 280.11166372944717 280.00021964963668 4.6183650000020862
703 280.11145409751521 280.00021965195481 4.624656000174582
704 280.11124621407549 280.00021965424816 4.6313390005379915
705 280.11104006349109 280.00021965652553 4.6378150004893541
706 280.11083563026108 280.00021965878392 4.6440989999100566
707 280.11063289903086 280.00021966102378 4.6503950003534555
708 280.11043185457646 280.00021966324169 4.6570520000532269
709 280.11023248181516 280.00021966544347 4.6633430002257228
710 280.11003476579884 280.00021966762858 4.6697220001369715
711 280.10983869170889 280.00021966979511 4.676057000644505
712 280.10964424486389 280.00021967194067 4.6823519999161363
713 280.10945141071824 280.00021967407099 4.6886920006945729
714 280.1092601748436 280.00021967618301 4.6949770003557205
715 280.10907052295693 280.00021967827661 4.7012849999591708
716 280.10888244089097 280.00021968035475 4.707574000582099
717 280.10869591461153 280.00021968241538 4.7139159999787807
718 280.10851093020705 280.0002196844581 4.7202190002426505
719 280.10832747389429 280.00021968648446 4.7265119999647141
720 280.10814553201368 280.00021968849404 4.732812000438571
721 280.10796509102198 280.00021969048606 4.7391030006110668
722 280.10778613750625 280.00021969246114 4.7453990001231432
723 280.10760865816542 280.00021969442247 4.751698000356555
724 280.10743263982164 280.00021969636572 4.7579890005290508
725 280.10725806941514 280.00021969829481 4.7642910005524755
726 280.10708493400409 280.00021970020583 4.770588000304997
727 280.10691322076764 280.00021970210207 4.7769210003316402
728 280.10674291698251 280.00021970398342 4.7832120005041361
729 280.10657401005847 280.00021970584737 4.7895380007103086
730 280.1064064875132 280.00021970769859 4.7958860006183386
731 280.10624033696695 280.00021970953321 4.8021690007299185
732 280.10607554616246 280.00021971135396 4.80846600048244
733 280.10591210294524 280.00021971315897 4.8147600004449487
734 280.10574999527296 280.00021971494925 4.8210620004683733
735 280.10558921121446 280.00021971672379 4.8274739999324083
736 280.10542973893837 280.00021971848452 4.8338310001417994
737 280.10527156672265 280.00021972023137 4.8401160007342696
738 280.10511468295215 280.0002197219664 4.8464100006967783
739 280.10495907611505 280.00021972368347 4.8527110004797578
740 280.10480473479851 280.0002197253873 4.85903500020504
741 280.10465164769897 280.00021972707862 4.8653260003775358
742 280.10449980360795 280.00021972875641 4.8716259999200702
743 280.10434919142523 280.00021973041913 4.8779180003330112
744 280.1041998001391 280.00021973206918 4.884205000475049
745 280.10405161884626 280.00021973370445 4.8905030004680157
746 280.10390463673752 280.00021973532927 4.8967970004305243
747 280.1037588430986 280.00021973693958 4.9031540006399155
748 280.1036142273162 280.00021973853688 4.9094400005415082
749 280.10347077887133 280.00021974012088 4.9157360000535846
750 280.10332848733111 280.00021974169306 4.9220350002869964
751 280.10318734236569 280.00021974325256 4.9283340005204082
752 280.10304733373681 280.00021974479586 4.934629000723362
753 280.10290845129532 280.00021974633268 4.9409210002049804
754 280.10277068497817 280.00021974785426 4.9472130006179214
755 280.10263402482155 280.0002197493634 4.9535100003704429
756 280.10249846095348 280.00021975086059 4.9599029999226332
757 280.10236398357489 280.00021975234557 4.966198000125587
758 280.10223058298999 280.00021975381986 4.9724890002980828
759 280.10209824958014 280.00021975528142 4.9787880005314946
760 280.10196697382122 280.00021975672894 4.9851780002936721
761 280.10183674626688 280.00021975816924 4.9914750000461936
762 280.10170755755911 280.00021975959555 4.9977649999782443
763 280.10157939842611 280.00021976101073 5.0040610004216433
764 280.10145225967301 280.0002197624147 5.0104250004515052
765 280.10132613219207 280.00021976380663 5.0167150003835559
766 280.10120100695843 280.00021976518957 5.0230140006169677
767 280.10107687502534 280.0002197665608 5.02931800018996
768 280.10095372752102 280.00021976792095 5.0356350000947714
769 280.10083155566713 280.00021976926865 5.0419300002977252
770 280.10071035075305 280.00021977060896 5.0482270000502467
771 280.10059010414801 280.00021977193609 5.0545260002836585
772 280.10047080729834 280.00021977325258 5.0608130004256964
773 280.1003524517281 280.00021977456174 5.0671530002728105
774 280.10023502904289 280.00021977585664 5.0734450006857514
775 280.10011853091561 280.00021977714277 5.0797359999269247
776 280.10000294909298 280.00021977842067 5.0860390001907945
777 280.09988827540644 280.00021977968697 5.0923290001228452
778 280.09977450174756 280.00021978094424 5.098624000325799
779 280.09966162008732 280.00021978218888 5.1051350003108382
780 280.09954962247156 280.00021978342755 5.1114370003342628
781 280.09943850101178 280.00021978465321 5.1177870007231832
782 280.09932824788979 280.00021978587012 5.1240720003843307
783 280.09921885536306 280.00021978707912 5.1303810002282262
784 280.09911031575814 280.00021978827749 5.1366820000112057
785 280.09900262146232 280.00021978946785 5.1429759999737144
786 280.09889576493947 280.00021979064775 5.1492710001766682
787 280.09878973871565 280.00021979181776 5.1562379999086261
788 280.09868453538672 280.00021979298003 5.1625230005010962
789 280.09858014761585 280.00021979413185 5.1688840007409453
790 280.09847656813184 280.00021979527764 5.1752140000462532
791 280.09837378972753 280.00021979641076 5.1815110007300973
792 280.09827180525576 280.00021979753944 5.188031000085175
793 280.09817060764317 280.00021979865687 5.1943240007385612
794 280.09807018987181 280.00021979976452 5.2006510002538562
795 280.09797054499234 280.00021980086512 5.20694600045681
796 280.09787166611056 280.00021980195652 5.2132350001484156
797 280.09777354640357 280.00021980304064 5.2195760002359748
798 280.09767617910103 280.00021980411589 5.2259060004726052
799 280.09757955749791 280.00021980518426 5.2324910005554557
800 280.09748367494763 280.00021980624462 5.2387820007279515
801 280.09738852486817 280.00021980729451 5.2450769999995828
802 280.09729410072543 280.00021980833606 5.2513749999925494
803 280.09720039605259 280.00021980937419 5.2577070007100701
804 280.09710740444206 280.00021981039964 5.2640080004930496
805 280.09701511953722 280.00021981141828 5.2703020004555583
806 280.096923535043 280.00021981243066 5.2766370000317693
807 280.09683264471477 280.00021981343315 5.2829320002347231
808 280.09674244237851 280.00021981442922 5.2892240006476641
809 280.09665292189663 280.00021981541857 5.2955189999192953
810 280.09656407719746 280.00021981639992 5.301816999912262
811 280.09647590227024 280.00021981737336 5.3081090003252029
812 280.09638839113688 280.00021981834078 5.3143990002572536
813 280.09630153789408 280.00021981929893 5.3207999998703599
814 280.09621533667911 280.00021982024901 5.3280930006876588
815 280.09612978168605 280.00021982119523 5.334480999968946
816 280.09604486716643 280.00021982213445 5.340769000351429
817 280.09596058741141 280.0002198230643 5.3470600005239248
818 280.09587693677031 280.00021982398761 5.3533600000664592
819 280.09579390964552 280.00021982490574 5.3596600005403161
820 280.09571150048191 280.00021982581592 5.3659510007128119
821 280.0956297037813 280.00021982672007 5.3722500000149012
822 280.09554851409376 280.00021982761393 5.3786450000479817
823 280.09546792601645 280.00021982850575 5.3849400002509356
824 280.09538793419443 280.00021982938989 5.3912760000675917
825 280.09530853331796 280.00021983026409 5.3975579999387264
826 280.09522971812993 280.00021983113652 5.4038570001721382
827 280.09515148342632 280.0002198319998 5.4101530006155372
828 280.09507382403211 280.00021983285671 5.4164479998871684
829 280.09499673483566 280.00021983370993 5.4227419998496771
830 280.0949202107625 280.00021983455429 5.429042000323534
831 280.09484424678215 280.00021983539563 5.4353350000455976
832 280.09476883791876 280.00021983622537 5.4416559999808669
833 280.09469397923374 280.00021983705233 5.4479440003633499
834 280.09461966583143 280.00021983787332 5.4542350005358458
835 280.09454589286008 280.00021983868839 5.4605360003188252
836 280.09447265552194 280.00021983949762 5.4668200006708503
837 280.09439994904642 280.00021984030076 5.4731920007616282
838 280.09432776872069 280.00021984109799 5.4794749999418855
839 280.09425610986148 280.00021984188947 5.4857660001143813
840 280.09418496783439 280.00021984267579 5.4920580005273223
841 280.09411433804883 280.00021984345597 5.4983560005202889
842 280.09404421594667 280.00021984422784 5.5046450002118945
843 280.09397459701927 280.00021984499818 5.5109769999980927
844 280.09390547679237 280.00021984576171 5.5172660006210208
845 280.09383685083782 280.00021984652034 5.5235640006139874
846 280.09376871476366 280.00021984727232 5.5298560000956059
847 280.09370106421483 280.00021984802015 5.5361569998785853
848 280.09363389487561 280.00021984876076 5.5424440000206232
849 280.09356720247666 280.00021984949836 5.5487720007076859
850 280.09350098277724 280.00021985022931 5.5550549998879433
851 280.09343523158088 280.00021985095572 5.5613520005717874
852 280.09336994472864 280.00021985167473 5.5676480000838637
853 280.09330511809543 280.00021985239238 5.5739480005577207
854 280.09324074758962 280.00021985310275 5.5802400000393391
855 280.09317682916833 280.00021985380943 5.586540000513196
856 280.09311335881586 280.00021985451053 5.5929870000109076
857 280.09305033255464 280.0002198552055 5.5992809999734163
858 280.09298774643707 280.00021985589694 5.6055810004472733
859 280.0929255965662 280.00021985658395 5.6118780001997948
860 280.092863879064 280.0002198572659 5.6181660005822778
861 280.09280259009466 280.00021985794245 5.6244720006361604
862 280.09274172585594 280.00021985861491 5.6307669999077916
863 280.0926812825785 280.00021985928208 5.6370620001107454
864 280.09262125652924 280.00021985994493 5.6433610003441572
865 280.09256164400489 280.00021986060199 5.6496550003066659
866 280.09250244134341 280.00021986125705 5.6565190004184842
867 280.09244364489882 280.00021986190575 5.6629010001197457
868 280.09238525107935 280.00021986255041 5.6692520007491112
869 280.0923272563054 280.00021986319081 5.6756490003317595
870 280.09226965704818 280.00021986382853 5.6819540001451969
871 280.09221244979148 280.00021986445904 5.6882469998672605
872 280.09215563106648 280.0002198650871 5.6945460001006722
873 280.0920991974304 280.00021986571033 5.7008620006963611
874 280.09204314546099 280.00021986632765 5.7071860004216433
875 280.0919874717855 280.00021986694333 5.7134880004450679
876 280.09193217305022 280.00021986755456 5.7197770001366735
877 280.09187724592647 280.00021986816068 5.7260750001296401
878 280.09182268712846 280.00021986876419 5.7324109999462962
879 280.0917684933944 280.00021986936184 5.7387220002710819
880 280.09171466148575 280.00021986995694 5.7450149999931455
881 280.09166118819752 280.0002198705468 5.7513060001656413
882 280.09160807035653 280.00021987113382 5.7575980005785823
883 280.09155530481354 280.00021987171522 5.7639640001580119
884 280.09150288845274 280.0002198722953 5.7702550003305078
885 280.09145081817815 280.00021987287045 5.7766270004212856
886 280.09139909093244 280.00021987344076 5.7829200001433492
887 280.09134770367399 280.0002198740093 5.7892140001058578
888 280.09129665339026 280.00021987457188 5.7955480003729463
889 280.09124593711158 280.00021987513321 5.8018330000340939
890 280.0911955518734 280.00021987568823 5.8081300007179379
891 280.09114549474958 280.0002198762428 5.8144169999286532
892 280.09109576283731 280.00021987679236 5.8207170004025102
893 280.09104635325946 280.00021987733646 5.8270110003650188
894 280.09099726316509 280.00021987788017 5.8333029998466372
895 280.09094848973268 280.0002198784187 5.8395990002900362
896 280.09090003015825 280.00021987895417 5.8458960000425577
897 280.09085188167148 280.00021987948537 5.8521980000659823
898 280.0908040415178 280.00021988001208 5.8584759999066591
899 280.09075650697139 280.00021988053794 5.8647770006209612
900 280.09070927533338 280.0002198810609 5.8711140006780624
901 280.09066234393373 280.00021988158005 5.8774000005796552
902 280.09061571010881 280.00021988209386 5.8836989998817444
903 280.0905693712358 280.00021988260693 5.889996999874711
904 280.09052332470998 280.00021988311318 5.8962900005280972
905 280.09047756794661 280.00021988361954 5.9025900000706315
906 280.09043209838893 280.00021988412209 5.9088780004531145
907 280.09038691349861 280.00021988462009 5.9151699999347329
908 280.09034201076963 280.00021988511634 5.921467000618577
909 280.09029738769868 280.00021988560951 5.9277670001611114
910 280.09025304183331 280.00021988609763 5.9340530000627041
911 280.09020897071264 280.00021988658574 5.9403510000556707
912 280.09016517192271 280.0002198870697 5.9466420002281666
913 280.09012164305545 280.00021988754963 5.9529380006715655
914 280.09007838173221 280.00021988802797 5.9593510003760457
915 280.09003538559296 280.00021988850131 5.9656540006399155
916 280.08999265229517 280.00021988897248 5.9719420000910759
917 280.08995017953077 280.00021988944371 5.9782760003581643
918 280.08990796499501 280.00021988990949 5.9845610000193119
919 280.08986600641356 280.0002198903731 5.990862000733614
920 280.08982430153247 280.00021989083439 5.9973240001127124
921 280.08978284811286 280.00021989129232 6.0036230003461242
922 280.08974164394243 280.00021989174616 6.0100699998438358
923 280.08970068682413 280.00021989219925 6.0163610000163317
924 280.08965997458296 280.00021989264815 6.0226580007001758
925 280.08961950505977 280.00021989309624 6.0289480006322265
926 280.08957927611738 280.00021989353991 6.0352380005642772
927 280.08953928564347 280.00021989398169 6.0415360005572438
928 280.08949953153393 280.00021989441905 6.0478330003097653
929 280.08946001171017 280.00021989485833 6.0541360005736351
930 280.0894207241077 280.00021989528886 6.0604280000552535
931 280.08938166668753 280.00021989572173 6.0667240004986525
932 280.08934283742087 280.00021989615055 6.0730270007625222
933 280.08930423430587 280.00021989657773 6.0793190002441406
934 280.08926585534891 280.00021989700025 6.0856640003621578
935 280.08922769858083 280.00021989742169 6.0919520007446408
936 280.08918976205126 280.00021989784113 6.0982480002567172
937 280.08915204381964 280.00021989825683 6.1048540007323027
938 280.08911454197397 280.0002198986723 6.1111390003934503
939 280.08907725460398 280.00021989908436 6.1175040006637573
940 280.089040179834 280.00021989949346 6.123802000656724
941 280.08900331579213 280.00021989990006 6.1300969999283552
942 280.08896666063134 280.00021990030552 6.1363989999517798
943 280.08893021251157 280.00021990070564 6.1426889998838305
944 280.08889396961922 280.00021990110764 6.1489780005067587
945 280.08885793015662 280.00021990150429 6.155633999966085
946 280.08882209233298 280.00021990190078 6.1619250001385808
947 280.08878645438176 280.00021990229641 6.168252999894321
948 280.08875101454811 280.00021990268817 6.1746010007336736
949 280.08871577109585 280.00021990307619 6.1808940004557371
950 280.08868072230132 280.00021990346187 6.1871819999068975
951 280.08864586645996 280.0002199038488 6.1937220003455877
952 280.08861120187868 280.00021990423016 6.2000259999185801
953 280.08857672688646 280.00021990461215 6.2063199998810887
954 280.08854243981335 280.00021990498982 6.2126110000535846
955 280.08850833901926 280.00021990536516 6.2189060002565384
956 280.08847442287441 280.00021990574078 6.22522500064224
957 280.08844068975537 280.00021990611287 6.2315159998834133
958 280.08840713806507 280.00021990648435 6.2378130005672574
959 280.08837376621449 280.00021990685048 6.2441080007702112
960 280.08834057262681 280.00021990721831 6.2503980007022619
961 280.08830755574343 280.00021990758222 6.256725000217557
962 280.08827471402162 280.00021990794426 6.2630230002105236
963 280.08824204592679 280.00021990830714 6.2693290002644062
964 280.08820954994252 280.00021990866429 6.2756270002573729
965 280.08817722456365 280.00021990902428 6.2819210002198815
966 280.08814506829594 280.00021990937819 6.2882160004228354
967 280.08811307966823 280.00021990973022 6.294514000415802
968 280.08808125720805 280.00021991008259 6.3009620001539588
969 280.08804959947071 280.00021991043411 6.3072589999064803
970 280.08801810501342 280.00021991078125 6.3136090002954006
971 280.08798677241839 280.00021991112607 6.3199050007387996
972 280.08795560026226 280.00021991147162 6.3262050002813339
973 280.08792458714873 280.00021991181194 6.3325060000643134
974 280.08789373169554 280.00021991215624 6.3387970002368093
975 280.08786303251958 280.00021991249503 6.3450939999893308
976 280.08783248826199 280.00021991283245 6.3513770001009107
977 280.0878020975739 280.00021991316578 6.3576739998534322
978 280.08777185911418 280.00021991349985 6.3639630004763603
979 280.0877417715563 280.00021991383352 6.3702589999884367
980 280.08771183358891 280.00021991416298 6.3766140006482601
981 280.08768204390424 280.00021991449188 6.3829070003703237
982 280.08765240121284 280.00021991481896 6.3891989998519421
983 280.08762290423988 280.00021991514569 6.3955110004171729
984 280.08759355171156 280.00021991547015 6.4018020005896688
985 280.08756434237017 280.00021991579257 6.4081380004063249
986 280.08753527497521 280.00021991611356 6.4144280003383756
987 280.08750634829062 280.00021991643405 6.4207210000604391
988 280.08747756108932 280.00021991675163 6.4270100006833673
989 280.08744891216361 280.00021991706876 6.4333080006763339
990 280.08742040030808 280.00021991738254 6.4395960001274943
991 280.0873920243389 280.00021991769705 6.4458889998495579
992 280.08736378306628 280.00021991800759 6.4521800000220537
993 280.08733567532977 280.00021991832068 6.4584750002250075
994 280.08730769996271 280.00021991862826 6.4647690001875162
995 280.08727985582141 280.00021991893414 6.4710600003600121
996 280.0872521417665 280.00021991923973 6.4773540003225207
997 280.08722455666856 280.00021991954628 6.4836480002850294
998 280.08719709940965 280.00021991984926 6.4899420002475381
999 280.08716976888149 280.00021992015053 6.4962349999696016
1000 280.08714256399014 280.00021992045117 6.5025320006534457
