iterat. internal-T external-T elapsed-time
0 300 280 0.0074819996953010559
1 299.19999999999703 280.0000088353151 0.013840999454259872
2 298.52813741741562 280.00001625546167 0.020281000062823296
3 297.94710600452987 280.00002267245571 0.026460999622941017
4 297.43349718286515 280.0000283448249 0.032664000056684017
5 296.97180041472643 280.0000334438692 0.038846000097692013
6 296.55130638030192 280.00003808786579 0.045158999972045422
7 296.16435677202821 280.00004236139381 0.051190000027418137
8 295.80530500683915 280.00004632681282 0.057547999545931816
9 295.46987441645376 280.00005003135709 0.063678000122308731
10 295.15474864618346 280.00005351165157 0.069959999993443489
11 294.85730236362963 280.00005679669187 0.076065000146627426
12 294.57541936238226 280.00005990984653 0.082518999464809895
13 294.30736659798526 280.00006287025985 0.089870999567210674
14 294.05170493986793 280.00006569382526 0.096872999332845211
15 293.807224596845 280.00006839389874 0.10297300014644861
16 293.57289749130439 280.00007098184216 0.10928600002080202
17 293.34784151461685 280.00007346739244 0.11541299987584352
18 293.13129326991657 280.00007585898317 0.12168900016695261
19 292.92258698415918 280.00007816396345 0.12784099951386452
20 292.72113797695692 280.00008038879645 0.13397799991071224
21 292.52642954511822 280.00008253918458 0.14011099934577942
22 292.33800244261846 280.00008462020037 0.14629699941724539
23 292.1554463573446 280.00008663637522 0.15235400013625622
24 291.97839294191675 280.00008859177893 0.15923899970948696
25 291.80651006684627 280.00009049007724 0.1653439998626709
26 291.63949704460208 280.00009233459321 0.17156099993735552
27 291.47708063188117 280.00009412834379 0.17766200006008148
28 291.31901166082446 280.00009587407914 0.18376699928194284
29 291.16506218269876 280.00009757431974 0.18990099988877773
30 291.01502303191427 280.00009923137304 0.19592500012367964
31 290.86870173746007 280.00010084736687 0.20203599985688925
32 290.72592072306367 280.000102424261 0.20818699989467859
33 290.586515748853 280.00010396386892 0.21458599995821714
34 290.45033455613054 280.00010546787428 0.22073899954557419
35 290.31723568386366 280.00010693783713 0.22687899973243475
36 290.18708743107288 280.00010837521268 0.23295099940150976
37 290.05976694369252 280.00010978135896 0.23907599970698357
38 289.93515940824176 280.00011115754251 0.2451349999755621
39 289.81315733741366 280.00011250495038 0.25277599971741438
40 289.69365993502794 280.0001138246966 0.25980499945580959
41 289.57657253000673 280.00011511782657 0.26749200001358986
42 289.46180607025286 280.00011638532419 0.27490799967199564
43 289.34927666901046 280.00011762811488 0.2825759993866086
44 289.23890519717565 280.000118847073 0.29023599997162819
45 289.13061691592333 280.00012004302408 0.29788499977439642
46 289.02434114502677 280.00012121674803 0.30563300009816885
47 288.92001096260981 280.00012236898561 0.3137389998883009
48 288.81756293285326 280.00012350043909 0.32020399998873472
49 288.71693685846475 280.00012461176811 0.32819999940693378
50 288.61807555530692 280.00012570360684 0.33612299989908934
51 288.52092464674973 280.00012677655531 0.34272499941289425
52 288.42543237567736 280.00012783118518 0.35040799994021654
53 288.33154943240442 280.00012886804234 0.35669500008225441
54 288.23922879678923 280.00012988764456 0.36298500001430511
55 288.14842559324205 280.00013089048849 0.36900999955832958
56 288.05909695726399 280.00013187704667 0.37509700004011393
57 287.97120191253708 280.0001328477714 0.38121899962425232
58 287.88470125742941 280.0001338030969 0.38734399992972612
59 287.79955746019198 280.00013474343825 0.39346199948340654
60 287.71573456191902 280.00013566918943 0.39961699955165386
61 287.63319808667575 280.0001365807334 0.40590399969369173
62 287.55191495810305 280.00013747843565 0.41207200009375811
63 287.47185342198634 280.00013836264719 0.41810199990868568
64 287.39298297421152 280.00013923370489 0.42425099946558475
65 287.31527429371084 280.00014009193126 0.43033699970692396
66 287.23869917998383 280.00014093763821 0.43647299986332655
67 287.16323049476841 280.00014177112428 0.44260099995881319
68 287.08884210758009 280.00014259268062 0.44878599978983402
69 287.01550884479155 280.00014340258349 0.45481999963521957
70 286.94320644197541 280.00014420110085 0.46086800005286932
71 286.87191149923103 280.0001449884914 0.46691599953919649
72 286.80160143935143 280.00014576500541 0.4729610001668334
73 286.73225446850131 280.00014653088323 0.47898099943995476
74 286.66384953932163 280.00014728635836 0.48503499943763018
75 286.59636631619651 280.0001480316534 0.49110700003802776
76 286.52978514261633 280.00014876698492 0.49719499982893467
77 286.46408701040923 280.00014949256536 0.50333799980580807
78 286.39925353073335 280.00015020859462 0.50973099935799837
79 286.3352669067433 280.00015091527212 0.51601799950003624
80 286.27210990775188 280.00015161278714 0.52352899964898825
81 286.20976584485027 280.00015230132436 0.53042999934405088
82 286.14821854783162 280.00015298106183 0.53659699950367212
83 286.08745234336567 280.00015365217268 0.54335799999535084
84 286.02745203433841 280.00015431482376 0.54950900003314018
85 285.96820288027641 280.00015496917905 0.55565099976956844
86 285.90969057878522 280.00015561539641 0.56174999941140413
87 285.85190124793201 280.00015625363261 0.56810799986124039
88 285.79482140952445 280.00015688402971 0.57416799943894148
89 285.73843797323059 280.00015750673612 0.58036999963223934
90 285.68273822148518 280.00015812189162 0.58671099971979856
91 285.62770979513374 280.00015872963382 0.59310999978333712
92 285.57334067974591 280.00015933009428 0.59952299948781729
93 285.51961919263579 280.00015992340354 0.6056300001218915
94 285.46653397043247 280.00016050968259 0.61174899991601706
95 285.41407395728748 280.00016108905777 0.61785699985921383
96 285.36222839357146 280.00016166164977 0.6239829994738102
97 285.31098680516465 280.00016222756807 0.63043500017374754
98 285.26033899313813 280.00016278692982 0.63655199948698282
99 285.21027502398056 280.00016333984388 0.64266899973154068
100 285.1607852201854 280.00016388641569 0.64881299994885921
101 285.11186015134041 280.00016442675155 0.65499699953943491
102 285.06349062549674 280.0001649609506 0.66114499978721142
103 285.01566768099195 280.0001654891156 0.66731499973684549
104 284.96838257859667 280.00016601133825 0.67337099928408861
105 284.92162679396347 280.00016652771563 0.6794839994981885
106 284.87539201045797 280.00016703833995 0.68565799947828054
107 284.82967011219836 280.00016754329863 0.69182300008833408
108 284.78445317746105 280.00016804268063 0.69804299995303154
109 284.73973347229997 280.00016853657127 0.70418099965900183
110 284.69550344446196 280.00016902505473 0.71038000006228685
111 284.65175571750501 280.00016950821038 0.71651999931782484
112 284.60848308519718 280.00016998611966 0.72261200007051229
113 284.56567850608229 280.00017045885892 0.72884400002658367
114 284.52333509830044 280.00017092650546 0.73514899984002113
115 284.48144613459817 280.00017138913512 0.7414130000397563
116 284.4400050375109 280.00017184681531 0.74774099979549646
117 284.39900537474 280.00017229962179 0.75400699954479933
118 284.35844085472655 280.000172747622 0.76012199930846691
119 284.31830532235313 280.00017319088471 0.76648599933832884
120 284.27859275483115 280.00017362947591 0.77237999998033047
121 284.23929725773013 280.00017406346126 0.77853900007903576
122 284.20041306115792 280.00017449290374 0.78506899997591972
123 284.16193451606858 280.00017491786559 0.79168999940156937
124 284.1238560907305 280.00017533840986 0.79769499972462654
125 284.08617236728094 280.00017575459356 0.80388699937611818
126 284.04887803844514 280.00017616647818 0.80997599940747023
127 284.0119679043421 280.00017657411883 0.81613099947571754
128 283.9754368694185 280.00017697757187 0.82225399930030107
129 283.93927993947642 280.0001773768945 0.82847999967634678
130 283.90349221883071 280.00017777214043 0.83462399989366531
131 283.86806890752626 280.00017816335941 0.84064800012856722
132 283.83300529869524 280.00017855060713 0.84673899970948696
133 283.79829677596183 280.00017893393402 0.85282699950039387
134 283.76393881096317 280.00017931338772 0.85903699975460768
135 283.72992696094985 280.00017968902023 0.86539999954402447
136 283.69625686646134 280.00018006087657 0.87163299974054098
137 283.66292424907988 280.00018042900712 0.8777489997446537
138 283.629924909257 280.00018079345625 0.88396799936890602
139 283.59725472423025 280.00018115427116 0.89018899947404861
140 283.56490964597208 280.00018151149408 0.89638399984687567
141 283.53288569924985 280.00018186517173 0.90249300003051758
142 283.50117897971893 280.00018221534526 0.90870499983429909
143 283.46978565208076 280.00018256205641 0.91477600019425154
144 283.43870194831322 280.00018290535013 0.92093000002205372
145 283.40792416594888 280.00018324526394 0.92707099951803684
146 283.37744866640639 280.0001835818407 0.93309799954295158
147 283.34727187338342 280.00018391511605 0.93923200014978647
148 283.31739027129919 280.00018424513308 0.94542599935084581
149 283.28780040376432 280.00018457192863 0.95149299968034029
150 283.25849887214474 280.00018489553833 0.95785699971020222
151 283.22948233411756 280.00018521600128 0.96401999983936548
152 283.20074750231464 280.00018553335201 0.97023999970406294
153 283.17229114298431 280.00018584762842 0.97647099941968918
154 283.14411007469772 280.00018615886501 0.98308399971574545
155 283.11620116709406 280.00018646709503 0.98921300005167723
156 283.08856133969266 280.00018677235278 0.99547399953007698
157 283.06118756068861 280.00018707467285 1.0015679998323321
158 283.03407684581765 280.00018737408834 1.0076350001618266
159 283.00722625727258 280.00018767062897 1.013816999271512
160 282.9806329025941 280.00018796433022 1.0199939999729395
161 282.95429393367118 280.00018825522159 1.026120999827981
162 282.92820654569391 280.00018854333399 1.0326309995725751
163 282.9023679762002 280.00018882870017 1.0387579994276166
164 282.87677550411416 280.00018911134589 1.0451029995456338
165 282.85142644882512 280.00018939130558 1.0512609994038939
166 282.82631816929637 280.00018966860432 1.0573450000956655
167 282.80144806317605 280.00018994327309 1.0634989999234676
168 282.77681356598578 280.00019021533973 1.0695409998297691
169 282.75241215027751 280.00019048483244 1.0756970001384616
170 282.72824132483572 280.00019075177875 1.0821509994566441
171 282.70429863391655 280.00019101620541 1.0887349992990494
172 282.68058165648688 280.00019127813982 1.095745999366045
173 282.65708800550067 280.00019153760633 1.1044349996373057
174 282.6338153271858 280.00019179463317 1.1110009998083115
175 282.61076130034439 280.00019204924388 1.1191889997571707
176 282.58792363570512 280.00019230146785 1.1255899993702769
177 282.56530007525515 280.00019255132503 1.1318969996646047
178 282.54288839160552 280.00019279884259 1.138043999671936
179 282.52068638738371 280.00019304404503 1.1441649999469519
180 282.4986918946251 280.00019328695487 1.1503179995343089
181 282.4769027741994 280.00019352759676 1.1564289992675185
182 282.45531691523706 280.00019376599391 1.1626859996467829
183 282.43393223458452 280.00019400216951 1.1688139997422695
184 282.41274667625481 280.00019423614538 1.1749669993296266
185 282.39175821091357 280.00019446794539 1.181140000000596
186 282.37096483537835 280.00019469758973 1.1873180000111461
187 282.3503645721064 280.00019492510364 1.1934489998966455
188 282.32995546872166 280.00019515050519 1.1992989992722869
189 282.30973559754995 280.00019537381638 1.2054880000650883
190 282.28970305515583 280.00019559505904 1.2115709995850921
191 282.26985596189701 280.00019581425323 1.2179839992895722
192 282.25019246149418 280.00019603142056 1.2243919996544719
193 282.23071072060441 280.00019624657983 1.2305769994854927
194 282.21140892842141 280.00019645975141 1.2367629995569587
195 282.19228529625099 280.00019667095512 1.2428429992869496
196 282.17333805714543 280.00019688021166 1.2489879997447133
197 282.15456546550735 280.00019708753814 1.2550479993224144
198 282.13596579672372 280.00019729295605 1.2611309997737408
199 282.11753734680013 280.00019749648271 1.2673490000888705
200 282.09927843201257 280.00019769813741 1.2735150000080466
201 282.08118738855421 280.00019789793646 1.2796629993245006
202 282.0632625722069 280.00019809590162 1.28583599999547
203 282.04550235802486 280.00019829204808 1.2921690000221133
204 282.02790513997383 280.0001984863938 1.2983409995213151
205 282.01046933066215 280.0001986789577 1.304552000015974
206 281.9931933610282 280.00019886975588 1.3106859996914864
207 281.9760756800145 280.00019905880623 1.3170159999281168
208 281.95911475431205 280.00019924612548 1.3232450000941753
209 281.94230906805302 280.00019943172936 1.3294879999011755
210 281.92565712254219 280.00019961563601 1.3358159996569157
211 281.90915743599447 280.00019979786083 1.3419589996337891
212 281.89280854325523 280.00019997842014 1.3480380000546575
213 281.87660899555766 280.0002001573306 1.3540929993614554
214 281.86055736023746 280.00020033460635 1.3602149998769164
215 281.84465222054638 280.00020051026422 1.3668179996311665
216 281.82889217535205 280.00020068432048 1.3729189997538924
217 281.81327583892556 280.00020085678932 1.3790369993075728
218 281.79780184071791 280.00020102768559 1.3851889995858073
219 281.78246882512622 280.00020119702668 1.3914249995723367
220 281.76727545127284 280.00020136482499 1.3980609998106956
221 281.75222039279191 280.00020153109432 1.4042769996449351
222 281.73730233761535 280.00020169585082 1.4103839993476868
223 281.7225199877729 280.00020185910995 1.4168699998408556
224 281.70787205918322 280.00020202088416 1.4237469993531704
225 281.69335728145495 280.00020218118789 1.4313529999926686
226 281.67897439770888 280.00020234003381 1.4376599993556738
227 281.66472216435824 280.00020249743687 1.4438069993630052
228 281.65059935095758 280.00020265341226 1.4499469995498657
229 281.63660473999374 280.00020280796997 1.4560719998553395
230 281.62273712672402 280.00020296112757 1.462398000061512
231 281.60899531899872 280.00020311289433 1.468554999679327
232 281.59537813707709 280.00020326328399 1.4747719997540116
233 281.58188441348443 280.00020341230965 1.4808959998190403
234 281.5685129928118 280.00020355998618 1.4870360000059009
235 281.55526273160308 280.00020370632262 1.4933969993144274
236 281.54213249815496 280.00020385133496 1.499804999679327
237 281.52912117238361 280.00020399503427 1.5060319993644953
238 281.51622764566446 280.00020413743198 1.5122119998559356
239 281.5034508206914 280.00020427854128 1.5183290001004934
240 281.49078961131733 280.00020441837438 1.5245619993656874
241 281.47824294242622 280.00020455694283 1.5306699993088841
242 281.46580974979162 280.00020469425692 1.5367259997874498
243 281.45348897991636 280.00020483032881 1.5427979994565248
244 281.44127958993266 280.00020496517055 1.5489339996129274
245 281.42918054743228 280.00020509879522 1.5550099993124604
246 281.41719083036622 280.00020523121026 1.561404999345541
247 281.40530942690384 280.00020536243034 1.5675510000437498
248 281.39353533529851 280.00020549246551 1.5736419996246696
249 281.38186756378087 280.00020562132545 1.5797589998692274
250 281.3703051304355 280.00020574902339 1.5860719997435808
251 281.35884706305961 280.00020587556708 1.5921820001676679
252 281.3474923990712 280.00020600096963 1.598318999633193
253 281.3362401853874 280.00020612524042 1.6044689994305372
254 281.32508947830553 280.00020624839112 1.6106679998338223
255 281.31403934339727 280.00020637042928 1.6167339999228716
256 281.30308885538994 280.00020649136775 1.6228109998628497
257 281.29223709807081 280.00020661121636 1.6290739998221397
258 281.28148316417906 280.00020672998448 1.6352539993822575
259 281.27082615529224 280.00020684768214 1.6413699993863702
260 281.26026518174064 280.00020696431847 1.6473799999803305
261 281.24979936248644 280.00020707990512 1.6534810001030564
262 281.23942782504241 280.00020719444939 1.6597929997369647
263 281.22914970535993 280.00020730796223 1.6659880001097918
264 281.2189641477504 280.00020742045314 1.6721989996731281
265 281.20887030476854 280.00020753193132 1.6783659998327494
266 281.19886733715026 280.00020764240503 1.6845100000500679
267 281.18895441367624 280.00020775188528 1.6908049993216991
268 281.17913071112929 280.00020786037879 1.697486000135541
269 281.1693954141773 280.00020796789789 1.7034989995881915
270 281.15974771529653 280.00020807444815 1.7096090000122786
271 281.15018681467893 280.0002081800406 1.7157779997214675
272 281.140711920152 280.00020828468308 1.7220040000975132
273 281.13132224709102 280.00020838838259 1.7283779997378588
274 281.12201701835272 280.00020849115236 1.7346749994903803
275 281.11279546416284 280.00020859299536 1.7410189993679523
276 281.10365682206549 280.00020869392398 1.7471529999747872
277 281.09460033684354 280.00020879394452 1.7532859994098544
278 281.08562526041146 280.00020889306643 1.7600649995729327
279 281.07673085177561 280.00020899129657 1.766160000115633
280 281.06791637693163 280.0002090886457 1.7722939997911453
281 281.05918110880816 280.00020918511871 1.778485999442637
282 281.05052432718492 280.0002092807257 1.7846059994772077
283 281.04194531861981 280.00020937547356 1.7907360000535846
284 281.03344337638151 280.00020946937019 1.796845999546349
285 281.02501780037738 280.00020956242366 1.8029819997027516
286 281.01666789708099 280.00020965464091 1.8091190000995994
287 281.00839297947363 280.00020974603041 1.8155760001391172
288 281.00019236697119 280.00020983659925 1.8216859996318817
289 280.99206538534656 280.0002099263541 1.827763999812305
290 280.98401136668281 280.0002100153049 1.8339359993115067
291 280.97602964929808 280.0002101034566 1.8400909993797541
292 280.96811957768386 280.00021019081743 1.8462990000844002
293 280.96028050244263 280.00021027739342 1.8526710001751781
294 280.95251178021601 280.00021036319225 1.8588539995253086
295 280.94481277364196 280.00021044822097 1.865247999317944
296 280.93718285128341 280.00021053248634 1.8715300001204014
297 280.92962138756462 280.00021061599705 1.877623999491334
298 280.9221277627131 280.00021069875612 1.8837519995868206
299 280.91470136271067 280.00021078077521 1.8898419998586178
300 280.90734157922805 280.00021086205692 1.895987999625504
301 280.90004780956667 280.00021094261098 1.9020779998973012
302 280.89281945660792 280.00021102244187 1.9083259999752045
303 280.88565592875 280.00021110155683 1.9145019995048642
304 280.87855663985806 280.00021117996232 1.9205909995362163
305 280.87152100922282 280.000211257665 1.9267059992998838
306 280.86454846147058 280.00021133467095 1.9327809996902943
307 280.85763842655479 280.00021141098722 1.9389899997040629
308 280.85079033966684 280.0002114866175 1.9453989993780851
309 280.84400364121018 280.00021156157106 1.9517009994015098
310 280.83727777672755 280.00021163585251 1.9579079998657107
311 280.83061219688062 280.00021170946866 1.9641589997336268
312 280.82400635735866 280.0002117824227 1.9703009994700551
313 280.81745971887028 280.00021185472514 1.9763150000944734
314 280.81097174706758 280.0002119263786 1.9823920000344515
315 280.80454191250988 280.00021199739041 1.9884890001267195
316 280.79816969060295 280.00021206776682 1.9944929992780089
317 280.79185456158012 280.00021213751171 2.0008330000564456
318 280.78559601042662 280.00021220663245 2.0068999994546175
319 280.77939352684371 280.00021227513395 2.0130779994651675
320 280.77324660520742 280.00021234302096 2.0191799998283386
321 280.76715474452055 280.00021241030129 2.0252809999510646
322 280.76111744836533 280.0002124769772 2.0313729997724295
323 280.75513422486267 280.00021254305682 2.037491999566555
324 280.74920458662859 280.00021260854447 2.0435709999874234
325 280.7433280507359 280.00021267344607 2.0497059999033809
326 280.73750413865412 280.00021273776667 2.0559009993448853
327 280.73173237623553 280.00021280151049 2.0620999997481704
328 280.72601229363937 280.00021286468331 2.0683199996128678
329 280.72034342532646 280.00021292729122 2.0745660001412034
330 280.71472530998824 280.00021298933837 2.0807159999385476
331 280.70915749053086 280.00021305083095 2.0868210000917315
332 280.70363951401396 280.00021311177153 2.092956000007689
333 280.69817093162499 280.00021317216812 2.099057000130415
334 280.69275129863502 280.00021323202316 2.1051869997754693
335 280.68738017436442 280.00021329134159 2.1113489996641874
336 280.68205712213955 280.00021335013071 2.1175250001251698
337 280.67678170926541 280.00021340839402 2.1237019998952746
338 280.67155350695771 280.00021346613477 2.1297949999570847
339 280.6663720903519 280.00021352335881 2.1360799996182323
340 280.66123703843272 280.00021358007064 2.1423649992793798
341 280.65614793401198 280.00021363627536 2.1487320000305772
342 280.65110436368508 280.00021369197742 2.1549220001325011
343 280.6461059177995 280.00021374718159 2.1614109994843602
344 280.64115219042549 280.00021380189014 2.1677230000495911
345 280.63624277930711 280.00021385611075 2.1739369994029403
346 280.63137728584564 280.00021390984574 2.1801370000466704
347 280.62655531504407 280.00021396310149 2.1863779993727803
348 280.62177647550112 280.00021401587884 2.1925079999491572
349 280.61704037934851 280.00021406818485 2.1987959994003177
350 280.61234664223423 280.00021412002275 2.2048929994925857
351 280.60769488329976 280.00021417139885 2.2111399993300438
352 280.60308472511628 280.00021422231333 2.2174720000475645
353 280.59851579368956 280.00021427277471 2.2235049996525049
354 280.59398771839835 280.00021432278265 2.2295779995620251
355 280.58950013197938 280.00021437234489 2.2356469994410872
356 280.58505267049486 280.000214421463 2.2418829994276166
357 280.58064497329423 280.00021447014353 2.2479559993371367
358 280.57627668298778 280.00021451838666 2.2542559998109937
359 280.5719474454246 280.00021456619805 2.2606569994240999
360 280.56765690965847 280.0002146135846 2.2668070001527667
361 280.56340472789378 280.00021466054574 2.2728769993409514
362 280.55919055549822 280.00021470708788 2.2793109994381666
363 280.5550140509468 280.00021475321432 2.2854669997468591
364 280.55087487579954 280.00021479892689 2.2916209995746613
365 280.54677269467163 280.00021484423223 2.2977959997951984
366 280.54270717521183 280.00021488913075 2.3039389997720718
367 280.53867798806914 280.00021493363175 2.3101610001176596
368 280.53468480685967 280.00021497773201 2.3163909995928407
369 280.5307273081483 280.00021502143954 2.3225259995087981
370 280.52680517142466 280.00021506475525 2.3288489999249578
371 280.52291807906295 280.00021510768465 2.3350749993696809
372 280.51906571630713 280.00021515023087 2.3410930000245571
373 280.5152477712403 280.00021519239687 2.347163999453187
374 280.51146393475784 280.00021523418599 2.353273999877274
375 280.50771390054393 280.00021527560256 2.3595059998333454
376 280.50399736504079 280.00021531664873 2.3656080001965165
377 280.50031402743701 280.0002153573281 2.3716899994760752
378 280.49666358962259 280.00021539764384 2.3781989999115467
379 280.49304575618078 280.00021543759942 2.3843169994652271
380 280.48946023435491 280.00021547719837 2.3905170001089573
381 280.48590673403106 280.00021551644448 2.3966589998453856
382 280.4823849677 280.00021555533868 2.4028759999200702
383 280.47889465045586 280.00021559388694 2.4091309998184443
384 280.47543549995123 280.00021563209054 2.4154279995709658
385 280.4720072363765 280.00021566995252 2.4215449998155236
386 280.46860958245475 280.00021570747555 2.4278279999271035
387 280.46524226339881 280.00021574466501 2.4341359995305538
388 280.46190500690449 280.000215781522 2.4402769999578595
389 280.45859754310032 280.00021581804998 2.4464059993624687
390 280.45531960456981 280.00021585425179 2.4525750000029802
391 280.45207092628135 280.00021589013164 2.4588310001417994
392 280.44885124560756 280.00021592568868 2.4650499997660518
393 280.44566030227378 280.00021596093069 2.4711670000106096
394 280.44249783834482 280.00021599585699 2.4772870000451803
395 280.43936359821475 280.0002160304727 2.4835099996998906
396 280.43625732858385 280.00021606477878 2.489656999707222
397 280.43317877841469 280.00021609877922 2.4957829993218184
398 280.43012769894187 280.0002161324748 2.5022889999672771
399 280.42710384363039 280.00021616587139 2.5088399993255734
400 280.42410696817012 280.00021619896893 2.5154069997370243
401 280.42113683043783 280.00021623177201 2.521896000020206
402 280.41819319050131 280.00021626428116 2.528074000030756
403 280.41527581057778 280.00021629650087 2.5342790000140667
404 280.41238445502461 280.00021632843431 2.5404759999364614
405 280.40951889031891 280.00021636008188 2.5465969992801547
406 280.40667888503577 280.00021639144654 2.552683999761939
407 280.40386420983748 280.00021642253273 2.5589319998398423
408 280.40107463744027 280.00021645334044 2.5650739995762706
409 280.39830994260592 280.00021648387508 2.5712599996477365
410 280.39556990212981 280.00021651413527 2.5775950001552701
411 280.39285429480003 280.00021654412762 2.5837479997426271
412 280.39016290139995 280.00021657385241 2.5899649998173118
413 280.38749550468765 280.00021660331129 2.5962600000202656
414 280.38485188936846 280.00021663250857 2.6024219999089837
415 280.3822318420788 280.00021666144477 2.6086139995604753
416 280.37963515138034 280.00021669012176 2.6147349998354912
417 280.37706160773394 280.0002167185454 2.6209599999710917
418 280.37451100348062 280.00021674671405 2.6271609999239445
419 280.37198313282926 280.00021677463309 2.6333849998190999
420 280.36947779183271 280.00021680230185 2.639665000140667
421 280.36699477838584 280.00021682972391 2.6458489997312427
422 280.3645338921952 280.00021685690274 2.6519900001585484
423 280.36209493475809 280.00021688383833 2.6582599999383092
424 280.35967770937032 280.00021691053524 2.6644540000706911
425 280.35728202107947 280.0002169369937 2.6707509998232126
426 280.35490767670456 280.00021696321613 2.6770660001784563
427 280.35255448477187 280.00021698920511 2.6835110001266003
428 280.35022225556293 280.00021701496269 2.689597999677062
429 280.34791080102718 280.00021704049095 2.695698999799788
430 280.34561993482993 280.00021706579224 2.7018019994720817
431 280.34334947229058 280.00021709086792 2.7079469999298453
432 280.34109923040131 280.00021711571941 2.7140769995748997
433 280.33886902779733 280.00021714034926 2.7204809999093413
434 280.33665868473435 280.00021716476067 2.7267509996891022
435 280.33446802308401 280.00021718895476 2.7331079998984933
436 280.33229686632126 280.00021721293388 2.739210999570787
437 280.33014503951034 280.00021723669829 2.7453680001199245
438 280.32801236927577 280.00021726025221 2.7514490000903606
439 280.32589868380205 280.00021728359525 2.7576739992946386
440 280.32380381281871 280.00021730673228 2.7641479996964335
441 280.32172758759293 280.00021732966246 2.7704940000548959
442 280.31966984088325 280.00021735238835 2.7767190001904964
443 280.31763040697336 280.0002173749121 2.7830969998613
444 280.3156091216249 280.00021739723559 2.7893759999424219
445 280.31360582207162 280.00021741936024 2.7954089995473623
446 280.31162034701191 280.00021744128816 2.8014129996299744
447 280.30965253659195 280.00021746302093 2.8075869996100664
448 280.30770223239745 280.00021748456049 2.8139419993385673
449 280.30576927742396 280.00021750590798 2.8200460001826286
450 280.30385351609101 280.00021752706647 2.8261139998212457
451 280.30195479419996 280.0002175480351 2.8322219997644424
452 280.30007295895177 280.00021756881904 2.8383499998599291
453 280.29820785890405 280.00021758941648 2.8444449994713068
454 280.29635934398868 280.0002176098323 2.8505790000781417
455 280.29452726546378 280.00021763006606 2.8568500000983477
456 280.29271147595938 280.00021765011996 2.863157999701798
457 280.29091182937708 280.0002176699951 2.8692669998854399
458 280.28912818097598 280.00021768969447 2.875411999411881
459 280.28736038728357 280.00021770921791 2.8814989998936653
460 280.28560830613401 280.00021772856752 2.8878349997103214
461 280.28387179662701 280.00021774774632 2.8940669996663928
462 280.28215071913348 280.00021776675442 2.9001439996063709
463 280.28044493527051 280.00021778559335 2.9062449997290969
464 280.27875430789885 280.00021780426482 2.9124509999528527
465 280.27707870110896 280.00021782277054 2.9186359997838736
466 280.27541798022821 280.00021784111107 2.9248059997335076
467 280.27377201176074 280.00021785928959 2.9309310000389814
468 280.27214066343521 280.00021787730617 2.9370529996231198
469 280.27052380415364 280.00021789516279 2.9431559992954135
470 280.26892130400228 280.00021791286088 2.9494329998269677
471 280.26733303422503 280.00021793040202 2.9555219998583198
472 280.26575886723083 280.00021794778769 2.9619429996237159
473 280.2641986765621 280.00021796501835 2.9681850001215935
474 280.26265233690538 280.00021798209696 2.9743539998307824
475 280.26111972406932 280.00021799902271 2.9804819999262691
476 280.259600714974 280.00021801579868 2.9865509998053312
477 280.25809518765021 280.00021803242703 2.992666999809444
478 280.25660302121321 280.00021804890605 2.9988259999081492
479 280.25512409587276 280.00021806523995 3.0049239993095398
480 280.25365829290615 280.00021808142895 3.0113159995526075
481 280.25220549465905 280.00021809747318 3.017539999447763
482 280.25076558453378 280.00021811337621 3.0236569996923208
483 280.24933844697955 280.00021812913798 3.0298950001597404
484 280.24792396747443 280.00021814476008 3.0361399995163083
485 280.24652203253225 280.00021816024332 3.0423519993200898
486 280.2451325296903 280.0002181755886 3.0485450001433492
487 280.24375534747276 280.00021819079922 3.0547169996425509
488 280.24239037543424 280.00021820587347 3.0610269997268915
489 280.24103750409404 280.00021822081544 3.0673349993303418
490 280.23969662496495 280.00021823562508 3.073590999469161
491 280.23836763053333 280.000218250302 3.0797049999237061
492 280.23705041425148 280.00021826484965 3.0859789997339249
493 280.2357448705207 280.00021827926827 3.092132999561727
494 280.23445089469675 280.00021829355865 3.0982079999521375
495 280.23316838307244 280.00021830772204 3.1046580001711845
496 280.23189723286731 280.00021832176191 3.1114409994333982
497 280.23063734222478 280.00021833567564 3.1175750000402331
498 280.22938861020566 280.00021834946665 3.1236039996147156
499 280.22815093677076 280.00021836313681 3.1298070000484586
500 280.22692422278351 280.0002183766847 3.1366569995880127
501 280.22570836998921 280.00021839011117 3.1427959995344281
502 280.22450328102337 280.00021840342146 3.1489589996635914
503 280.22330885939243 280.00021841661248 3.1551789995282888
504 280.22212500946387 280.00021842968715 3.1619290001690388
505 280.22095163646691 280.00021844264563 3.1681549996137619
506 280.21978864647951 280.00021845548986 3.1742879999801517
507 280.21863594642662 280.00021846822136 3.1806299993768334
508 280.21749344405754 280.00021848083969 3.1870050001889467
509 280.21636104796107 280.00021849334655 3.1931710001081228
510 280.2152386675412 280.00021850574126 3.1992919994518161
511 280.21412621301027 280.00021851802705 3.2056229999288917
512 280.21302359539561 280.00021853020473 3.2120089996606112
513 280.21193072651084 280.00021854227532 3.2183919996023178
514 280.21084751896836 280.00021855423927 3.2245969995856285
515 280.20977388616313 280.00021856609595 3.2307019997388124
516 280.20870974227029 280.0002185778481 3.2369089992716908
517 280.20765500222876 280.00021858949623 3.2430809997022152
518 280.20660958173795 280.00021860104238 3.2495240001007915
519 280.20557339726378 280.00021861248604 3.255834000185132
520 280.20454636601784 280.00021862382926 3.2628409992903471
521 280.20352840594694 280.00021863507186 3.2689720001071692
522 280.20251943574482 280.00021864621493 3.2751879999414086
523 280.20151937482422 280.00021865725898 3.2814719993621111
524 280.2005281433286 280.00021866820612 3.2877500001341105
525 280.19954566211601 280.00021867905707 3.2939339997246861
526 280.19857185274816 280.00021868981145 3.3000409994274378
527 280.19760663750264 280.00021870047203 3.3061259994283319
528 280.19664993933981 280.0002187110378 3.312470999546349
529 280.19570168192229 280.00021872151132 3.3185189999639988
530 280.19476178959127 280.00021873189093 3.3246919997036457
531 280.19383018736681 280.00021874218044 3.3307299995794892
532 280.1929068009461 280.00021875237888 3.3369239997118711
533 280.19199155669173 280.00021876248627 3.3430889993906021
534 280.19108438162033 280.00021877250515 3.3492799997329712
535 280.19018520341046 280.00021878243621 3.3557029999792576
536 280.18929395038492 280.00021879227916 3.3618099996820092
537 280.18841055151404 280.00021880203485 3.3682009996846318
538 280.18753493639781 280.00021881170494 3.3743639998137951
539 280.18666703527686 280.00021882129101 3.3804839998483658
540 280.18580677900729 280.00021883079074 3.3868689993396401
541 280.18495409907877 280.0002188402093 3.3930369997397065
542 280.18410892757629 280.00021884954248 3.3991759996861219
543 280.183271197213 280.00021885879522 3.4055049996823072
544 280.18244084129662 280.00021886796679 3.4118019994348288
545 280.18161779373651 280.00021887705446 3.4181650001555681
546 280.18080198903016 280.00021888606375 3.4242439996451139
547 280.17999336225961 280.00021889499624 3.4304849999025464
548 280.17919184910249 280.00021890384704 3.436710000038147
549 280.17839738580119 280.00021891262168 3.4430700000375509
550 280.17760990917418 280.00021892131883 3.4494229992851615
551 280.17682935661026 280.00021892993874 3.4556939993053675
552 280.17605566605027 280.0002189384835 3.4621279994025826
553 280.1752887760008 280.00021894695294 3.4684419995173812
554 280.1745286255138 280.00021895534809 3.4746129997074604
555 280.17377515419525 280.00021896366928 3.4807429993525147
556 280.17302830218199 280.00021897191823 3.4868359994143248
557 280.17228801015688 280.0002189800943 3.4931680001318455
558 280.17155421933262 280.00021898819756 3.4992279997095466
559 280.17082687144864 280.00021899623124 3.5053260000422597
560 280.17010590876674 280.00021900419256 3.5117279998958111
561 280.16939127406465 280.00021901208498 3.5178749999031425
562 280.16868291063264 280.0002190199088 3.5239629996940494
563 280.16798076227491 280.00021902766491 3.5301819993183017
564 280.16728477329866 280.00021903534895 3.5364449992775917
565 280.16659488850974 280.00021904296904 3.542607999406755
566 280.16591105319986 280.00021905052182 3.5487879998981953
567 280.16523321316555 280.00021905800787 3.5551579995080829
568 280.16456131468152 280.0002190654277 3.5613289996981621
569 280.16389530450834 280.00021907278381 3.5674080001190305
570 280.16323512988276 280.000219080075 3.5734970001503825
571 280.16258073851128 280.00021908730196 3.5796559993177652
572 280.16193207857486 280.0002190944669 3.5857229996472597
573 280.16128909871026 280.00021910156698 3.5918379994109273
574 280.16065174802623 280.00021910860659 3.5980519996955991
575 280.16001997608168 280.00021911558395 3.6042579999193549
576 280.15939373289024 280.00021912250037 3.6105249999091029
577 280.15877296890693 280.00021912935694 3.61693299934268
578 280.15815763504486 280.00021913615194 3.6230269996449351
579 280.15754768264401 280.00021914288811 3.6291309995576739
580 280.15694306348729 280.00021914956517 3.6357309995219111
581 280.15634372978985 280.0002191561843 3.6418849993497133
582 280.15574963419277 280.00021916274579 3.6478960001841187
583 280.15516072976385 280.00021916925056 3.6539899995550513
584 280.15457696998959 280.00021917569649 3.6602259995415807
585 280.15399830877993 280.00021918208876 3.6664519999176264
586 280.15342470044703 280.00021918842282 3.6725749997422099
587 280.15285609972938 280.00021919470254 3.6787000000476837
588 280.15229246175113 280.0002192009274 3.685003999620676
589 280.15173374205716 280.0002192070981 3.6911450000479817
590 280.15117989657983 280.00021921321479 3.6972489999607205
591 280.15063088164447 280.00021921927856 3.7033500000834465
592 280.15008665398346 280.00021922528919 3.7097299993038177
593 280.1495471707027 280.0002192312474 3.7159059997648001
594 280.14901238929315 280.000219237154 3.7221539998427033
595 280.14848226763814 280.00021924300921 3.7284929994493723
596 280.14795676398768 280.00021924881213 3.7348090000450611
597 280.14743583697509 280.00021925456485 3.7410249998793006
598 280.14691944559405 280.00021926026932 3.7473780000582337
599 280.14640754921516 280.00021926592217 3.7534509999677539
600 280.1459001075699 280.00021927152682 3.7597559997811913
601 280.14539708074983 280.00021927708087 3.7658659992739558
602 280.1448984292083 280.00021928258928 3.7720889998599887
603 280.14440411374824 280.00021928804887 3.7783789997920394
604 280.14391409553093 280.00021929345991 3.7846439993008971
605 280.14342833605656 280.00021929882411 3.790760999545455
606 280.14294679717619 280.00021930414334 3.7969029992818832
607 280.14246944108203 280.00021930941477 3.8031850000843406
608 280.14199623031243 280.00021931464136 3.8094020001590252
609 280.14152712772858 280.0002193198236 3.8156669996678829
610 280.14106209653357 280.00021932495918 3.8218299997970462
611 280.14060110025611 280.00021933004984 3.8281649993732572
612 280.14014410275524 280.00021933509663 3.8343679998070002
613 280.13969106821673 280.0002193401005 3.8406189996749163
614 280.13924196113902 280.0002193450614 3.8469479996711016
615 280.13879674634239 280.00021934997784 3.853252999484539
616 280.13835538896723 280.00021935485154 3.8596040001139045
617 280.13791785446779 280.00021935968317 3.8657069997861981
618 280.13748410859478 280.00021936447473 3.8718609996140003
619 280.13705411741591 280.00021936922326 3.8781019998714328
620 280.13662784730599 280.00021937393075 3.8843430001288652
621 280.1362052649385 280.0002193785985 3.8906319998204708
622 280.1357863372823 280.00021938322527 3.8969829995185137
623 280.13537103160428 280.00021938781151 3.903303999453783
624 280.1349593154651 280.00021939235779 3.9096019994467497
625 280.13455115672076 280.00021939686633 3.9159159995615482
626 280.13414652350787 280.00021940133473 3.9220369998365641
627 280.13374538425205 280.00021940576562 3.9284739997237921
628 280.13334770766795 280.0002194101566 3.9346349993720651
629 280.13295346274191 280.0002194145103 3.940760999917984
630 280.13256261873664 280.00021941882773 3.9469699999317527
631 280.13217514520505 280.00021942310605 3.9531229995191097
632 280.13179101195868 280.00021942734946 3.9593319995328784
633 280.13141018908658 280.00021943155565 3.9654869996011257
634 280.13103264694359 280.00021943572489 3.9715550001710653
635 280.1306583561506 280.00021943985809 3.9776459997519851
636 280.13028728759241 280.0002194439565 3.9838609993457794
637 280.12991941241603 280.00021944801927 3.9902339996770024
638 280.12955470202564 280.00021945204696 3.9965719999745488
639 280.12919312808231 280.00021945604055 4.0027799997478724
640 280.12883466250577 280.00021945999907 4.0089769996702671
641 280.12847927745895 280.00021946392343 4.0164589993655682
642 280.12812694535978 280.0002194678159 4.0233959993347526
643 280.12777763887073 280.00021947167221 4.0310669997707009
644 280.12743133090231 280.00021947549806 4.0380710000172257
645 280.12708799460785 280.00021947928963 4.0441849995404482
646 280.12674760337694 280.00021948304897 4.050284999422729
647 280.12641013084715 280.00021948677539 4.0564789995551109
648 280.12607555088272 280.00021949047095 4.0627870000898838
649 280.12574383758539 280.0002194941348 4.069093999452889
650 280.12541496529161 280.00021949776669 4.0753499995917082
651 280.12508890856628 280.00021950136738 4.0816779993474483
652 280.12476564220606 280.00021950493704 4.0879529993981123
653 280.12444514122092 280.00021950847776 4.0941899996250868
654 280.12412738086363 280.00021951198858 4.1003559995442629
655 280.12381233659318 280.00021951546574 4.1065369993448257
656 280.12349998409547 280.00021951891711 4.1127499993890524
657 280.12319029927477 280.00021952233715 4.119068999774754
658 280.1228832582496 280.00021952572882 4.1252199998125434
659 280.1225788373543 280.00021952908895 4.13134799990803
660 280.12227701313248 280.00021953242361 4.1376700000837445
661 280.12197776234689 280.00021953572849 4.1437749993056059
662 280.12168106195145 280.00021953900455 4.1500389995053411
663 280.12138688912916 280.00021954225275 4.1562779992818832
664 280.12109522124462 280.00021954547481 4.1624050000682473
665 280.12080603588203 280.00021954866986 4.1685060001909733
666 280.1205193108201 280.00021955183638 4.1747319996356964
667 280.12023502403866 280.00021955497641 4.1809329995885491
668 280.11995315371104 280.00021955808739 4.1870979992672801
669 280.11967367821291 280.0002195611757 4.1932569993659854
670 280.11939657611094 280.00021956423512 4.1995139997452497
671 280.11912182616186 280.00021956727062 4.2057149996981025
672 280.11884940731295 280.0002195702782 4.2119849994778633
673 280.11857929869979 280.00021957326152 4.2181500000879169
674 280.11831147965563 280.00021957621925 4.2244600001722574
675 280.11804592968258 280.00021957915288 4.2305439999327064
676 280.11778262847997 280.00021958205963 4.2366239996626973
677 280.11752155591745 280.00021958494318 4.2426869999617338
678 280.11726269205894 280.00021958780252 4.2488500000908971
679 280.11700601713153 280.0002195906369 4.2551619997248054
680 280.11675151155271 280.00021959344764 4.2615029998123646
681 280.11649915591158 280.00021959623456 4.2677459996193647
682 280.1162489309703 280.0002195989988 4.2741189999505877
683 280.11600081765908 280.00021960173729 4.2801919998601079
684 280.11575479708347 280.00021960445446 4.2863549999892712
685 280.1155108505256 280.00021960714895 4.2925049997866154
686 280.11526895942546 280.00021960982065 4.2985509997233748
687 280.11502910538809 280.00021961246995 4.3047580001875758
688 280.11479127019555 280.0002196150964 4.3109919996932149
689 280.11455543577569 280.00021961770102 4.3172490000724792
690 280.1143215842414 280.00021962028296 4.3235209994018078
691 280.11408969783935 280.00021962284558 4.3297439999878407
692 280.11385975899765 280.00021962538278 4.3358499994501472
693 280.11363175028924 280.0002196279018 4.3422900000587106
694 280.11340565445215 280.00021963039865 4.348581999540329
695 280.11318145436832 280.00021963287554 4.3547700000926852
696 280.11295913308317 280.00021963533192 4.3609389998018742
697 280.11273867379003 280.00021963776635 4.3670849995687604
698 280.11252005983101 280.00021964017964 4.3732219999656081
699 280.11230327470287 280.00021964257314 4.3793479995802045
700 280.11208830204475 280.00021964494812 4.3854310000315309
701 280.11187512564914 280.00021964730252 4.3915569996461272
702 280.11166372944632 280.00021964963662 4.3979609999805689
703 280.11145409751759 280.00021965195276 4.4044409999623895
704 280.11124621407504 280.00021965424912 4.4107519993558526
705 280.11104006349143 280.00021965652485 4.4169219993054867
706 280.11083563026136 280.00021965878284 4.4229870000854135
707 280.1106328990283 280.00021966102179 4.429186999797821
708 280.11043185457538 280.00021966324272 4.4353939993306994
709 280.11023248181641 280.00021966544415 4.4415469998493791
710 280.11003476579606 280.00021966762745 4.4479229999706149
711 280.10983869170855 280.00021966979352 4.4540799995884299
712 280.10964424486309 280.0002196719413 4.4603619994595647
713 280.10945141071949 280.00021967407099 4.466541999951005
714 280.10926017484411 280.00021967618261 4.4727289993315935
715 280.10907052295403 280.00021967827666 4.4789490001276135
716 280.10888244089062 280.00021968035446 4.4852019995450974
717 280.10869591461005 280.00021968241469 4.4914790000766516
718 280.1085109302079 280.00021968445805 4.497592999599874
719 280.108327473896 280.00021968648321 4.5038169994950294
720 280.10814553201203 280.0002196884933 4.5102089997380972
721 280.10796509102533 280.00021969048595 4.5163960000500083
722 280.10778613750523 280.00021969246188 4.522520000115037
723 280.1076086581628 280.00021969442258 4.5287189995869994
724 280.10743263982141 280.00021969636634 4.5348999993875623
725 280.10725806941838 280.00021969829521 4.5412969999015331
726 280.10708493400574 280.00021970020669 4.547414000146091
727 280.10691322076684 280.00021970210258 4.553736999630928
728 280.10674291698211 280.0002197039841 4.5601189993321896
729 280.10657401006011 280.00021970585027 4.5664539998397231
730 280.10640648751331 280.00021970770058 4.5727499993517995
731 280.10624033696405 280.00021970953514 4.5787439998239279
732 280.1060755461607 280.00021971135499 4.584842000156641
733 280.10591210294501 280.00021971316028 4.5909899994730949
734 280.1057499952737 280.00021971495147 4.5972400000318885
735 280.10558921121446 280.00021971672561 4.603455999866128
736 280.10542973893797 280.00021971848724 4.6099939998239279
737 280.10527156672202 280.00021972023387 4.6162359993904829
738 280.10511468295243 280.00021972196669 4.622312999330461
739 280.10495907611471 280.00021972368546 4.6285689994692802
740 280.10480473479691 280.00021972538957 4.6348599996417761
741 280.10465164769755 280.00021972707987 4.6410989994183183
742 280.10449980360795 280.00021972875783 4.6473509995266795
743 280.10434919142278 280.00021973042089 4.6536409994587302
744 280.10419980013813 280.00021973207117 4.6599639998748899
745 280.10405161884626 280.0002197337069 4.6663139993324876
746 280.10390463673542 280.00021973532961 4.6726909996941686
747 280.10375884309752 280.00021973694044 4.6788169993087649
748 280.10361422731717 280.00021973853791 4.6852549994364381
749 280.10347077887343 280.00021974012219 4.6917300000786781
750 280.10332848733037 280.00021974169317 4.6979970000684261
751 280.1031873423683 280.00021974325244 4.7041349997743964
752 280.10304733373778 280.00021974479762 4.7107029994949698
753 280.10290845129327 280.0002197463316 4.7171240001916885
754 280.10277068497987 280.00021974785369 4.7233609994873405
755 280.10263402482138 280.00021974936379 4.7296219998970628
756 280.10249846095428 280.00021975086031 4.7357489997521043
757 280.10236398357523 280.00021975234506 4.7420799992978573
758 280.10223058298908 280.00021975381839 4.7483449997380376
759 280.10209824957934 280.00021975528028 4.7548469994217157
760 280.10196697381963 280.00021975672996 4.7610019994899631
761 280.10183674626586 280.00021975816844 4.7672060001641512
762 280.1017075575615 280.00021975959578 4.7735230000689626
763 280.10157939842725 280.00021976100942 4.7798600001260638
764 280.10145225967221 280.00021976241482 4.7860539993271232
765 280.10132613219167 280.00021976380748 4.7924250001087785
766 280.10120100695883 280.00021976519014 4.798802999779582
767 280.10107687502716 280.00021976656024 4.8050649994984269
768 280.10095372752107 280.00021976791936 4.8112229993566871
769 280.10083155566656 280.00021976926843 4.8176870001479983
770 280.10071035075191 280.00021977060777 4.8236999996006489
771 280.1005901041479 280.00021977193597 4.8297419995069504
772 280.10047080729544 280.00021977325309 4.8359530000016093
773 280.10035245172872 280.00021977456112 4.8421820001676679
774 280.10023502904397 280.00021977585772 4.8485499992966652
775 280.10011853091788 280.00021977714454 4.8549750000238419
776 280.10000294909435 280.00021977842022 4.861752999946475
777 280.09988827540451 280.00021977968635 4.8680569995194674
778 280.09977450174546 280.00021978094316 4.8741440000012517
779 280.09966162008789 280.0002197821899 4.8801769996061921
780 280.09954962246786 280.00021978342733 4.8862779997289181
781 280.09943850101229 280.00021978465378 4.8924529999494553
782 280.0993282478891 280.00021978587279 4.8984809992834926
783 280.09921885536289 280.0002197870794 4.9045449998229742
784 280.09911031576166 280.00021978827897 4.9106789994984865
785 280.09900262145902 280.00021978946933 4.9168699998408556
786 280.09889576493885 280.00021979064866 4.9230680000036955
787 280.0987897387156 280.00021979181935 4.929250999353826
788 280.09868453538576 280.00021979298128 4.9355199998244643
789 280.09858014761585 280.00021979413526 4.9418639997020364
790 280.09847656813076 280.00021979527929 4.9480579998344183
791 280.09837378972787 280.00021979641298 4.954254999756813
792 280.09827180525508 280.00021979754081 4.9606029996648431
793 280.09817060764499 280.00021979865744 4.9669570000842214
794 280.09807018987243 280.00021979976668 4.973156999796629
795 280.09797054499467 280.00021980086683 4.9794789999723434
796 280.09787166611034 280.00021980195879 4.9858670001849532
797 280.09777354640306 280.00021980304257 4.9920159997418523
798 280.09767617909972 280.00021980411788 4.9981829999014735
799 280.09757955749842 280.00021980518443 5.0041379993781447
800 280.09748367495069 280.00021980624422 5.0102650001645088
801 280.09738852487004 280.00021980729451 5.0164169995114207
802 280.09729410072487 280.00021980833759 5.0225299997255206
803 280.09720039605219 280.00021980937356 5.0288729993626475
804 280.09710740443984 280.00021981039907 5.0349989999085665
805 280.09701511953472 280.00021981141811 5.0411000000312924
806 280.09692353504062 280.00021981243054 5.0475709997117519
807 280.0968326447159 280.00021981343338 5.0537780001759529
808 280.09674244237925 280.00021981442927 5.0599219994619489
809 280.09665292189783 280.00021981541789 5.0661159995943308
810 280.09656407719905 280.00021981640015 5.0722779994830489
811 280.09647590226854 280.00021981737433 5.0785670001059771
812 280.09638839113586 280.00021981834027 5.0847939997911453
813 280.09630153789163 280.0002198192995 5.0910289995372295
814 280.09621533667683 280.00021982025152 5.0973149994388223
815 280.09612978168849 280.00021982119688 5.1036359993740916
816 280.09604486716563 280.00021982213445 5.1097389999777079
817 280.09596058741164 280.00021982306475 5.1158739998936653
818 280.0958769367719 280.00021982398869 5.1220840001478791
819 280.09579390964433 280.00021982490546 5.1283430000767112
820 280.09571150048123 280.00021982581649 5.1344229998067021
821 280.09562970378119 280.0002198267199 5.1406020000576973
822 280.0955485140957 280.00021982761496 5.1469249995425344
823 280.09546792601503 280.00021982850524 5.1532459994778037
824 280.09538793419182 280.00021982938915 5.1595169994980097
825 280.09530853331825 280.00021983026602 5.1657019993290305
826 280.0952297181326 280.00021983113629 5.1718359999358654
827 280.09515148342547 280.00021983200116 5.1780389994382858
828 280.09507382403035 280.00021983285814 5.1842979993671179
829 280.09499673483725 280.00021983370925 5.1905180001631379
830 280.09492021076289 280.00021983455412 5.1967110000550747
831 280.09484424678237 280.00021983539364 5.2030130000784993
832 280.09476883792246 280.00021983622639 5.2091830000281334
833 280.09469397923186 280.00021983705227 5.2156309997662902
834 280.09461966583302 280.00021983787269 5.2217410001903772
835 280.09454589286247 280.00021983868783 5.2280289996415377
836 280.09447265552109 280.00021983949779 5.2342509999871254
837 280.0943999490479 280.00021984030076 5.2405269993469119
838 280.09432776872234 280.00021984109856 5.2466359995305538
839 280.09425610986108 280.00021984188919 5.2529839994385839
840 280.09418496783456 280.00021984267374 5.2590999994426966
841 280.09411433804701 280.00021984345409 5.2653040001168847
842 280.09404421594718 280.0002198442283 5.2715769996866584
843 280.0939745970187 280.00021984499671 5.2778629995882511
844 280.09390547679368 280.00021984575977 5.2841689996421337
845 280.09383685084003 280.00021984651914 5.2903089998289943
846 280.09376871476371 280.00021984727198 5.296480999328196
847 280.09370106420971 280.00021984801845 5.302589999511838
848 280.09363389487595 280.00021984876003 5.3089429996907711
849 280.09356720247553 280.00021984949672 5.3152589993551373
850 280.09350098277872 280.00021985022892 5.3213780000805855
851 280.09343523158088 280.00021985095407 5.3275799993425608
852 280.09336994472847 280.00021985167564 5.3337209997698665
853 280.09330511809304 280.00021985239096 5.3399989996105433
854 280.09324074759223 280.00021985310309 5.3463239995762706
855 280.09317682916833 280.00021985380857 5.352487999945879
856 280.09311335881728 280.00021985451093 5.3587639993056655
857 280.09305033255322 280.0002198552055 5.3648929996415973
858 280.09298774643861 280.00021985589734 5.3711199993267655
859 280.09292559656615 280.00021985658339 5.3772599995136261
860 280.09286387906496 280.00021985726522 5.3836219999939203
861 280.09280259009682 280.00021985794234 5.3899440001696348
862 280.09274172585725 280.00021985861395 5.3961939997971058
863 280.09268128257861 280.00021985928322 5.402364999987185
864 280.09262125652901 280.00021985994459 5.4086859999224544
865 280.09256164400546 280.00021986060335 5.4148049997165799
866 280.09250244134262 280.00021986125802 5.4212179994210601
867 280.09244364489933 280.00021986190768 5.4273509997874498
868 280.09238525107634 280.00021986255109 5.4334319997578859
869 280.09232725630625 280.00021986319211 5.4395869998261333
870 280.09226965704738 280.0002198638295 5.4458569996058941
871 280.09221244979057 280.00021986446023 5.4521800000220537
872 280.09215563106625 280.00021986508818 5.4584550000727177
873 280.09209919742688 280.00021986571102 5.4647570000961423
874 280.09204314546139 280.00021986633061 5.4708909997716546
875 280.09198747178522 280.00021986694446 5.4771119998767972
876 280.09193217304937 280.00021986755559 5.4833029992878437
877 280.09187724592721 280.0002198681625 5.4896900001913309
878 280.0918226871305 280.00021986876584 5.495817999355495
879 280.09176849339519 280.00021986936247 5.5022439993917942
880 280.09171466148626 280.00021986995796 5.5085359998047352
881 280.0916611881957 280.00021987054919 5.5149670001119375
882 280.09160807035698 280.00021987113502 5.5213230000808835
883 280.09155530481229 280.00021987171777 5.5276379995048046
884 280.09150288845336 280.00021987229707 5.5337869999930263
885 280.0914508181778 280.00021987287204 5.5398929994553328
886 280.09139909093085 280.00021987344246 5.5460509993135929
887 280.09134770367245 280.00021987401078 5.5522679993882775
888 280.09129665339043 280.00021987457467 5.5585249997675419
889 280.09124593711118 280.00021987513406 5.5646350001916289
890 280.09119555187391 280.00021987569085 5.5708059994503856
891 280.09114549475112 280.00021987624376 5.576961999759078
892 280.09109576283703 280.00021987679355 5.5830999994650483
893 280.09104635325741 280.00021987733788 5.5891760000959039
894 280.09099726316617 280.0002198778804 5.595430999994278
895 280.09094848973234 280.00021987841819 5.6016459995880723
896 280.09090003015649 280.00021987895462 5.607964999973774
897 280.09085188166819 280.00021987948634 5.6141639994457364
898 280.09080404151706 280.00021988001407 5.6202889997512102
899 280.09075650697059 280.0002198805393 5.6265259999781847
900 280.09070927533378 280.00021988106022 5.6327219996601343
901 280.09066234393248 280.00021988157965 5.6388320000842214
902 280.09061571010778 280.00021988209403 5.645053000189364
903 280.09056937123609 280.00021988260602 5.6512709995731711
904 280.09052332470878 280.00021988311386 5.657468999736011
905 280.09047756794598 280.0002198836201 5.6637039994820952
906 280.09043209839029 280.00021988412249 5.6699059996753931
907 280.09038691349969 280.00021988462123 5.676184999756515
908 280.09034201076867 280.00021988511691 5.6824439996853471
909 280.09029738770141 280.00021988561031 5.6885639997199178
910 280.09025304183189 280.00021988609865 5.6947599994018674
911 280.09020897071338 280.00021988658546 5.7009589998051524
912 280.09016517192146 280.00021988707027 5.7070689992979169
913 280.09012164305597 280.00021988755134 5.7131650000810623
914 280.09007838173125 280.00021988802803 5.7194759994745255
915 280.09003538559335 280.00021988850381 5.7256849994882941
916 280.08999265229704 280.00021988897481 5.7319249995052814
917 280.08995017953106 280.00021988944491 5.7381999995559454
918 280.08990796499654 280.00021988991136 5.744412999600172
919 280.08986600641401 280.00021989037384 5.75067999958992
920 280.08982430153355 280.0002198908349 5.7570380000397563
921 280.08978284811235 280.00021989129277 5.7632749993354082
922 280.08974164394402 280.00021989174746 5.76948899962008
923 280.0897006868222 280.00021989219977 5.7757580000907183
924 280.08965997457983 280.00021989265002 5.7821749998256564
925 280.08961950505875 280.00021989309641 5.7882920000702143
926 280.08957927611726 280.00021989354121 5.7944329995661974
927 280.08953928564279 280.00021989398238 5.800848999992013
928 280.08949953153439 280.00021989442121 5.8070430001243949
929 280.08946001170887 280.00021989485901 5.8132569994777441
930 280.08942072410804 280.0002198952912 5.8196729999035597
931 280.08938166668895 280.00021989572292 5.8260309994220734
932 280.08934283742025 280.00021989615192 5.8322959998622537
933 280.08930423430451 280.00021989657739 5.8383829994127154
934 280.08926585535193 280.00021989700133 5.8446789998561144
935 280.08922769858117 280.00021989742424 5.8508419999852777
936 280.08918976205143 280.00021989784273 5.8570019993931055
937 280.08915204382129 280.00021989825905 5.8633119994774461
938 280.08911454197226 280.00021989867304 5.8696579998359084
939 280.08907725460409 280.00021989908498 5.8758839992806315
940 280.08904017983343 280.00021989949471 5.8820070000365376
941 280.08900331579315 280.00021989990131 5.8881979994475842
942 280.08896666062947 280.00021990030706 5.8944309996441007
943 280.08893021251237 280.0002199007086 5.9006340000778437
944 280.08889396961825 280.00021990110901 5.9068559994921088
945 280.08885793015764 280.00021990150697 5.9130669999867678
946 280.0888220923303 280.00021990190362 5.9192449999973178
947 280.08878645437977 280.00021990229698 5.9254719996824861
948 280.08875101454635 280.00021990268857 5.9317210000008345
949 280.08871577109488 280.00021990307749 5.9381099995225668
950 280.08868072230229 280.00021990346409 5.9444220000877976
951 280.08864586645683 280.00021990385034 5.9506049994379282
952 280.08861120187925 280.0002199042317 5.9566970001906157
953 280.08857672688669 280.00021990461249 5.9628039998933673
954 280.08854243981568 280.00021990499164 5.9691139999777079
955 280.08850833902102 280.00021990536834 5.9753390001133084
956 280.08847442287492 280.00021990574305 5.9815509999170899
957 280.08844068975526 280.0002199061143 5.9877579994499683
958 280.08840713806512 280.00021990648469 5.9941320000216365
959 280.08837376621062 280.000219906854 6.0003140000626445
960 280.08834057262595 280.00021990722121 6.006411999464035
961 280.08830755574144 280.00021990758495 6.0125839998945594
962 280.08827471401963 280.00021990794761 6.018804999999702
963 280.08824204592491 280.0002199083093 6.0249489992856979
964 280.08820954994388 280.00021990866713 6.0311819994822145
965 280.08817722456121 280.0002199090253 6.0374499997124076
966 280.08814506829725 280.00021990938097 6.0436249999329448
967 280.08811307966857 280.00021990973329 6.0497819995507598
968 280.08808125720776 280.00021991008475 6.0559679996222258
969 280.08804959947008 280.00021991043462 6.0622069993987679
970 280.08801810501626 280.00021991078239 6.0684009995311499
971 280.08798677241646 280.00021991112902 6.0746599994599819
972 280.08795560025959 280.00021991147258 6.0809639999642968
973 280.08792458714822 280.00021991181421 6.0871119992807508
974 280.08789373169219 280.00021991215584 6.0933280000463128
975 280.08786303251856 280.00021991249565 6.0996089996770024
976 280.08783248826188 280.00021991283188 6.1058849999681115
977 280.08780209757219 280.00021991316851 6.1120929997414351
978 280.08777185911345 280.00021991350167 6.1183289997279644
979 280.08774177155726 280.00021991383323 6.1245929999276996
980 280.08771183359011 280.00021991416401 6.1309819994494319
981 280.08768204390606 280.00021991449302 6.1372339995577931
982 280.08765240121522 280.00021991482112 6.1434829998761415
983 280.0876229042405 280.00021991514666 6.1497160000726581
984 280.08759355171082 280.0002199154705 6.1558069996535778
985 280.08756434236977 280.00021991579376 6.1620220001786947
986 280.08753527497686 280.0002199161147 6.1682460000738502
987 280.08750634829255 280.00021991643433 6.1745099993422627
988 280.08747756109187 280.00021991675152 6.180689999833703
989 280.08744891216378 280.00021991706888 6.1868519997224212
990 280.08742040031257 280.00021991738458 6.1932479999959469
991 280.08739202433804 280.00021991769705 6.1995899993926287
992 280.08736378306526 280.00021991800935 6.2057419996708632
993 280.08733567532965 280.00021991831994 6.2117609996348619
994 280.08730769996373 280.00021991862724 6.2180789997801185
995 280.08727985582283 280.00021991893658 6.2243470000103116
996 280.08725214176775 280.00021991924211 6.2306079994887114
997 280.0872245566685 280.00021991954685 6.2368029998615384
998 280.08719709940999 280.00021991985005 6.2430569995194674
999 280.08716976888326 280.00021992015235 6.2492249999195337
1000 280.08714256398974 280.00021992045254 6.2554599996656179
