iterat. internal-T external-T elapsed-time
0 300 280 0.0083400001749396324
1 299.20000000000209 280.0000088353126 0.016819000244140625
2 298.52813741741465 280.00001625546122 0.024544999934732914
3 297.94710600454084 280.00002267245731 0.032660000026226044
4 297.43349718286822 280.00002834482513 0.040016000159084797
5 296.97180041472768 280.00003344386823 0.048278000205755234
6 296.55130638030369 280.00003808786659 0.056202000007033348
7 296.16435677203702 280.00004236139102 0.064432000741362572
8 295.80530500684262 280.00004632681731 0.072677000425755978
9 295.46987441645433 280.0000500313563 0.080595999956130981
10 295.1547486461829 280.00005351165049 0.087617000564932823
11 294.85730236363042 280.00005679669192 0.096072000451385975
12 294.57541936238073 280.00005990984579 0.10314600076526403
13 294.30736659798487 280.00006287025911 0.11053800024092197
14 294.05170493986736 280.00006569382595 0.11765199992805719
15 293.80722459684307 280.00006839390039 0.12603200040757656
16 293.57289749130427 280.00007098184318 0.13309899996966124
17 293.34784151461292 280.00007346739289 0.14104600064456463
18 293.13129326991884 280.00007585898368 0.14812400005757809
19 292.9225869841606 280.00007816396396 0.15635399986058474
20 292.7211379769592 280.00008038879736 0.1645690007135272
21 292.52642954511833 280.0000825391831 0.17279000021517277
22 292.3380024426238 280.00008462020003 0.18107700068503618
23 292.15544635734545 280.00008663637652 0.18950300011783838
24 291.97839294191783 280.00008859177956 0.19788399990648031
25 291.80651006684877 280.0000904900777 0.2060900004580617
26 291.63949704460407 280.00009233459218 0.21430299989879131
27 291.47708063188134 280.00009412834362 0.22252700012177229
28 291.3190116608244 280.00009587408101 0.23071000073105097
29 291.16506218270166 280.00009757431968 0.23898500017821789
30 291.01502303191609 280.00009923137304 0.24733800068497658
31 290.8687017374545 280.00010084736647 0.25566400028765202
32 290.72592072306082 280.00010242425935 0.2637300007045269
33 290.58651574885505 280.00010396386779 0.27151199989020824
34 290.45033455613049 280.00010546787314 0.27999200019985437
35 290.31723568386531 280.00010693783628 0.28840200044214725
36 290.1870874310722 280.00010837521148 0.29652999993413687
37 290.05976694369298 280.0001097813593 0.30461400002241135
38 289.93515940824142 280.00011115754018 0.31363700050860643
39 289.81315733741064 280.0001125049493 0.32164600025862455
40 289.69365993502521 280.0001138246962 0.32987200003117323
41 289.57657253000707 280.00011511782702 0.33868699986487627
42 289.46180607025047 280.00011638532442 0.34623200073838234
43 289.34927666900603 280.00011762811408 0.35385100077837706
44 289.2389051971781 280.00011884707283 0.36235900036990643
45 289.1306169159223 280.00012004302516 0.3707480002194643
46 289.0243411450254 280.00012121674956 0.37933600042015314
47 288.92001096260805 280.00012236898647 0.38711300026625395
48 288.81756293285207 280.00012350043886 0.39434600062668324
49 288.71693685846623 280.00012461176732 0.40172300022095442
50 288.61807555530538 280.00012570360519 0.41043299995362759
51 288.52092464675098 280.00012677655315 0.41737399995326996
52 288.42543237567912 280.00012783118183 0.42571600060909986
53 288.33154943240527 280.00012886803938 0.43278599996119738
54 288.23922879678878 280.00012988764274 0.4404490003362298
55 288.14842559324131 280.0001308904861 0.44744300004094839
56 288.05909695726547 280.00013187704309 0.45440400019288063
57 287.97120191254055 280.0001328477689 0.46254800073802471
58 287.88470125742799 280.00013380309616 0.4708020007237792
59 287.79955746018925 280.00013474343763 0.47895199991762638
60 287.71573456191635 280.00013566918801 0.4870740007609129
61 287.63319808667546 280.00013658073436 0.49513900000602007
62 287.55191495810624 280.00013747843718 0.50251700077205896
63 287.47185342198662 280.00013836264975 0.5097210006788373
64 287.39298297421118 280.00013923370574 0.51783100049942732
65 287.31527429371067 280.0001400919312 0.52596000023186207
66 287.2386991799836 280.00014093763764 0.53311400022357702
67 287.16323049476819 280.00014177112485 0.54109800048172474
68 287.08884210758038 280.00014259268102 0.54974700044840574
69 287.01550884479173 280.00014340258235 0.5577340004965663
70 286.94320644197671 280.00014420110057 0.56608900055289268
71 286.871911499232 280.00014498849282 0.57434500008821487
72 286.80160143935086 280.00014576500695 0.58255000039935112
73 286.73225446850091 280.00014653088425 0.59036100003868341
74 286.66384953932288 280.00014728635875 0.5988330002874136
75 286.59636631619372 280.00014803165209 0.60693400073796511
76 286.52978514261667 280.00014876698452 0.61481400020420551
77 286.46408701040883 280.00014949256274 0.62241300009191036
78 286.39925353073482 280.00015020859536 0.62944999989122152
79 286.33526690674404 280.000150915272 0.63739300053566694
80 286.27210990775018 280.00015161278895 0.64492700062692165
81 286.20976584485095 280.00015230132425 0.65341900009661913
82 286.14821854782889 280.00015298106149 0.66128400061279535
83 286.08745234336743 280.00015365217314 0.66912200022488832
84 286.02745203433903 280.00015431482416 0.67677800077944994
85 285.96820288027584 280.00015496917962 0.68400999996811152
86 285.90969057878567 280.00015561539647 0.6917890002951026
87 285.85190124793621 280.00015625363073 0.69906800054013729
88 285.79482140952604 280.00015688402806 0.7071480005979538
89 285.73843797323048 280.00015750673532 0.71421300061047077
90 285.68273822148586 280.00015812189116 0.720703000202775
91 285.62770979513431 280.00015872963326 0.72933000046759844
92 285.57334067974904 280.00015933009502 0.73687100037932396
93 285.51961919263346 280.00015992340292 0.74471700005233288
94 285.46653397043514 280.0001605096827 0.75241700001060963
95 285.4140739572876 280.00016108905919 0.76035100035369396
96 285.36222839356986 280.00016166164778 0.76743300072848797
97 285.31098680516379 280.00016222756796 0.7760390006005764
98 285.26033899313734 280.00016278693107 0.78341200016438961
99 285.21027502398249 280.00016333984428 0.79028900060802698
100 285.16078522018518 280.0001638864162 0.79762400034815073
101 285.11186015134024 280.0001644267511 0.80520999990403652
102 285.06349062549566 280.000164960951 0.81228400021791458
103 285.01566768099207 280.00016548911498 0.82097900006920099
104 284.96838257859594 280.00016601133785 0.82869100011885166
105 284.9216267939637 280.00016652771632 0.8364249998703599
106 284.87539201046241 280.00016703834194 0.8437480004504323
107 284.82967011219802 280.00016754329914 0.85051300004124641
108 284.78445317746338 280.00016804268165 0.85800000000745058
109 284.73973347230162 280.00016853657218 0.86556399986147881
110 284.69550344446333 280.00016902505365 0.8725399998947978
111 284.65175571750405 280.00016950821009 0.88084800075739622
112 284.60848308519871 280.00016998612017 0.88817299995571375
113 284.56567850608531 280.00017045885994 0.89494800008833408
114 284.52333509830015 280.0001709265054 0.90316500049084425
115 284.48144613460227 280.00017138913358 0.9106240002438426
116 284.44000503751136 280.00017184681354 0.9177840007469058
117 284.39900537473994 280.00017229962219 0.92623700015246868
118 284.35844085472428 280.00017274762081 0.93325400073081255
119 284.31830532235443 280.00017319088397 0.94098900072276592
120 284.27859275483098 280.00017362947563 0.94860500004142523
121 284.23929725772638 280.00017406346228 0.95564200077205896
122 284.20041306115957 280.00017449290414 0.96310200076550245
123 284.16193451606949 280.00017491786571 0.97046300023794174
124 284.12385609073095 280.00017533840878 0.97855100035667419
125 284.08617236728372 280.00017575459293 0.98638300038874149
126 284.04887803844076 280.00017616647727 0.99406300019472837
127 284.01196790434165 280.00017657411854 1.0024450002238154
128 283.9754368694197 280.00017697757289 1.0097050005570054
129 283.93927993947545 280.0001773768933 1.0177150005474687
130 283.90349221883059 280.00017777213941 1.0252900002524257
131 283.86806890752445 280.00017816335895 1.0336270006373525
132 283.83300529869575 280.00017855060651 1.04044200014323
133 283.79829677596547 280.00017893393357 1.048051000572741
134 283.76393881096561 280.00017931338544 1.0561510007828474
135 283.72992696095287 280.00017968901949 1.0634430004283786
136 283.696256866461 280.00018006087708 1.072053000330925
137 283.66292424908193 280.00018042900695 1.08043900039047
138 283.62992490925706 280.00018079345477 1.0888880006968975
139 283.59725472423128 280.00018115427065 1.0974870007485151
140 283.56490964597123 280.00018151149351 1.1066890005022287
141 283.53288569925144 280.00018186517019 1.1155700003728271
142 283.5011789797187 280.00018221534503 1.1234980002045631
143 283.46978565207871 280.00018256205635 1.1321440003812313
144 283.43870194830981 280.00018290534854 1.1403930000960827
145 283.40792416594894 280.00018324526417 1.1487199999392033
146 283.37744866640537 280.00018358183928 1.1569640003144741
147 283.34727187338359 280.00018391511389 1.1652030004188418
148 283.31739027129862 280.00018424513229 1.1734810005873442
149 283.28780040376472 280.0001845719276 1.1817169999703765
150 283.25849887214724 280.00018489553821 1.189962999895215
151 283.22948233411898 280.00018521600089 1.1982390005141497
152 283.20074750231265 280.00018553335235 1.206492000259459
153 283.17229114298101 280.00018584762887 1.2147980006411672
154 283.14411007469766 280.00018615886455 1.2230710005387664
155 283.11620116709622 280.00018646709583 1.2313500000163913
156 283.08856133969232 280.00018677235369 1.2396150007843971
157 283.06118756069145 280.00018707467228 1.2478930000215769
158 283.03407684581617 280.00018737408772 1.2561600003391504
159 283.00722625727127 280.00018767063017 1.2643830003216863
160 282.98063290259176 280.0001879643296 1.2723750006407499
161 282.95429393367039 280.00018825522119 1.2806800007820129
162 282.92820654569556 280.00018854333371 1.2890130002051592
163 282.90236797620133 280.00018882869938 1.2973440000787377
164 282.87677550411377 280.00018911134646 1.3056000005453825
165 282.85142644882791 280.00018939130518 1.3138310005888343
166 282.82631816929774 280.00018966860387 1.3219020003452897
167 282.80144806317696 280.00018994327303 1.3301050001755357
168 282.77681356598691 280.00019021534007 1.3382930001243949
169 282.75241215027836 280.0001904848321 1.3465189998969436
170 282.7282413248347 280.00019075177914 1.3547260006889701
171 282.70429863391712 280.00019101620427 1.3629680005833507
172 282.68058165648438 280.00019127813795 1.3712320001795888
173 282.65708800550084 280.00019153760621 1.3794900001958013
174 282.63381532718637 280.00019179463266 1.3877450004220009
175 282.61076130034411 280.00019204924376 1.3960640002042055
176 282.58792363570717 280.00019230146722 1.4044400006532669
177 282.56530007525754 280.00019255132452 1.4123300006613135
178 282.54288839160466 280.00019279884259 1.4208160005509853
179 282.52068638738331 280.00019304404384 1.429330000653863
180 282.4986918946247 280.00019328695407 1.4378080004826188
181 282.4769027741998 280.00019352759705 1.445550000295043
182 282.45531691523377 280.0001937659955 1.4528590003028512
183 282.43393223458247 280.00019400217002 1.4610560005530715
184 282.41274667625362 280.00019423614623 1.4692470002919436
185 282.39175821091789 280.00019446794596 1.4774270001798868
186 282.37096483537982 280.00019469759053 1.4855909999459982
187 282.35036457210646 280.00019492510324 1.49382199998945
188 282.32995546872149 280.00019515050536 1.5007960004732013
189 282.30973559754733 280.0001953738165 1.5089850006625056
190 282.28970305515401 280.00019559505898 1.5171570004895329
191 282.26985596189508 280.00019581425289 1.525076000019908
192 282.25019246149191 280.00019603142078 1.5333150001242757
193 282.23071072060264 280.00019624657847 1.5415710005909204
194 282.21140892842385 280.00019645974919 1.5497660003602505
195 282.19228529624985 280.00019667095404 1.5574950007721782
196 282.17333805714401 280.00019688021115 1.5651770001277328
197 282.15456546550837 280.00019708753678 1.5723649999126792
198 282.13596579672384 280.00019729295394 1.5790800005197525
199 282.11753734680121 280.00019749648118 1.5868470007553697
200 282.09927843201467 280.00019769813537 1.5944240000098944
201 282.08118738855705 280.00019789793447 1.6012970004230738
202 282.06326257220661 280.00019809590009 1.609659000299871
203 282.04550235802805 280.00019829204729 1.6171170007437468
204 282.02790513997297 280.00019848639255 1.6254130005836487
205 282.01046933066152 280.00019867895583 1.6335920002311468
206 281.99319336102764 280.00019886975321 1.6417749999091029
207 281.97607568001376 280.00019905880526 1.6485540000721812
208 281.95911475431376 280.00019924612269 1.6559650003910065
209 281.94230906805785 280.0001994317285 1.6641549998894334
210 281.92565712254111 280.00019961563368 1.6723239999264479
211 281.9091574359951 280.00019979785822 1.6805119998753071
212 281.89280854325648 280.0001999784177 1.6886910004541278
213 281.87660899555755 280.00020015732809 1.696951000019908
214 281.86055736023775 280.00020033460379 1.704975999891758
215 281.84465222054706 280.00020051026127 1.7131430003792048
216 281.82889217535552 280.00020068431849 1.7211779998615384
217 281.81327583892653 280.00020085678676 1.7290470004081726
218 281.79780184071774 280.00020102768485 1.7372390003874898
219 281.78246882512525 280.00020119702452 1.7454110002145171
220 281.76727545127028 280.0002013648234 1.7529660006985068
221 281.75222039279328 280.0002015310933 1.7605050001293421
222 281.73730233761194 280.00020169585133 1.7675109999254346
223 281.72251998777301 280.00020185910921 1.7746900003403425
224 281.70787205918424 280.00020202088342 1.7825850006192923
225 281.69335728145774 280.00020218118738 1.7907610004767776
226 281.67897439770934 280.00020234003352 1.7990080006420612
227 281.66472216435773 280.00020249743636 1.8071800004690886
228 281.65059935095849 280.00020265341334 1.8153710002079606
229 281.63660473999181 280.00020280796986 1.823560000397265
230 281.62273712672504 280.00020296112723 1.8317360002547503
231 281.60899531900486 280.00020311289433 1.8386840000748634
232 281.59537813707476 280.00020326328394 1.8469000002369285
233 281.5818844134825 280.00020341230999 1.8551020007580519
234 281.56851299281362 280.00020355998743 1.8632430005818605
235 281.55526273160297 280.0002037063245 1.8714780006557703
236 281.54213249815336 280.00020385133598 1.8798160003498197
237 281.5291211723839 280.00020399503455 1.8877060003578663
238 281.51622764566423 280.00020413743385 1.8954590000212193
239 281.50345082069242 280.00020427854258 1.903184000402689
240 281.49078961131721 280.00020441837472 1.9108970006927848
241 281.47824294243043 280.00020455694431 1.9180669998750091
242 281.4658097497902 280.00020469425715 1.9248500000685453
243 281.45348897991761 280.00020483033023 1.9330270001664758
244 281.44127958993442 280.00020496517203 1.9409150006249547
245 281.4291805474316 280.0002050987959 1.9491850007325411
246 281.41719083036412 280.00020523121162 1.9573770007118583
247 281.40530942690214 280.00020536243102 1.9655560003593564
248 281.39353533529754 280.00020549246568 1.9737390000373125
249 281.38186756378133 280.00020562132676 1.9819260006770492
250 281.37030513043857 280.00020574902408 1.990110999904573
251 281.35884706306013 280.0002058755677 1.9983670003712177
252 281.34749239906927 280.00020600097071 2.0062560001388192
253 281.33624018538632 280.00020612524173 2.0144450003281236
254 281.32508947830809 280.00020624839203 2.0219060005620122
255 281.31403934339937 280.00020637042923 2.0301470002159476
256 281.30308885538835 280.00020649136729 2.0382360005751252
257 281.29223709807354 280.00020661121471 2.0465259999036789
258 281.28148316417872 280.00020672998318 2.0545260002836585
259 281.27082615529355 280.00020684768043 2.0627279998734593
260 281.26026518173819 280.00020696431898 2.0710060000419617
261 281.2497993624865 280.00020707990427 2.0792100001126528
262 281.23942782504412 280.00020719444922 2.0866310000419617
263 281.22914970536164 280.00020730796234 2.0943229999393225
264 281.21896414774875 280.00020742045416 2.1016450002789497
265 281.20887030476945 280.00020753193076 2.1098670000210404
266 281.19886733714975 280.00020764240548 2.1165570002049208
267 281.18895441367687 280.00020775188517 2.1231280006468296
268 281.17913071112906 280.00020786037902 2.1313060000538826
269 281.16939541418031 280.00020796789852 2.1395000005140901
270 281.15974771529721 280.00020807444827 2.1476230006664991
271 281.1501868146799 280.00020818003946 2.1557960007339716
272 281.14071192015081 280.00020828468138 2.1640349999070168
273 281.13132224709403 280.00020838838185 2.1722100004553795
274 281.1220170183521 280.00020849115083 2.1803740002214909
275 281.1127954641621 280.00020859299468 2.1885450007393956
276 281.10365682206719 280.00020869392296 2.1968149999156594
277 281.09460033684536 280.00020879394617 2.2049710005521774
278 281.08562526041322 280.00020889306506 2.2130850004032254
279 281.07673085177623 280.00020899129669 2.2210770007222891
280 281.06791637693408 280.00020908864531 2.2281920006498694
281 281.05918110880754 280.00020918511842 2.2358039999380708
282 281.05052432718412 280.00020928072689 2.2440640004351735
283 281.04194531862208 280.00020937547356 2.2512509999796748
284 281.03344337638049 280.00020946937082 2.2581460000947118
285 281.0250178003792 280.00020956242525 2.2659690007567406
286 281.01666789707969 280.00020965464137 2.2741189999505877
287 281.0083929794751 280.00020974603103 2.2822910007089376
288 281.00019236697079 280.00020983660067 2.290463000535965
289 280.99206538534645 280.00020992635615 2.2973350007086992
290 280.98401136668087 280.00021001530507 2.305532000027597
291 280.97602964929865 280.00021010345677 2.3137490004301071
292 280.96811957768233 280.00021019081737 2.3217710005119443
293 280.96028050244416 280.00021027739456 2.3299500001594424
294 280.95251178021789 280.00021036319248 2.338111000135541
295 280.94481277364338 280.00021044822091 2.3462930005043745
296 280.93718285128284 280.00021053248679 2.354284000582993
297 280.92962138756366 280.00021061599659 2.3626270005479455
298 280.92212776271373 280.0002106987555 2.3709610002115369
299 280.91470136270948 280.00021078077469 2.3793029999360442
300 280.90734157922975 280.00021086205743 2.387648000381887
301 280.9000478095644 280.0002109426112 2.3959889998659492
302 280.89281945660753 280.00021102244204 2.4035750003531575
303 280.88565592874744 280.00021110155461 2.4114359999075532
304 280.87855663985846 280.00021117996198 2.4190480001270771
305 280.87152100922214 280.00021125766403 2.4261450003832579
306 280.86454846147166 280.00021133466947 2.4330770000815392
307 280.8576384265499 280.00021141098682 2.4409300005063415
308 280.85079033966792 280.00021148661801 2.4491710001602769
309 280.8440036412112 280.00021156156947 2.4573730006814003
310 280.83727777672595 280.0002116358516 2.4656040007248521
311 280.83061219687988 280.00021170946661 2.4738079998642206
312 280.82400635735524 280.00021178242332 2.4819830004125834
313 280.81745971887136 280.00021185472383 2.4901880007237196
314 280.81097174706861 280.00021192637854 2.4984349999576807
315 280.80454191251005 280.00021199739109 2.5052700005471706
316 280.79816969060113 280.00021206776734 2.5134399998933077
317 280.79185456158018 280.00021213751302 2.5216140002012253
318 280.78559601042707 280.00021220663228 2.5282960003241897
319 280.77939352684746 280.00021227513463 2.536013999953866
320 280.77324660520543 280.00021234302272 2.5433990005403757
321 280.76715474451794 280.0002124103014 2.5502000004053116
322 280.76111744836265 280.00021247697907 2.5571680003777146
323 280.75513422486341 280.00021254305761 2.5648090001195669
324 280.74920458662535 280.00021260854555 2.5730090001598001
325 280.74332805073686 280.00021267344567 2.5811890000477433
326 280.73750413865622 280.00021273776667 2.589372000657022
327 280.73173237623587 280.00021280150986 2.5976020004600286
328 280.72601229364125 280.00021286468308 2.6058080000802875
329 280.72034342532675 280.0002129272894 2.6139879999682307
330 280.7147253099879 280.00021298933837 2.6219200007617474
331 280.70915749053398 280.00021305083044 2.6300880005583167
332 280.70363951401333 280.00021311177107 2.6382560003548861
333 280.69817093162658 280.00021317216772 2.6460580006241798
334 280.69275129863439 280.00021323202282 2.6529149999842048
335 280.68738017436397 280.00021329134131 2.6611900003626943
336 280.68205712213916 280.00021335013059 2.6694410005584359
337 280.67678170926564 280.00021340839413 2.6776900002732873
338 280.67155350696089 280.00021346613335 2.6849890006706119
339 280.66637209034906 280.00021352335739 2.6931320000439882
340 280.66123703843226 280.00021358006978 2.7013760004192591
341 280.6561479340121 280.00021363627479 2.7087910007685423
342 280.65110436368508 280.00021369197765 2.7164770001545548
343 280.6461059177982 280.00021374718199 2.7244359999895096
344 280.64115219042355 280.00021380189065 2.7326230006292462
345 280.63624277930836 280.00021385611223 2.7407889999449253
346 280.63137728584388 280.00021390984602 2.7490330003201962
347 280.62655531504248 280.00021396310234 2.7571990005671978
348 280.62177647550305 280.00021401587986 2.7653780002146959
349 280.61704037934999 280.00021406818473 2.7735569998621941
350 280.61234664223292 280.00021412002332 2.7817440005019307
351 280.60769488329913 280.00021417139789 2.7899310002103448
352 280.60308472511781 280.00021422231288 2.7981630004942417
353 280.59851579368922 280.00021427277363 2.8063420001417398
354 280.59398771839813 280.00021432278095 2.8145240005105734
355 280.58950013197563 280.00021437234312 2.8226930005475879
356 280.58505267049361 280.00021442146118 2.8301250003278255
357 280.58064497329758 280.00021447014205 2.8383100004866719
358 280.57627668298773 280.00021451838563 2.8465090002864599
359 280.57194744542568 280.00021456619822 2.8545960001647472
360 280.56765690965983 280.00021461358273 2.8627760000526905
361 280.56340472788992 280.00021466054596 2.8708089999854565
362 280.55919055550044 280.00021470708685 2.878965999931097
363 280.55501405095021 280.00021475321336 2.8871420007199049
364 280.5508748758001 280.00021479892575 2.895392999984324
365 280.54677269466873 280.00021484423064 2.903180000372231
366 280.54270717521064 280.00021488913086 2.9109390005469322
367 280.53867798806976 280.00021493363028 2.9181580003350973
368 280.53468480685945 280.00021497773025 2.9247890003025532
369 280.53072730814762 280.00021502143869 2.9317810004577041
370 280.52680517142488 280.00021506475395 2.9391920007765293
371 280.52291807906255 280.0002151076846 2.9471789998933673
372 280.5190657163061 280.00021515022905 2.9547500004991889
373 280.5152477712428 280.00021519239527 2.9627520004287362
374 280.5114639347596 280.00021523418394 2.9693269999697804
375 280.5077139005474 280.00021527560233 2.9765320001170039
376 280.50399736504045 280.0002153166472 2.9845980005338788
377 280.50031402743497 280.00021535732668 2.9927449999377131
378 280.49666358962372 280.00021539764361 3.0001380005851388
379 280.4930457561818 280.00021543759942 3.0072230007499456
380 280.48946023435809 280.0002154771978 3.0153570007532835
381 280.48590673403311 280.00021551644306 3.0232040006667376
382 280.48238496769881 280.00021555533766 3.0315530002117157
383 280.47889465045432 280.00021559388551 3.0398830007761717
384 280.47543549995169 280.00021563208907 3.0474570002406836
385 280.47200723637394 280.00021566995116 3.0556990001350641
386 280.46860958245497 280.0002157074756 3.0639220001176
387 280.4652422633979 280.00021574466399 3.0720979999750853
388 280.46190500690386 280.00021578152121 3.0802980000153184
389 280.45859754310055 280.00021581804941 3.088468000292778
390 280.45531960456776 280.00021585425208 3.096246000379324
391 280.45207092628016 280.00021589013085 3.1045050006359816
392 280.4488512456075 280.00021592568953 3.1123029999434948
393 280.44566030227497 280.00021596093023 3.1205870006233454
394 280.4424978383463 280.00021599585705 3.1283640004694462
395 280.43936359821134 280.00021603047048 3.136328000575304
396 280.43625732858476 280.00021606477895 3.1444100001826882
397 280.43317877841577 280.00021609877916 3.1525840004906058
398 280.43012769894278 280.00021613247742 3.1608700007200241
399 280.42710384362869 280.00021616587259 3.1692170007154346
400 280.42410696816967 280.00021619896853 3.1774650001898408
401 280.42113683043721 280.00021623177173 3.1857219999656081
402 280.41819319050069 280.00021626428276 3.1939670005813241
403 280.41527581057909 280.0002162965024 3.2010890003293753
404 280.41238445502597 280.0002163284347 3.2093060007318854
405 280.40951889032038 280.0002163600825 3.217523000203073
406 280.40667888503754 280.00021639144825 3.2256840001791716
407 280.40386420983447 280.00021642253432 3.2338910000398755
408 280.40107463744221 280.00021645334243 3.2420920003205538
409 280.39830994260421 280.00021648387633 3.2503300001844764
410 280.39556990213038 280.00021651413419 3.2585090007632971
411 280.39285429480014 280.0002165441278 3.2667040005326271
412 280.39016290139728 280.00021657385247 3.2749140001833439
413 280.38749550468771 280.00021660331117 3.2830930007621646
414 280.38485188936886 280.0002166325084 3.2912770006805658
415 280.38223184207612 280.00021666144369 3.299456000328064
416 280.3796351513792 280.00021669012216 3.3077340004965663
417 280.37706160773422 280.00021671854631 3.3159540006890893
418 280.37451100348062 280.00021674671507 3.3241360001266003
419 280.3719831328296 280.00021677463354 3.3322970001026988
420 280.36947779183549 280.00021680230174 3.3403510004281998
421 280.36699477838607 280.00021682972493 3.3484060000628233
422 280.36453389219758 280.00021685690302 3.3562050005421042
423 280.36209493475815 280.00021688383873 3.3638019999489188
424 280.35967770936969 280.00021691053576 3.370715000666678
425 280.35728202107953 280.00021693699341 3.3779080007225275
426 280.3549076767053 280.00021696321625 3.3859689999371767
427 280.35255448477074 280.0002169892046 3.3940540002658963
428 280.35022225556168 280.00021701496217 3.4010990001261234
429 280.34791080102616 280.00021704049055 3.4094529999420047
430 280.34561993483021 280.00021706579173 3.4178320001810789
431 280.34334947228956 280.00021709086593 3.4261770006269217
432 280.34109923040199 280.00021711571748 3.4345220001414418
433 280.33886902779324 280.00021714034949 3.4428639998659492
434 280.33665868473491 280.00021716476022 3.4512440003454685
435 280.33446802308725 280.00021718895493 3.4596070004627109
436 280.33229686632495 280.00021721293285 3.4679500004276633
437 280.33014503951233 280.00021723669676 3.4763450007885695
438 280.32801236927412 280.00021726025119 3.4846880007535219
439 280.32589868380052 280.00021728359451 3.493027999997139
440 280.3238038128178 280.00021730673058 3.500730000436306
441 280.32172758759458 280.00021732966241 3.508249000646174
442 280.31966984088564 280.00021735238846 3.516457000747323
443 280.31763040697325 280.00021737491068 3.5246339999139309
444 280.31560912162541 280.00021739723286 3.5322170006111264
445 280.31360582207304 280.00021741935956 3.5403390005230904
446 280.31162034701015 280.00021744128736 3.5483370004221797
447 280.30965253659173 280.00021746302014 3.5554240001365542
448 280.30770223239887 280.0002174845589 3.5623080004006624
449 280.30576927742567 280.00021750590747 3.5697110006585717
450 280.30385351609107 280.00021752706505 3.5775750000029802
451 280.3019547941991 280.00021754803339 3.5857700007036328
452 280.30007295895268 280.00021756881847 3.5939460005611181
453 280.2982078589045 280.00021758941597 3.6010010000318289
454 280.29635934399192 280.0002176098335 3.6092119999229908
455 280.29452726546469 280.00021763006686 3.6173809999600053
456 280.29271147595961 280.00021765011934 3.6255370005965233
457 280.29091182937748 280.00021766999407 3.6337080001831055
458 280.2891281809753 280.00021768969435 3.6419069999828935
459 280.28736038728243 280.00021770921734 3.6489660004153848
460 280.28560830613071 280.00021772856684 3.6568390000611544
461 280.28387179662758 280.00021774774507 3.6646549999713898
462 280.28215071913428 280.00021776675368 3.6720170006155968
463 280.2804449352717 280.00021778559221 3.6789600001648068
464 280.27875430789874 280.00021780426363 3.6865600002929568
465 280.27707870111203 280.00021782276974 3.6945219999179244
466 280.27541798022872 280.00021784111078 3.7028959998860955
467 280.27377201175591 280.00021785928789 3.7112239999696612
468 280.27214066343566 280.0002178773056 3.7195350006222725
469 280.27052380415438 280.00021789516182 3.7277430007234216
470 280.26892130400239 280.00021791286213 3.7360800001770258
471 280.26733303422606 280.00021793040196 3.7444259999319911
472 280.26575886723248 280.0002179477878 3.7528650006279349
473 280.26419867655989 280.00021796501773 3.76125100068748
474 280.2626523369027 280.00021798209661 3.7695710007101297
475 280.26111972406932 280.00021799902339 3.7778170006349683
476 280.25960071497434 280.00021801580027 3.7858710000291467
477 280.25809518764839 280.00021803242572 3.79267100058496
478 280.25660302121446 280.00021804890645 3.8005550000816584
479 280.25512409587361 280.00021806523972 3.8080700002610683
480 280.25365829290524 280.00021808142969 3.8160669999197125
481 280.25220549465894 280.00021809747415 3.8240200001746416
482 280.2507655845335 280.0002181133749 3.8321590004488826
483 280.24933844698256 280.00021812913684 3.8403340000659227
484 280.24792396747443 280.00021814475855 3.8485050005838275
485 280.24652203253243 280.00021816024366 3.8567530000582337
486 280.24513252969211 280.0002181755882 3.864928999915719
487 280.24375534747338 280.00021819079893 3.8717109998688102
488 280.24239037543833 280.00021820587307 3.8798940004780889
489 280.24103750409438 280.00021822081499 3.8879820005968213
490 280.23969662496086 280.00021823562355 3.8961519999429584
491 280.23836763053174 280.00021825030109 3.9043420003727078
492 280.23705041425336 280.00021826484777 3.9110799999907613
493 280.23574487052201 280.00021827926838 3.9193130005151033
494 280.23445089470039 280.00021829355836 3.9274960001930594
495 280.23316838307539 280.00021830772357 3.9356829999014735
496 280.23189723286407 280.00021832176037 3.9438570002093911
497 280.2306373422258 280.00021833567604 3.9520940007641912
498 280.22938861020566 280.00021834946671 3.960278999991715
499 280.22815093677104 280.00021836313698 3.9684700006619096
500 280.2269242227834 280.00021837668379 3.9766500005498528
501 280.22570836998818 280.00021839011134 3.9848310006782413
502 280.22450328102155 280.00021840342055 3.9930650005117059
503 280.22330885938806 280.00021841661106 4.0012950003147125
504 280.22212500946216 280.00021842968715 4.0095100002363324
505 280.22095163646793 280.00021844264541 4.0169730000197887
506 280.21978864647804 280.00021845548986 4.0251410007476807
507 280.21863594642605 280.00021846822176 4.033317000605166
508 280.21749344405691 280.00021848084032 4.0415280004963279
509 280.21636104796113 280.00021849334394 4.0497260000556707
510 280.21523866754296 280.00021850574063 4.057048000395298
511 280.21412621301016 280.00021851802495 4.0648940000683069
512 280.21302359539368 280.00021853020485 4.072333000600338
513 280.21193072651033 280.00021854227435 4.079199000261724
514 280.21084751896603 280.00021855423671 4.0865690000355244
515 280.20977388616109 280.00021856609357 4.0945960003882647
516 280.20870974227296 280.00021857784668 4.102870000526309
517 280.20765500222785 280.00021858949486 4.1108510000631213
518 280.20660958173551 280.00021860104158 4.119123000651598
519 280.20557339726253 280.00021861248564 4.1273910002782941
520 280.20454636601869 280.00021862382852 4.1354660000652075
521 280.20352840594342 280.00021863506976 4.1427110005170107
522 280.20251943574573 280.00021864621266 4.1496950006112456
523 280.20151937482575 280.00021865725807 4.1578990006819367
524 280.20052814332684 280.00021866820498 4.1658740006387234
525 280.1995456621155 280.00021867905537 4.1739490004256368
526 280.19857185274918 280.00021868980986 4.1821150006726384
527 280.19760663750327 280.00021870046936 4.1902750004082918
528 280.19664993933714 280.00021871103678 4.1984810000285506
529 280.19570168192041 280.00021872151058 4.2067160001024604
530 280.19476178959161 280.00021873188871 4.2149090003222227
531 280.1938301873692 280.00021874217668 4.223093000240624
532 280.1929068009465 280.00021875237621 4.2312600007280707
533 280.19199155669128 280.00021876248525 4.2394630005583167
534 280.19108438162033 280.00021877250407 4.2476310003548861
535 280.19018520340956 280.00021878243535 4.2545190006494522
536 280.18929395038475 280.00021879227683 4.2620840007439256
537 280.18841055151194 280.00021880203303 4.2702210005372763
538 280.18753493640048 280.0002188117021 4.2781950002536178
539 280.18666703527896 280.00021882128897 4.2863450003787875
540 280.18580677900673 280.00021883078915 4.2944870004430413
541 280.18495409907848 280.00021884020595 4.302738000638783
542 280.18410892757385 280.00021884953981 4.3109220005571842
543 280.18327119721243 280.00021885879187 4.3191520003601909
544 280.18244084130072 280.00021886796242 4.3273769998922944
545 280.18161779373554 280.00021887705122 4.3355520004406571
546 280.18080198902851 280.00021888606182 4.3437149999663234
547 280.17999336225972 280.00021889499413 4.3519410006701946
548 280.17919184910227 280.00021890384602 4.3601190000772476
549 280.1783973858042 280.0002189126198 4.3683200003579259
550 280.17760990917634 280.00021892131696 4.3765010004863143
551 280.17682935661469 280.00021892993772 4.3846740005537868
552 280.17605566605408 280.00021893848378 4.3928340002894402
553 280.17528877599784 280.00021894695368 4.4010420003905892
554 280.17452862551551 280.00021895534718 4.4092450002208352
555 280.17377515419395 280.00021896366917 4.4174230005592108
556 280.17302830217955 280.00021897191687 4.4256000006571412
557 280.17228801015568 280.00021898009271 4.4337770007550716
558 280.17155421933211 280.00021898819733 4.4419530006125569
559 280.17082687144949 280.00021899622976 4.4501840006560087
560 280.17010590876714 280.00021900419341 4.4583540000021458
561 280.16939127406238 280.00021901208595 4.4665510002523661
562 280.1686829106319 280.00021901990829 4.4747379999607801
563 280.16798076227485 280.00021902766423 4.4829029999673367
564 280.16728477329599 280.00021903534878 4.4910770002752542
565 280.16659488851008 280.00021904296904 4.4993010004982352
566 280.16591105319998 280.00021905052211 4.5069850003346801
567 280.16523321316686 280.00021905800736 4.5149300005286932
568 280.16456131467919 280.00021906542798 4.5224580001085997
569 280.16389530451107 280.00021907278364 4.5296729998663068
570 280.16323512988401 280.00021908007471 4.5366290006786585
571 280.16258073850997 280.00021908730275 4.5443550003692508
572 280.16193207857674 280.00021909446633 4.5525839999318123
573 280.16128909871168 280.00021910156852 4.5607610000297427
574 280.16065174802793 280.00021910860636 4.5689440006390214
575 280.16001997608015 280.00021911558377 4.5771120004355907
576 280.15939373289092 280.00021912249866 4.585288000293076
577 280.15877296890693 280.00021912935608 4.5934790000319481
578 280.15815763504423 280.00021913615097 4.6017980007454753
579 280.15754768264196 280.00021914288664 4.6100070001557469
580 280.15694306348314 280.00021914956454 4.6181760001927614
581 280.15634372978951 280.00021915618521 4.6263450002297759
582 280.15574963419107 280.00021916274687 4.6345270005986094
583 280.15516072976419 280.0002191692497 4.6426950003951788
584 280.15457696998885 280.00021917569831 4.6510590007528663
585 280.15399830877726 280.00021918208773 4.6592820007354021
586 280.15342470044249 280.0002191884231 4.6674540005624294
587 280.15285609972614 280.00021919470305 4.6756230005994439
588 280.1522924617521 280.00021920092718 4.6837940001860261
589 280.1517337420579 280.00021920709867 4.6920330002903938
590 280.15117989657818 280.00021921321689 4.7002580007538199
591 280.15063088164305 280.0002192192797 4.7080070003867149
592 280.1500866539804 280.00021922529021 4.7160729998722672
593 280.14954717070503 280.00021923124876 4.7240580003708601
594 280.14901238929394 280.00021923715371 4.7322070002555847
595 280.14848226763974 280.00021924300859 4.7404240006580949
596 280.1479567639912 280.00021924881338 4.748585999943316
597 280.14743583697322 280.00021925456747 4.7555820001289248
598 280.14691944559314 280.00021926027028 4.7639629999175668
599 280.14640754921425 280.00021926592217 4.7723110001534224
600 280.14590010756962 280.00021927152818 4.7806580001488328
601 280.1453970807471 280.00021927708173 4.7884730007499456
602 280.14489842920676 280.0002192825894 4.7954110000282526
603 280.14440411374778 280.00021928804955 4.803673000074923
604 280.14391409553241 280.00021929346059 4.8118690000846982
605 280.14342833606014 280.00021929882564 4.8199050007387996
606 280.14294679717557 280.00021930414215 4.8280859999358654
607 280.14246944108294 280.00021930941693 4.8363230004906654
608 280.14199623031078 280.00021931464272 4.8445490002632141
609 280.14152712772528 280.00021931982445 4.8527690004557371
610 280.14106209653232 280.00021932495935 4.8600580003112555
611 280.14060110025224 280.00021933005075 4.8675530003383756
612 280.14014410275638 280.00021933509584 4.875539000146091
613 280.13969106821656 280.00021934010061 4.8830300001427531
614 280.13924196114129 280.0002193450598 4.8912340002134442
615 280.13879674634518 280.00021934997744 4.8990799998864532
616 280.13835538896842 280.00021935485131 4.9060010006651282
617 280.13791785447097 280.00021935968351 4.9142660005018115
618 280.13748410859597 280.00021936447484 4.9225270003080368
619 280.13705411741694 280.00021936922371 4.9307140000164509
620 280.13662784730548 280.00021937393154 4.9388960003852844
621 280.13620526493889 280.00021937859941 4.9470589999109507
622 280.13578633727747 280.00021938322578 4.9537120005115867
623 280.13537103160326 280.0002193878131 4.9618910001590848
624 280.13495931546424 280.00021939235808 4.9700549999251962
625 280.13455115671957 280.00021939686468 4.9782050000503659
626 280.13414652350798 280.00021940133411 4.9863350000232458
627 280.13374538425359 280.00021940576516 4.9941660007461905
628 280.13334770766971 280.00021941015638 5.0023370003327727
629 280.13295346274157 280.0002194145099 5.0096599999815226
630 280.13256261873369 280.00021941882784 5.0178460003808141
631 280.13217514520517 280.00021942310667 5.0260880002751946
632 280.13179101195749 280.00021942734975 5.0343180000782013
633 280.13141018908487 280.00021943155627 5.0425540003925562
634 280.13103264694439 280.00021943572466 5.050798000767827
635 280.13065835615117 280.00021943985871 5.0590340001508594
636 280.13028728759559 280.00021944395598 5.0672989999875426
637 280.12991941241478 280.00021944801966 5.0755230002105236
638 280.12955470202473 280.00021945204696 5.0837870007380843
639 280.12919312808128 280.00021945604061 5.0920230001211166
640 280.12883466250219 280.00021945999868 5.1002460001036525
641 280.12847927745912 280.00021946392326 5.1084730001166463
642 280.12812694536029 280.00021946781504 5.1167280003428459
643 280.12777763887283 280.00021947167164 5.1249609999358654
644 280.12743133090072 280.00021947549737 5.1332060005515814
645 280.12708799461109 280.00021947928826 5.1414410006254911
646 280.12674760337865 280.00021948304908 5.1483500003814697
647 280.12641013084851 280.00021948677488 5.1565270004794002
648 280.12607555088522 280.00021949047004 5.1647080006077886
649 280.12574383758391 280.0002194941336 5.1729060001671314
650 280.12541496528956 280.00021949776624 5.1810650005936623
651 280.125088908566 280.00021950136676 5.189265999943018
652 280.1247656422085 280.00021950493681 5.1974309999495745
653 280.12444514122029 280.00021950847679 5.2056100005283952
654 280.12412738086499 280.00021951198636 5.2137780003249645
655 280.12381233659119 280.00021951546626 5.2219410007819533
656 280.12349998409331 280.00021951891466 5.2301150001585484
657 280.12319029927238 280.00021952233618 5.2382860006764531
658 280.12288325824511 280.00021952572718 5.2464490002021194
659 280.12257883735009 280.00021952908787 5.2546319998800755
660 280.12227701313174 280.00021953242072 5.2627920005470514
661 280.12197776234575 280.00021953572809 5.27095300052315
662 280.12168106194781 280.00021953900216 5.2792940000072122
663 280.12138688913132 280.00021954225178 5.2874980000779033
664 280.1210952212457 280.00021954547361 5.2956910002976656
665 280.12080603588447 280.0002195486681 5.3038530005142093
666 280.1205193108209 280.0002195518353 5.3120450004935265
667 280.1202350240377 280.00021955497385 5.3202690007165074
668 280.11995315371064 280.00021955808654 5.3284590002149343
669 280.119673678212 280.00021956117473 5.3366570007055998
670 280.11939657611288 280.00021956423285 5.3448100006207824
671 280.1191218261614 280.00021956726999 5.3526950003579259
672 280.11884940731511 280.00021957027712 5.3610330000519753
673 280.11857929869717 280.0002195732589 5.3683560006320477
674 280.11831147965864 280.00021957621721 5.3764420002698898
675 280.11804592968355 280.00021957915015 5.3848090004175901
676 280.11778262847986 280.00021958205741 5.3932340005412698
677 280.11752155591438 280.00021958494119 5.4004430007189512
678 280.11726269205724 280.00021958780252 5.408653000369668
679 280.1170060171325 280.00021959063565 5.4168790001422167
680 280.11675151155089 280.00021959344679 5.4251370001584291
681 280.11649915591522 280.00021959623416 5.4333440000191331
682 280.11624893097235 280.000219598998 5.4415400000289083
683 280.11600081765692 280.00021960173683 5.4497540006414056
684 280.11575479708495 280.00021960445372 5.4563850006088614
685 280.11551085052491 280.00021960714724 5.4638670003041625
686 280.11526895942512 280.00021960981962 5.47210399992764
687 280.11502910538843 280.00021961246841 5.4802840007469058
688 280.11479127019686 280.00021961509566 5.4884860003367066
689 280.11455543577489 280.00021961770005 5.4968320000916719
690 280.11432158424077 280.00021962028421 5.5037200003862381
691 280.11408969784003 280.00021962284501 5.5105830002576113
692 280.1138597589989 280.0002196253829 5.5178360007703304
693 280.11363175028947 280.00021962790299 5.5260590007528663
694 280.11340565445192 280.00021963039887 5.5328200003132224
695 280.11318145436792 280.00021963287554 5.5410250006243587
696 280.11295913308214 280.00021963533061 5.549299000762403
697 280.11273867379316 280.0002196377651 5.5575900003314018
698 280.11252005983272 280.00021964018021 5.5659410003572702
699 280.11230327470196 280.00021964257343 5.5747050000354648
700 280.11208830204214 280.00021964494994 5.5830390006303787
701 280.11187512564936 280.00021964730405 5.5912660006433725
702 280.11166372944467 280.00021964963685 5.5994930006563663
703 280.11145409751833 280.00021965195413 5.6077370001003146
704 280.11124621407089 280.0002196542485 5.6159930005669594
705 280.11104006349348 280.00021965652627 5.6242720000445843
706 280.11083563025915 280.00021965878409 5.6325570000335574
707 280.11063289902938 280.00021966102355 5.64079499989748
708 280.1104318545747 280.00021966324272 5.6492469999939203
709 280.11023248182045 280.00021966544352 5.6566280005499721
710 280.11003476579543 280.00021966762836 5.664907000027597
711 280.10983869170741 280.0002196697954 5.6731799999251962
712 280.10964424486355 280.00021967194084 5.681428000330925
713 280.10945141072108 280.00021967407116 5.6896980004385114
714 280.10926017484422 280.00021967618352 5.6979270000010729
715 280.10907052295676 280.00021967827689 5.7059230003505945
716 280.10888244089307 280.00021968035441 5.7141050007194281
717 280.10869591460875 280.00021968241492 5.7217009998857975
718 280.1085109302096 280.00021968445714 5.7298969998955727
719 280.10832747389537 280.00021968648372 5.7381210001185536
720 280.10814553200737 280.0002196884941 5.7463290002197027
721 280.10796509102647 280.00021969048561 5.7545180004090071
722 280.10778613750375 280.0002196924616 5.7627450004220009
723 280.10760865816565 280.00021969442275 5.7709420006722212
724 280.10743263982192 280.00021969636543 5.7791600003838539
725 280.10725806942111 280.00021969829459 5.787347000092268
726 280.1070849340058 280.00021970020452 5.7955430001020432
727 280.10691322076849 280.0002197021019 5.8037440003827214
728 280.10674291698399 280.00021970398359 5.8119720006361604
729 280.10657401006313 280.00021970584675 5.8201740002259612
730 280.10640648751132 280.00021970769785 5.8284110007807612
731 280.10624033696377 280.00021970953395 5.8367170002311468
732 280.10607554615967 280.00021971135419 5.8444420006126165
733 280.10591210294331 280.00021971315903 5.8526429999619722
734 280.1057499952733 280.00021971494948 5.8608119999989867
735 280.10558921121361 280.00021971672368 5.8678900003433228
736 280.10542973893888 280.00021971848469 5.8761400002986193
737 280.10527156672265 280.00021972023188 5.8843999998643994
738 280.10511468295425 280.00021972196686 5.8926530005410314
739 280.10495907611187 280.0002197236837 5.900900000706315
740 280.10480473479788 280.00021972538769 5.9091350007802248
741 280.10465164769761 280.00021972707975 5.9174030004069209
742 280.10449980361096 280.00021972875652 5.9256620006635785
743 280.10434919142318 280.00021973041879 5.9339270005002618
744 280.10419980013688 280.00021973206913 5.9421970006078482
745 280.10405161884972 280.00021973370434 5.9504559999331832
746 280.10390463673701 280.00021973532972 5.9587070001289248
747 280.10375884309497 280.00021973693907 5.9669710006564856
748 280.10361422731722 280.00021973853717 5.9752020006999373
749 280.10347077887457 280.00021974012026 5.9833900006487966
750 280.10332848732992 280.00021974169249 5.9915810003876686
751 280.10318734237023 280.00021974325193 5.9997749999165535
752 280.10304733374096 280.00021974479546 6.0080590005964041
753 280.10290845129077 280.00021974633228 6.0162760000675917
754 280.10277068497987 280.00021974785449 6.0245040003210306
755 280.10263402482423 280.00021974936277 6.0327310003340244
756 280.10249846095149 280.00021975086082 6.0409700004383922
757 280.10236398357279 280.00021975234546 6.0493870005011559
758 280.10223058299283 280.00021975381873 6.057672000490129
759 280.10209824957923 280.00021975528074 6.0659090001136065
760 280.10196697382116 280.00021975672843 6.0742410002276301
761 280.1018367462645 280.00021975816873 6.0825080005452037
762 280.10170755756235 280.00021975959567 6.0907340003177524
763 280.10157939842696 280.00021976100993 6.0990019999444485
764 280.10145225967671 280.00021976241459 6.1072550006210804
765 280.10132613219076 280.00021976380657 6.115489000454545
766 280.10120100695985 280.00021976518985 6.1236800001934171
767 280.10107687502648 280.0002197665608 6.131883000023663
768 280.10095372751994 280.00021976792124 6.1400970006361604
769 280.10083155566366 280.00021976926899 6.1481520002707839
770 280.10071035075146 280.00021977060879 6.1563510000705719
771 280.10059010414801 280.0002197719362 6.1648260001093149
772 280.1004708072935 280.00021977325292 6.1731660002842546
773 280.10035245173026 280.0002197745618 6.1813790006563067
774 280.10023502904312 280.00021977585743 6.1896140007302165
775 280.10011853091498 280.00021977714243 6.1978569999337196
776 280.10000294909378 280.00021977842169 6.2060449998825788
777 280.099888275404 280.0002197796872 6.2142280004918575
778 280.09977450174495 280.00021978094446 6.2224080003798008
779 280.09966162008925 280.00021978218967 6.23059600032866
780 280.099549622469 280.00021978342738 6.2387380003929138
781 280.09943850101388 280.00021978465423 6.246908999979496
782 280.09932824788979 280.00021978587068 6.2551239999011159
783 280.09921885536437 280.00021978707963 6.2633050000295043
784 280.09911031576712 280.0002197882784 6.2714720005169511
785 280.09900262145908 280.00021978946813 6.2796430001035333
786 280.09889576493867 280.00021979064815 6.2878020005300641
787 280.09878973871474 280.0002197918181 6.2959759999066591
788 280.09868453538365 280.000219792981 6.30413500033319
789 280.09858014761619 280.00021979413327 6.3122970005497336
790 280.09847656812883 280.00021979527878 6.3191189998760819
791 280.09837378973106 280.00021979641241 6.3272870006039739
792 280.09827180525372 280.00021979753939 6.3354569999501109
793 280.09817060764288 280.00021979865704 6.3436219999566674
794 280.0980701898734 280.0002197997664 6.3517909999936819
795 280.09797054499677 280.0002198008653 6.3599570002406836
796 280.09787166611136 280.00021980195646 6.3681290000677109
797 280.09777354640585 280.00021980304189 6.3762770006433129
798 280.0976761790991 280.00021980411611 6.3844309998676181
799 280.0975795574987 280.00021980518449 6.3926540007814765
800 280.09748367495166 280.00021980624342 6.4008490005508065
801 280.09738852487067 280.0002198072944 6.4090090002864599
802 280.0972941007239 280.00021980833628 6.4171980004757643
803 280.09720039605151 280.00021980937356 6.4253620002418756
804 280.09710740443813 280.0002198103997 6.433521999977529
805 280.0970151195346 280.00021981141794 6.4416720001026988
806 280.09692353504499 280.00021981242998 6.4498660005629063
807 280.09683264471442 280.00021981343355 6.4578990004956722
808 280.09674244237789 280.00021981442967 6.4660690007731318
809 280.09665292189607 280.00021981541897 6.4742510002106428
810 280.09656407720109 280.00021981639998 6.4824060006067157
811 280.09647590227166 280.00021981737331 6.4905369998887181
812 280.09638839113433 280.00021981834158 6.4987050006166101
813 280.09630153789305 280.00021981929859 6.5068640001118183
814 280.09621533667541 280.00021982024936 6.5147219998762012
815 280.0961297816865 280.00021982119506 6.5229090005159378
816 280.09604486716017 280.00021982213502 6.531169000081718
817 280.09596058741209 280.00021982306464 6.5393179999664426
818 280.09587693677378 280.0002198239888 6.5474850004538894
819 280.0957939096408 280.00021982490597 6.5556500004604459
820 280.09571150048146 280.00021982581603 6.563332000747323
821 280.09562970378022 280.00021982671939 6.5714920004829764
822 280.09554851409649 280.00021982761467 6.5796420006081462
823 280.09546792601463 280.00021982850501 6.5878079999238253
824 280.09538793418949 280.00021982939046 6.5959800006821752
825 280.09530853332194 280.00021983026483 6.603469000197947
826 280.09522971813385 280.00021983113731 6.6116360006853938
827 280.09515148342643 280.00021983200088 6.6198630006983876
828 280.09507382403228 280.00021983285797 6.6281460002064705
829 280.09499673483782 280.0002198337109 6.6363210007548332
830 280.09492021076318 280.00021983455508 6.6444860007613897
831 280.09484424678266 280.0002198353954 6.6526130000129342
832 280.09476883792388 280.00021983622622 6.6598110003396869
833 280.09469397923323 280.00021983705216 6.6666230000555515
834 280.09461966583314 280.00021983787332 6.6744100004434586
835 280.09454589286173 280.00021983868839 6.6825810000300407
836 280.09447265552075 280.00021983949659 6.6907360004261136
837 280.09439994905 280.00021984030059 6.6989179998636246
838 280.09432776872239 280.00021984109782 6.707094999961555
839 280.0942561098654 280.00021984188965 6.7152610002085567
840 280.09418496783235 280.00021984267562 6.7234570002183318
841 280.0941143380457 280.00021984345602 6.7316330000758171
842 280.09404421594644 280.00021984422807 6.7398220002651215
843 280.09397459701586 280.00021984499904 6.7480110004544258
844 280.09390547679277 280.00021984576222 6.7561880005523562
845 280.09383685084032 280.00021984652096 6.7644170001149178
846 280.09376871476434 280.000219847273 6.7726080007851124
847 280.09370106421096 280.00021984802032 6.7808110006153584
848 280.0936338948772 280.00021984876133 6.7889840006828308
849 280.09356720247632 280.00021984949888 6.7972309999167919
850 280.09350098277713 280.00021985023017 6.8054150007665157
851 280.09343523158373 280.00021985095634 6.8136170003563166
852 280.09336994472494 280.00021985167484 6.8217810001224279
853 280.09330511809395 280.00021985239198 6.8299569999799132
854 280.09324074759337 280.00021985310315 6.8381510004401207
855 280.09317682916941 280.00021985380903 6.8462980007752776
856 280.09311335881949 280.00021985451008 6.8544640000909567
857 280.09305033255248 280.00021985520607 6.8626260003075004
858 280.09298774643645 280.00021985589689 6.8708350006490946
859 280.09292559656996 280.00021985658373 6.8788400003686547
860 280.09286387906741 280.00021985726602 6.8871770007535815
861 280.09280259009915 280.00021985794234 6.8955220002681017
862 280.09274172585742 280.00021985861525 6.9038540003821254
863 280.09268128257651 280.00021985928254 6.9121989998966455
864 280.09262125652907 280.00021985994562 6.9205320002511144
865 280.09256164400438 280.00021986060216 6.9287180006504059
866 280.09250244134211 280.00021986125716 6.9368650000542402
867 280.09244364490132 280.00021986190575 6.9450860004872084
868 280.09238525107486 280.00021986255058 6.9532440006732941
869 280.09232725630665 280.00021986319047 6.9614120004698634
870 280.09226965704966 280.00021986382728 6.9695830000564456
871 280.09221244979113 280.00021986445836 6.9777530003339052
872 280.09215563106812 280.00021986508619 6.9859080007299781
873 280.09209919742756 280.0002198657109 6.9940790003165603
874 280.09204314546207 280.0002198663276 7.0022390000522137
875 280.091987471783 280.00021986694281 7.010410999879241
876 280.09193217305028 280.00021986755468 7.0185920000076294
877 280.09187724592783 280.00021986816046 7.0267590004950762
878 280.09182268713005 280.00021986876385 7.0349179999902844
879 280.09176849339292 280.00021986936156 7.0431160004809499
880 280.09171466148655 280.00021986995671 7.0512840002775192
881 280.09166118820048 280.00021987054714 7.0594460004940629
882 280.09160807035778 280.00021987113291 7.0676090000197291
883 280.09155530481326 280.00021987171499 7.0757880005985498
884 280.09150288845007 280.00021987229462 7.0840090001001954
885 280.09145081817883 280.00021987287022 7.09215799998492
886 280.09139909093028 280.00021987344104 7.1003260007128119
887 280.09134770367115 280.00021987400976 7.1084839999675751
888 280.09129665339242 280.00021987457131 7.116644000634551
889 280.09124593711061 280.00021987513259 7.1248409999534488
890 280.09119555187289 280.00021987568817 7.1329970005899668
891 280.0911454947468 280.00021987624194 7.1411580005660653
892 280.09109576283834 280.00021987679213 7.148153000511229
893 280.0910463532594 280.00021987733606 7.1563370004296303
894 280.09099726316771 280.00021987787983 7.1645210003480315
895 280.09094848973342 280.00021987841808 7.1727140005677938
896 280.09090003015922 280.00021987895366 7.1808790005743504
897 280.09085188166853 280.00021987948554 7.1890520006418228
898 280.09080404151564 280.00021988001231 7.1972179999575019
899 280.09075650696872 280.00021988053788 7.2054070001468062
900 280.09070927533469 280.00021988106084 7.2135770004242659
901 280.09066234393293 280.00021988157965 7.2208139998838305
902 280.09061571010744 280.00021988209346 7.229008000344038
903 280.09056937123682 280.00021988260693 7.237058000639081
904 280.0905233247106 280.000219883113 7.2450109999626875
905 280.09047756794706 280.00021988361965 7.2525670006871223
906 280.09043209838819 280.00021988412203 7.2607550006359816
907 280.09038691349974 280.00021988462015 7.2678020000457764
908 280.09034201076958 280.00021988511725 7.2760450001806021
909 280.09029738770312 280.00021988560951 7.284256000071764
910 280.09025304183194 280.00021988609831 7.2924470007419586
911 280.09020897071224 280.00021988658557 7.3006270006299019
912 280.09016517192293 280.00021988707005 7.3088380005210638
913 280.09012164305693 280.00021988754992 7.3170320000499487
914 280.09007838173198 280.00021988802814 7.3252370003610849
915 280.09003538559307 280.00021988850096 7.3334070006385446
916 280.0899926522967 280.00021988897305 7.3415780002251267
917 280.08995017952924 280.00021988944462 7.3497569998726249
918 280.08990796499717 280.00021988991028 7.357960999943316
919 280.08986600641373 280.00021989037322 7.3660989999771118
920 280.08982430153594 280.00021989083507 7.3742690002545714
921 280.08978284811042 280.00021989129215 7.3824110003188252
922 280.08974164394596 280.00021989174559 7.3905770005658269
923 280.08970068682345 280.00021989219931 7.3987509999424219
924 280.08965997457943 280.00021989264775 7.4069180004298687
925 280.08961950505932 280.00021989309568 7.4150849999859929
926 280.08957927611789 280.00021989354008 7.4232520004734397
927 280.08953928564091 280.00021989398238 7.4314190000295639
928 280.08949953153558 280.00021989441944 7.4395800000056624
929 280.08946001170909 280.00021989485805 7.4477460002526641
930 280.08942072411037 280.00021989528864 7.4558790000155568
931 280.08938166669049 280.00021989572178 7.4640460005030036
932 280.08934283742207 280.00021989615055 7.4722030004486442
933 280.08930423430405 280.00021989657733 7.4803870003670454
934 280.08926585535431 280.00021989700053 7.4885410005226731
935 280.08922769858083 280.00021989742049 7.4968140004202724
936 280.08918976204848 280.00021989784102 7.5049980003386736
937 280.0891520438193 280.00021989825666 7.5131630003452301
938 280.08911454197062 280.00021989867184 7.5213160002604127
939 280.08907725460557 280.00021989908385 7.5295250006020069
940 280.08904017983372 280.00021989949369 7.5368020003661513
941 280.08900331579378 280.00021989990029 7.5450070006772876
942 280.0889666606277 280.00021990030558 7.5531900003552437
943 280.08893021251157 280.00021990070633 7.5613680006936193
944 280.08889396961973 280.00021990110832 7.5695540001615882
945 280.08885793015781 280.00021990150464 7.5777560006827116
946 280.08882209232985 280.00021990190146 7.5859290007501841
947 280.08878645437841 280.00021990229578 7.5941490000113845
948 280.08875101454475 280.00021990268806 7.6024040002375841
949 280.08871577109647 280.00021990307619 7.6105930004268885
950 280.08868072230126 280.00021990346175 7.6187680000439286
951 280.08864586645694 280.00021990384852 7.6261470001190901
952 280.08861120188106 280.00021990423062 7.6343729998916388
953 280.0885767268843 280.00021990461244 7.6425360003486276
954 280.08854243981619 280.00021990499005 7.6494060000404716
955 280.08850833902085 280.00021990536629 7.6576030002906919
956 280.08847442287504 280.00021990574112 7.6657760003581643
957 280.08844068975321 280.0002199061127 7.6739429999142885
958 280.08840713806205 280.00021990648492 7.6821170002222061
959 280.08837376621028 280.00021990685121 7.6902890000492334
960 280.08834057262453 280.00021990721751 7.698463000357151
961 280.08830755574388 280.0002199075825 7.7067010002210736
962 280.08827471401924 280.00021990794471 7.7149060005322099
963 280.08824204592355 280.00021990830663 7.7230740003287792
964 280.08820954994462 280.00021990866429 7.7312529999762774
965 280.08817722455984 280.00021990902377 7.7394290007650852
966 280.08814506829884 280.00021990937785 7.7476120004430413
967 280.08811307966789 280.0002199097305 7.7557840002700686
968 280.08808125720731 280.00021991008327 7.7639540005475283
969 280.08804959947253 280.00021991043451 7.7721840003505349
970 280.08801810501541 280.00021991078091 7.7803520001471043
971 280.08798677241845 280.00021991112635 7.7885210001841187
972 280.08795560025737 280.00021991147133 7.7967210002243519
973 280.08792458714834 280.00021991181296 7.8048660000786185
974 280.08789373168787 280.00021991215658 7.8130419999361038
975 280.08786303252037 280.0002199124944 7.8212050003930926
976 280.08783248826188 280.00021991283251 7.8285290002822876
977 280.08780209757083 280.00021991316697 7.8366910004988313
978 280.08777185911379 280.00021991349985 7.8448840007185936
979 280.08774177155613 280.00021991383414 7.8530450006946921
980 280.08771183358562 280.0002199141631 7.8612110000103712
981 280.08768204391072 280.00021991449182 7.8683820003643632
982 280.08765240121511 280.0002199148197 7.8765680007636547
983 280.08762290424255 280.00021991514717 7.8847250007092953
984 280.08759355171401 280.00021991547175 7.8928910000249743
985 280.08756434237182 280.00021991579314 7.9010720001533628
986 280.08753527497601 280.00021991611453 7.9092620005831122
987 280.08750634829158 280.0002199164345 7.9174629999324679
988 280.08747756109335 280.00021991675317 7.9256230005994439
989 280.08744891216332 280.00021991706848 7.9338300004601479
990 280.08742040031484 280.00021991738328 7.9419900001958013
991 280.08739202433651 280.00021991769739 7.9501430001109838
992 280.08736378306628 280.00021991800912 7.9583270000293851
993 280.08733567533079 280.00021991832091 7.966478000395
994 280.08730769996635 280.00021991862877 7.9746380001306534
995 280.08727985582192 280.00021991893544 7.9828010005876422
996 280.08725214176843 280.00021991924126 7.9909590007737279
997 280.08722455666833 280.00021991954782 7.9991240007802844
998 280.08719709941323 280.00021991984994 8.0072860000655055
999 280.08716976888434 280.00021992015201 8.0154530005529523
1000 280.08714256398861 280.00021992045288 8.0236189998686314
