iterat. internal-T external-T elapsed-time
0 300 280 0.00707200076431036
1 299.19999999999868 280.00000883531601 0.041192000731825829
2 298.52813741741454 280.00001625546156 0.05457800067961216
3 297.94710600452311 280.0000226724552 0.059879000298678875
4 297.43349718286157 280.00002834482456 0.065798000432550907
5 296.97180041472296 280.0000334438696 0.071473000571131706
6 296.55130638030414 280.00003808786568 0.076780000701546669
7 296.16435677203174 280.00004236139455 0.08232400007545948
8 295.80530500684097 280.00004632681174 0.089240999892354012
9 295.46987441645211 280.00005003135726 0.096129000186920166
10 295.15474864618409 280.00005351165231 0.10287899989634752
11 294.8573023636298 280.00005679669158 0.10848700068891048
12 294.57541936238187 280.0000599098471 0.11422900017350912
13 294.30736659798703 280.0000628702598 0.11987000051885843
14 294.05170493986572 280.00006569382475 0.12634300068020821
15 293.80722459684267 280.00006839389891 0.13194700051099062
16 293.57289749130433 280.00007098184216 0.13742899987846613
17 293.3478415146156 280.0000734673921 0.14301100000739098
18 293.1312932699168 280.00007585898317 0.14880200009793043
19 292.92258698416094 280.00007816396351 0.15430300030857325
20 292.72113797695749 280.00008038879599 0.1605370007455349
21 292.52642954511902 280.00008253918475 0.16630700044333935
22 292.33800244262028 280.00008462020008 0.17198500037193298
23 292.15544635734511 280.00008663637499 0.17751500010490417
24 291.97839294191635 280.0000885917791 0.18311499990522861
25 291.80651006684582 280.00009049007656 0.18872900027781725
26 291.63949704460578 280.00009233459349 0.19436900038272142
27 291.47708063187963 280.0000941283439 0.20001300051808357
28 291.31901166082656 280.00009587407914 0.20625799987465143
29 291.16506218269933 280.00009757431974 0.21190800052136183
30 291.01502303191296 280.00009923137355 0.21753700077533722
31 290.86870173745893 280.00010084736704 0.22299300041049719
32 290.72592072306281 280.0001024242606 0.22859900072216988
33 290.58651574885158 280.00010396386926 0.23426200076937675
34 290.45033455612872 280.00010546787428 0.23989900015294552
35 290.3172356838665 280.00010693783713 0.24548100028187037
36 290.18708743107459 280.00010837521302 0.2514230003580451
37 290.05976694369036 280.0001097813589 0.25868900027126074
38 289.93515940824233 280.00011115754307 0.26574600022286177
39 289.81315733741303 280.00011250494993 0.27277400065213442
40 289.69365993503004 280.00011382469734 0.27992000058293343
41 289.57657253000605 280.00011511782685 0.28693100064992905
42 289.46180607024797 280.00011638532487 0.29398700036108494
43 289.34927666901331 280.00011762811567 0.30102500040084124
44 289.23890519717463 280.00011884707391 0.30893700011074543
45 289.13061691592327 280.00012004302482 0.31568100024014711
46 289.02434114502631 280.00012121674888 0.32279099989682436
47 288.92001096261004 280.00012236898658 0.3295870004221797
48 288.8175629328519 280.00012350043909 0.3363610003143549
49 288.7169368584652 280.00012461176783 0.34295199997723103
50 288.61807555530675 280.00012570360667 0.34989400021731853
51 288.52092464675064 280.00012677655525 0.35639300011098385
52 288.42543237567753 280.00012783118541 0.36236200015991926
53 288.33154943240351 280.00012886804257 0.36909699998795986
54 288.23922879678975 280.00012988764485 0.37549000047147274
55 288.14842559324381 280.00013089048912 0.38234400004148483
56 288.05909695726399 280.0001318770469 0.38915000017732382
57 287.97120191253447 280.00013284777197 0.39589600078761578
58 287.88470125742788 280.00013380309741 0.40162800066173077
59 287.79955746018936 280.0001347434382 0.40719800069928169
60 287.71573456191607 280.00013566918926 0.41276200022548437
61 287.63319808667433 280.00013658073283 0.4183710003271699
62 287.55191495810459 280.0001374784357 0.42398400045931339
63 287.47185342198685 280.00013836264657 0.42950200010091066
64 287.39298297421192 280.00013923370432 0.43512700032442808
65 287.31527429371107 280.00014009193103 0.44084400031715631
66 287.2386991799836 280.00014093763747 0.44652300048619509
67 287.1632304947679 280.00014177112411 0.45231700036674738
68 287.08884210757924 280.00014259268039 0.45817600004374981
69 287.01550884479144 280.00014340258332 0.46427999995648861
70 286.9432064419737 280.00014420110062 0.46987500041723251
71 286.87191149922893 280.0001449884914 0.47549200057983398
72 286.80160143935109 280.00014576500575 0.48112300038337708
73 286.73225446850086 280.00014653088374 0.4868170004338026
74 286.66384953931987 280.00014728635841 0.49242600053548813
75 286.59636631619782 280.00014803165351 0.49856000021100044
76 286.52978514261565 280.00014876698469 0.50420200079679489
77 286.46408701040906 280.00014949256547 0.51084600016474724
78 286.39925353073329 280.00015020859473 0.5169259998947382
79 286.33526690674455 280.00015091527217 0.52265900000929832
80 286.27210990775291 280.00015161278679 0.52846800070255995
81 286.20976584485243 280.00015230132442 0.53473400045186281
82 286.14821854783088 280.00015298106143 0.54044600017368793
83 286.08745234336232 280.00015365217229 0.54609500057995319
84 286.02745203433739 280.00015431482365 0.55196300055831671
85 285.96820288027834 280.00015496917899 0.55820300057530403
86 285.90969057878584 280.00015561539703 0.56401799991726875
87 285.85190124793166 280.00015625363244 0.56954000052064657
88 285.79482140952138 280.00015688402982 0.57548900041729212
89 285.73843797322746 280.0001575067364 0.58125799987465143
90 285.68273822148484 280.00015812189218 0.58698100037872791
91 285.62770979513255 280.00015872963473 0.59461500030010939
92 285.57334067974693 280.00015933009433 0.60088800080120564
93 285.51961919263658 280.00015992340298 0.60659500025212765
94 285.46653397043252 280.00016050968316 0.61215300019830465
95 285.41407395728595 280.00016108905822 0.61832999996840954
96 285.36222839357202 280.00016166165017 0.62399300001561642
97 285.31098680516493 280.00016222756813 0.62953600008040667
98 285.26033899314041 280.00016278692999 0.63547000009566545
99 285.21027502397959 280.00016333984411 0.64141200017184019
100 285.16078522018739 280.00016388641563 0.64730599988251925
101 285.11186015134433 280.00016442675133 0.65299500059336424
102 285.06349062549839 280.00016496095066 0.6594400005415082
103 285.01566768099309 280.00016548911532 0.66528200078755617
104 284.9683825785965 280.00016601133848 0.67092000041157007
105 284.92162679396569 280.00016652771575 0.67723100073635578
106 284.87539201045826 280.00016703833995 0.68331300001591444
107 284.82967011220035 280.00016754329863 0.68901300057768822
108 284.78445317746059 280.0001680426804 0.69456200022250414
109 284.73973347230162 280.00016853657166 0.7011450007557869
110 284.69550344446225 280.00016902505473 0.70705400034785271
111 284.65175571750643 280.0001695082106 0.71247800067067146
112 284.60848308519695 280.00016998612023 0.7187109999358654
113 284.56567850607968 280.00017045885892 0.7247260008007288
114 284.52333509830316 280.00017092650563 0.73053400032222271
115 284.48144613459925 280.00017138913489 0.73620800022035837
116 284.44000503751113 280.00017184681565 0.74280500039458275
117 284.39900537474165 280.0001722996214 0.74832500051707029
118 284.35844085472547 280.000172747622 0.75382100045681
119 284.31830532235568 280.00017319088477 0.76033399999141693
120 284.27859275483024 280.00017362947568 0.76609200052917004
121 284.23929725773189 280.00017406346109 0.7718900004401803
122 284.20041306115536 280.00017449290351 0.7779090004041791
123 284.16193451607108 280.00017491786588 0.7842150004580617
124 284.12385609072982 280.00017533840997 0.78976100031286478
125 284.08617236728213 280.00017575459384 0.79513400048017502
126 284.04887803844349 280.00017616647818 0.80087100062519312
127 284.01196790434403 280.00017657411888 0.8066810006275773
128 283.97543686941941 280.00017697757164 0.81224900018423796
129 283.93927993947744 280.00017737689501 0.81875200010836124
130 283.90349221883207 280.0001777721402 0.82500500045716763
131 283.86806890752905 280.00017816335946 0.83069299999624491
132 283.83300529869615 280.00017855060725 0.8363590007647872
133 283.79829677596337 280.00017893393397 0.84284100029617548
134 283.76393881096271 280.00017931338812 0.84846700076013803
135 283.72992696095116 280.00017968902011 0.85398500040173531
136 283.69625686646356 280.0001800608764 0.86016800068318844
137 283.66292424907886 280.00018042900734 0.86611900012940168
138 283.62992490925581 280.0001807934562 0.87198999989777803
139 283.597254724229 280.00018115427116 0.87794100027531385
140 283.56490964597009 280.00018151149447 0.88436900079250336
141 283.53288569924968 280.00018186517207 0.89007900003343821
142 283.50117897971717 280.00018221534577 0.89564500004053116
143 283.46978565208161 280.0001825620572 0.90162200015038252
144 283.43870194831118 280.00018290535075 0.90747900027781725
145 283.40792416594746 280.00018324526428 0.91318400017917156
146 283.3774486664048 280.00018358184093 0.91927600000053644
147 283.34727187338535 280.00018391511639 0.92567200027406216
148 283.31739027129845 280.00018424513354 0.93132700026035309
149 283.28780040376381 280.00018457192891 0.93686800077557564
150 283.25849887214599 280.00018489553872 0.94311199989169836
151 283.22948233411688 280.00018521600151 0.94870000053197145
152 283.20074750231572 280.00018553335252 0.95425700023770332
153 283.172291142983 280.00018584762876 0.96002699993550777
154 283.1441100746955 280.0001861588654 0.96572300046682358
155 283.11620116709469 280.00018646709481 0.97130800038576126
156 283.08856133969357 280.000186772353 0.97736200038343668
157 283.0611875606885 280.00018707467319 0.98367400001734495
158 283.03407684581759 280.00018737408817 0.98940800037235022
159 283.00722625727133 280.00018767062915 0.99488000012934208
160 282.98063290259279 280.00018796433056 1.0014360006898642
161 282.95429393367152 280.00018825522125 1.007153999991715
162 282.92820654569368 280.00018854333456 1.0125900004059076
163 282.90236797620145 280.0001888287 1.0189540004357696
164 282.87677550411343 280.00018911134595 1.0250490000471473
165 282.8514264488258 280.00018939130547 1.0306839998811483
166 282.82631816929393 280.00018966860461 1.03632300067693
167 282.80144806317463 280.00018994327348 1.0430660005658865
168 282.77681356598714 280.00019021534001 1.0486139999702573
169 282.75241215027557 280.00019048483296 1.0542670004069805
170 282.7282413248372 280.00019075177914 1.0602430002763867
171 282.70429863391877 280.00019101620597 1.066143000498414
172 282.6805816564879 280.00019127814005 1.0718080000951886
173 282.65708800550226 280.00019153760701 1.0778990006074309
174 282.6338153271829 280.00019179463345 1.0844010002911091
175 282.61076130034593 280.00019204924507 1.0914460001513362
176 282.58792363570785 280.00019230146825 1.0981149999424815
177 282.56530007525492 280.00019255132571 1.1061599999666214
178 282.54288839160597 280.0001927988431 1.1133440006524324
179 282.52068638738047 280.00019304404623 1.1214600000530481
180 282.49869189462163 280.00019328695572 1.1279990002512932
181 282.47690277419809 280.0001935275975 1.1338800005614758
182 282.45531691523689 280.00019376599528 1.1394680002704263
183 282.43393223458366 280.00019400217025 1.1449090000241995
184 282.41274667625385 280.0001942361464 1.1511030001565814
185 282.39175821091339 280.00019446794664 1.1569940000772476
186 282.37096483537914 280.00019469759098 1.1624880004674196
187 282.35036457210771 280.00019492510398 1.1685049999505281
188 282.32995546872058 280.00019515050559 1.1741620004177094
189 282.30973559755085 280.00019537381655 1.179938000626862
190 282.28970305515617 280.00019559505887 1.1857430003583431
191 282.26985596189604 280.0001958142534 1.1919510001316667
192 282.25019246149543 280.00019603142044 1.1977470004931092
193 282.23071072060486 280.00019624657983 1.203312000259757
194 282.21140892842294 280.00019645975135 1.2094060005620122
195 282.19228529625246 280.00019667095552 1.2153770001605153
196 282.17333805714532 280.00019688021166 1.2211880004033446
197 282.15456546550797 280.00019708753842 1.2275070007890463
198 282.13596579672418 280.00019729295639 1.2337090000510216
199 282.11753734680053 280.00019749648311 1.2393330000340939
200 282.09927843201223 280.00019769813724 1.2451070006936789
201 282.08118738855575 280.00019789793703 1.251248000189662
202 282.06326257220934 280.00019809590196 1.257056999951601
203 282.04550235802424 280.00019829204763 1.2626110007986426
204 282.0279051399736 280.00019848639351 1.268716000020504
205 282.01046933066419 280.00019867895753 1.2747960006818175
206 281.99319336102548 280.0001988697561 1.280728000216186
207 281.97607568001519 280.00019905880629 1.2864950001239777
208 281.95911475431353 280.00019924612565 1.2928190007805824
209 281.94230906805137 280.00019943172964 1.2987240003421903
210 281.92565712254179 280.00019961563595 1.304113999940455
211 281.90915743599635 280.00019979786134 1.3102160003036261
212 281.89280854325858 280.00019997842082 1.316410000436008
213 281.87660899555658 280.00020015733077 1.3220190005376935
214 281.86055736023809 280.00020033460697 1.3277139998972416
215 281.84465222054973 280.00020051026536 1.3334610005840659
216 281.82889217535165 280.00020068432127 1.3391120005398989
217 281.81327583892539 280.00020085679029 1.3447990007698536
218 281.79780184071825 280.00020102768644 1.3504389999434352
219 281.78246882512718 280.00020119702737 1.3563810000196099
220 281.76727545127324 280.00020136482544 1.3621350005269051
221 281.75222039279123 280.00020153109546 1.3677480006590486
222 281.73730233761506 280.00020169585156 1.3745750002563
223 281.72251998777523 280.00020185911069 1.3803820004686713
224 281.70787205918202 280.00020202088473 1.3859769999980927
225 281.69335728145649 280.00020218118834 1.3917230004444718
226 281.67897439770775 280.00020234003478 1.3979720007628202
227 281.66472216435756 280.0002024974375 1.4049680000171065
228 281.6505993509565 280.00020265341226 1.4119250001385808
229 281.63660473999488 280.00020280797031 1.4178590001538396
230 281.62273712672629 280.00020296112717 1.4238030007109046
231 281.6089953189994 280.00020311289381 1.430829000659287
232 281.595378137078 280.00020326328359 1.4374590003862977
233 281.58188441348096 280.0002034123097 1.4441170003265142
234 281.56851299281209 280.00020355998612 1.4495870005339384
235 281.5552627316024 280.00020370632313 1.4563650004565716
236 281.54213249815393 280.00020385133513 1.4619130007922649
237 281.52912117238344 280.00020399503461 1.4673470007255673
238 281.51622764566542 280.00020413743198 1.4729430004954338
239 281.50345082068986 280.00020427854145 1.4784340001642704
240 281.49078961131545 280.00020441837455 1.4840910006314516
241 281.47824294242707 280.00020455694209 1.489699000492692
242 281.46580974979071 280.00020469425596 1.4954730002209544
243 281.45348897991545 280.00020483032796 1.5014850003644824
244 281.44127958992942 280.00020496517021 1.507196000777185
245 281.42918054743234 280.0002050987942 1.5127110006287694
246 281.41719083036645 280.0002052312098 1.5189970005303621
247 281.40530942690202 280.00020536242948 1.5246450006961823
248 281.39353533529868 280.00020549246466 1.5302619999274611
249 281.38186756378337 280.00020562132499 1.536017999984324
250 281.37030513043328 280.00020574902288 1.5416390001773834
251 281.35884706305836 280.00020587556651 1.5473230006173253
252 281.34749239907063 280.000206000969 1.5532280001789331
253 281.33624018538848 280.00020612524031 1.5588630000129342
254 281.32508947830752 280.0002062483905 1.5644749999046326
255 281.31403934339676 280.00020637042928 1.5700850002467632
256 281.30308885539114 280.00020649136803 1.5757889999076724
257 281.29223709806786 280.00020661121664 1.5814510006457567
258 281.28148316417929 280.00020672998482 1.5871280003339052
259 281.27082615529281 280.00020684768225 1.5927830003201962
260 281.26026518173995 280.00020696431858 1.5984010007232428
261 281.2497993624869 280.00020707990512 1.6046290006488562
262 281.23942782504042 280.00020719444922 1.6102309999987483
263 281.22914970536249 280.00020730796211 1.6158800004050136
264 281.21896414774943 280.00020742045314 1.6215700004249811
265 281.20887030476979 280.00020753193172 1.627301000058651
266 281.19886733714719 280.00020764240543 1.6329970005899668
267 281.18895441367528 280.00020775188511 1.638625000603497
268 281.17913071112741 280.00020786037931 1.644332000054419
269 281.1693954141748 280.00020796789778 1.6500090006738901
270 281.15974771529727 280.00020807444838 1.6560890004038811
271 281.15018681467893 280.00020818004094 1.6617800006642938
272 281.14071192014984 280.00020828468308 1.6674410002306104
273 281.13132224708971 280.00020838838259 1.6731110000982881
274 281.12201701835181 280.00020849115242 1.6786799998953938
275 281.11279546416193 280.00020859299559 1.6843330003321171
276 281.10365682206736 280.00020869392404 1.6899700006470084
277 281.09460033684411 280.00020879394413 1.6969520002603531
278 281.08562526041328 280.00020889306666 1.7030640002340078
279 281.07673085177606 280.00020899129737 1.7089300006628036
280 281.06791637693146 280.00020908864695 1.7145279999822378
281 281.05918110881055 280.00020918511973 1.7201439999043941
282 281.05052432718446 280.00020928072621 1.7259140005335212
283 281.04194531861998 280.00020937547441 1.7315180003643036
284 281.03344337638049 280.00020946937076 1.7372380001470447
285 281.02501780037608 280.00020956242412 1.7427850002422929
286 281.01666789708077 280.00020965464176 1.7483470002189279
287 281.00839297947556 280.00020974603098 1.7548650000244379
288 281.0001923669721 280.00020983659942 1.7608210006728768
289 280.99206538534429 280.00020992635444 1.7664640005677938
290 280.98401136668332 280.0002100153053 1.7718970002606511
291 280.9760296492978 280.0002101034566 1.7773670004680753
292 280.96811957768318 280.00021019081765 1.7830340005457401
293 280.96028050244166 280.00021027739302 1.7886150004342198
294 280.95251178021459 280.00021036319174 1.794404000043869
295 280.94481277364315 280.00021044822091 1.8000950003042817
296 280.93718285128404 280.00021053248599 1.8068750007078052
297 280.92962138756212 280.00021061599671 1.8125240001827478
298 280.92212776271293 280.00021069875629 1.8181480001658201
299 280.91470136270993 280.00021078077481 1.8238530000671744
300 280.90734157922645 280.00021086205658 1.8294150000438094
301 280.9000478095677 280.00021094261109 1.8352160006761551
302 280.89281945660645 280.00021102244125 1.8411450004205108
303 280.88565592875023 280.00021110155717 1.846590000204742
304 280.87855663986034 280.00021117996261 1.8527239998802543
305 280.87152100922304 280.00021125766528 1.8582730004563928
306 280.86454846147097 280.00021133467095 1.8639200003817677
307 280.85763842655541 280.00021141098728 1.8700210005044937
308 280.85079033966923 280.00021148661722 1.8756920006126165
309 280.84400364120734 280.00021156157106 1.8813300002366304
310 280.83727777672965 280.00021163585257 1.8869759999215603
311 280.83061219688085 280.00021170946843 1.8926640003919601
312 280.82400635735979 280.00021178242281 1.8982589999213815
313 280.81745971887386 280.00021185472553 1.9040210004895926
314 280.81097174706917 280.00021192637882 1.9099480006843805
315 280.80454191250618 280.00021199739052 1.9156200001016259
316 280.79816969060488 280.00021206776717 1.9212070005014539
317 280.79185456158336 280.00021213751171 1.9268479999154806
318 280.78559601042895 280.00021220663291 1.9325320003554225
319 280.77939352684444 280.00021227513423 1.9380300007760525
320 280.77324660520895 280.00021234302125 1.9436610005795956
321 280.76715474451925 280.00021241030129 1.9499989999458194
322 280.76111744836544 280.00021247697725 1.9568920005112886
323 280.75513422486034 280.00021254305676 1.9635169999673963
324 280.7492045866295 280.0002126085447 1.9700239999219775
325 280.74332805073624 280.00021267344647 1.9766490003094077
326 280.73750413865548 280.0002127377669 1.9831910002976656
327 280.73173237623405 280.000212801511 1.9899050006642938
328 280.72601229364068 280.00021286468365 1.9965830007568002
329 280.72034342532635 280.00021292729167 2.0022210003808141
330 280.71472530999046 280.00021298933859 2.0093470001593232
331 280.70915749053148 280.00021305083078 2.0153390001505613
332 280.7036395140131 280.00021311177187 2.0215460006147623
333 280.69817093162516 280.00021317216789 2.0281710000708699
334 280.69275129863456 280.00021323202316 2.0348670007660985
335 280.68738017436419 280.00021329134188 2.0413410002365708
336 280.68205712213864 280.00021335013122 2.0473610004410148
337 280.67678170926195 280.00021340839362 2.0533310007303953
338 280.67155350695646 280.00021346613511 2.0588159998878837
339 280.66637209035048 280.00021352335932 2.0646000001579523
340 280.66123703843181 280.0002135800712 2.0701120002195239
341 280.65614793401016 280.00021363627604 2.0757530005648732
342 280.65110436368269 280.00021369197754 2.0823870003223419
343 280.64610591780166 280.00021374718182 2.0890300003811717
344 280.64115219042799 280.00021380189099 2.0953350001946092
345 280.63624277930916 280.00021385611109 2.1016549998894334
346 280.63137728584474 280.00021390984602 2.1075039999559522
347 280.62655531504646 280.00021396310143 2.1135309999808669
348 280.62177647550254 280.00021401587873 2.1189970001578331
349 280.61704037934624 280.0002140681853 2.1247100001201034
350 280.61234664223417 280.00021412002332 2.1313439998775721
351 280.60769488329902 280.00021417139891 2.1378550007939339
352 280.60308472511781 280.00021422231367 2.1442539999261498
353 280.59851579369115 280.00021427277449 2.1503920005634427
354 280.59398771839693 280.00021432278265 2.156508999876678
355 280.58950013197961 280.00021437234494 2.1620490001514554
356 280.58505267049441 280.00021442146294 2.1682879999279976
357 280.58064497329269 280.00021447014313 2.1736679999157786
358 280.57627668298954 280.0002145183862 2.17981499992311
359 280.57194744542977 280.00021456619811 2.1864050002768636
360 280.56765690965631 280.000214613585 2.1924430001527071
361 280.56340472789248 280.00021466054545 2.1980570005252957
362 280.55919055549748 280.00021470708793 2.2046389998868108
363 280.55501405094651 280.00021475321392 2.2104210006073117
364 280.55087487579942 280.00021479892706 2.2160120001062751
365 280.54677269467265 280.0002148442324 2.2217740006744862
366 280.54270717521445 280.00021488913109 2.2274010004475713
367 280.53867798806544 280.00021493363164 2.2330260006710887
368 280.53468480685643 280.00021497773247 2.2386580007150769
369 280.53072730814841 280.00021502143903 2.2443099999800324
370 280.5268051714234 280.00021506475537 2.2499720007181168
371 280.52291807906118 280.00021510768499 2.2559370007365942
372 280.51906571630786 280.0002151502311 2.2615490006282926
373 280.51524777124041 280.0002151923976 2.2672610003501177
374 280.5114639347575 280.00021523418644 2.2728949999436736
375 280.50771390054035 280.00021527560233 2.2785080000758171
376 280.50399736503999 280.00021531664925 2.2841040007770061
377 280.50031402743667 280.00021535732782 2.2897089999169111
378 280.49666358962173 280.00021539764373 2.2953190002590418
379 280.49304575618169 280.00021543759919 2.3010560004040599
380 280.48946023435462 280.00021547719808 2.3069850001484156
381 280.48590673403055 280.00021551644483 2.3130620000883937
382 280.48238496769977 280.00021555533903 2.3187239998951554
383 280.47889465045569 280.00021559388699 2.3244430003687739
384 280.47543549994924 280.00021563209049 2.330333000048995
385 280.47200723637582 280.00021566995247 2.3360360004007816
386 280.46860958245406 280.00021570747549 2.3417150005698204
387 280.46524226339977 280.00021574466541 2.3473360007628798
388 280.46190500690193 280.00021578152229 2.3531920006498694
389 280.45859754309907 280.00021581805055 2.3588140001520514
390 280.45531960456924 280.00021585425202 2.3644640007987618
391 280.4520709262822 280.00021589013141 2.3704080004245043
392 280.44885124560807 280.00021592568851 2.3760999999940395
393 280.44566030227099 280.00021596093103 2.3816889999434352
394 280.44249783834545 280.0002159958571 2.3874369999393821
395 280.43936359821646 280.00021603047287 2.3929440006613731
396 280.43625732858442 280.00021606477856 2.398785000666976
397 280.43317877841594 280.00021609877905 2.4047620007768273
398 280.43012769894159 280.00021613247435 2.4110510004684329
399 280.42710384363113 280.00021616587122 2.4181380001828074
400 280.42410696816978 280.00021619896893 2.4237790005281568
401 280.42113683043885 280.00021623177224 2.429471000097692
402 280.41819319050165 280.00021626428122 2.4352040002122521
403 280.41527581057829 280.00021629650081 2.4408870004117489
404 280.41238445502472 280.00021632843425 2.4465399999171495
405 280.40951889031794 280.00021636008216 2.4525230005383492
406 280.40667888503492 280.00021639144649 2.4597510006278753
407 280.40386420983543 280.00021642253267 2.465654999949038
408 280.40107463743874 280.00021645334056 2.4714550003409386
409 280.39830994260643 280.00021648387485 2.477144000120461
410 280.39556990212901 280.00021651413573 2.483148000203073
411 280.39285429479941 280.0002165441278 2.4896040000021458
412 280.39016290140245 280.00021657385241 2.4955950006842613
413 280.38749550468816 280.00021660331134 2.5014369999989867
414 280.38485188936534 280.00021663250806 2.5077250003814697
415 280.38223184207692 280.00021666144431 2.513710000552237
416 280.37963515138046 280.00021669012193 2.5198890008032322
417 280.37706160773268 280.00021671854455 2.5266570001840591
418 280.37451100347926 280.00021674671359 2.5335079999640584
419 280.37198313283011 280.00021677463252 2.5411290004849434
420 280.36947779183345 280.00021680230168 2.5502160005271435
421 280.36699477838528 280.0002168297238 2.5585880000144243
422 280.36453389219179 280.00021685690245 2.5688340002670884
423 280.36209493475701 280.00021688383839 2.5775560000911355
424 280.35967770936844 280.0002169105353 2.5845420006662607
425 280.35728202108248 280.00021693699347 2.5910189999267459
426 280.35490767670541 280.0002169632163 2.5974880000576377
427 280.35255448477483 280.00021698920494 2.6038850005716085
428 280.35022225556173 280.00021701496229 2.6108640003949404
429 280.34791080102741 280.0002170404909 2.6172540001571178
430 280.34561993482731 280.00021706579179 2.6233360003679991
431 280.34334947229058 280.00021709086752 2.6300110006704926
432 280.34109923040143 280.00021711571918 2.6362340003252029
433 280.33886902779585 280.00021714034926 2.6420700000599027
434 280.33665868473213 280.00021716476073 2.6481079999357462
435 280.33446802308305 280.00021718895482 2.6547370003536344
436 280.33229686632092 280.00021721293388 2.6611810000613332
437 280.33014503950847 280.00021723669863 2.6679630000144243
438 280.32801236927418 280.00021726025233 2.6750620007514954
439 280.32589868380109 280.00021728359513 2.6818750007078052
440 280.32380381282104 280.00021730673234 2.688421000726521
441 280.32172758759077 280.00021732966201 2.694696000777185
442 280.31966984088348 280.00021735238801 2.7008870001882315
443 280.31763040697177 280.00021737491215 2.7070599999278784
444 280.3156091216249 280.00021739723582 2.7135280007496476
445 280.31360582207094 280.00021741936001 2.7216850006952882
446 280.31162034701293 280.0002174412881 2.7292610006406903
447 280.30965253659269 280.00021746302082 2.7377120004966855
448 280.30770223239858 280.00021748456055 2.7448190003633499
449 280.30576927742442 280.0002175059081 2.7529990002512932
450 280.30385351608845 280.00021752706658 2.7606580005958676
451 280.30195479420081 280.00021754803555 2.7687820000573993
452 280.30007295895109 280.0002175688191 2.780540999956429
453 280.29820785890394 280.00021758941671 2.7902450002729893
454 280.29635934398908 280.0002176098323 2.7996310004964471
455 280.29452726546816 280.000217630066 2.8089220002293587
456 280.2927114759575 280.00021765012019 2.8163750004023314
457 280.29091182937896 280.00021766999549 2.823633000254631
458 280.28912818097535 280.00021768969464 2.8310900004580617
459 280.28736038728289 280.0002177092183 2.8381219999864697
460 280.28560830613691 280.00021772856775 2.844497000798583
461 280.28387179662673 280.00021774774672 2.8503560004755855
462 280.2821507191328 280.00021776675476 2.8571049999445677
463 280.28044493526903 280.00021778559386 2.8633270002901554
464 280.27875430789589 280.00021780426528 2.8698940007016063
465 280.27707870111067 280.00021782277071 2.8756440002471209
466 280.27541798022725 280.00021784111141 2.8821300007402897
467 280.27377201176046 280.0002178592901 2.8883440000936389
468 280.27214066343566 280.00021787730657 2.8949530003592372
469 280.27052380415279 280.00021789516353 2.9010200006887317
470 280.26892130400324 280.00021791286105 2.9077350003644824
471 280.26733303422583 280.00021793040281 2.9137019999325275
472 280.26575886722981 280.00021794778797 2.9195330003276467
473 280.26419867656114 280.00021796501881 2.9259140007197857
474 280.26265233690515 280.0002179820973 2.931857000105083
475 280.26111972407068 280.00021799902333 2.9378980007022619
476 280.25960071497724 280.00021801579896 2.9440270001068711
477 280.25809518765072 280.00021803242726 2.9505710005760193
478 280.2566030212144 280.0002180489069 2.9568490004166961
479 280.25512409587344 280.00021806524006 2.9628180004656315
480 280.2536582929074 280.00021808142895 2.9688190007582307
481 280.25220549465797 280.00021809747329 2.9745249999687076
482 280.25076558453367 280.00021811337638 2.9808440003544092
483 280.24933844697767 280.00021812913837 2.9865500004962087
484 280.24792396747438 280.00021814476071 2.992616000585258
485 280.24652203253481 280.00021816024292 2.9991780007258058
486 280.24513252968762 280.00021817558888 3.0047280006110668
487 280.24375534747554 280.00021819079916 3.0114600006490946
488 280.24239037543197 280.00021820587369 3.0170269999653101
489 280.24103750409267 280.00021822081555 3.023153000511229
490 280.23969662496427 280.00021823562514 3.0289250006899238
491 280.23836763053339 280.00021825030251 3.0345940003171563
492 280.23705041424961 280.00021826485016 3.0403650002554059
493 280.23574487052099 280.00021827926867 3.0465640006586909
494 280.2344508946951 280.00021829355893 3.0524140000343323
495 280.23316838307085 280.00021830772243 3.0588810006156564
496 280.23189723286686 280.00021832176213 3.0651000002399087
497 280.23063734222524 280.00021833567632 3.0714230006560683
498 280.22938861020538 280.00021834946722 3.0773410005494952
499 280.22815093677156 280.00021836313681 3.0830510007217526
500 280.2269242227826 280.00021837668464 3.0894010001793504
501 280.22570836998892 280.00021839011146 3.0957510005682707
502 280.22450328102337 280.00021840342174 3.1025600004941225
503 280.22330885939056 280.00021841661311 3.1094790007919073
504 280.22212500946466 280.00021842968812 3.1153319999575615
505 280.22095163646657 280.00021844264626 3.1213650004938245
506 280.2197886464802 280.0002184554906 3.1273389998823404
507 280.21863594642656 280.0002184682217 3.1333779999986291
508 280.21749344406055 280.00021848083969 3.139504000544548
509 280.21636104796164 280.00021849334678 3.1465710001066327
510 280.21523866754058 280.00021850574194 3.1528200004249811
511 280.21412621301153 280.00021851802785 3.1590750003233552
512 280.21302359539504 280.00021853020502 3.1648340001702309
513 280.21193072651096 280.00021854227566 3.1711810007691383
514 280.21084751896876 280.00021855423921 3.1772100003436208
515 280.20977388616467 280.00021856609618 3.1832510000094771
516 280.20870974226892 280.00021857784822 3.1890990007668734
517 280.20765500222819 280.00021858949663 3.1949700005352497
518 280.20660958173812 280.00021860104215 3.201367000117898
519 280.20557339726622 280.00021861248615 3.2075370000675321
520 280.20454636601897 280.00021862382931 3.213391000404954
521 280.20352840594774 280.00021863507226 3.2191870007663965
522 280.20251943574578 280.00021864621579 3.2253350000828505
523 280.2015193748253 280.00021865725938 3.2310120007023215
524 280.2005281433282 280.00021866820646 3.2366750007495284
525 280.19954566211595 280.00021867905735 3.24227200075984
526 280.19857185275004 280.00021868981241 3.2478780001401901
527 280.1976066375035 280.00021870047249 3.2534290002658963
528 280.1966499393393 280.00021871103814 3.2599520003423095
529 280.19570168192291 280.00021872151154 3.2662720000371337
530 280.19476178959098 280.00021873189166 3.2726640002802014
531 280.19383018736784 280.00021874218044 3.2782670008018613
532 280.19290680094775 280.00021875237923 3.284532000310719
533 280.19199155669122 280.00021876248638 3.2903410000726581
534 280.19108438161987 280.00021877250521 3.2960430001839995
535 280.19018520341086 280.00021878243626 3.3016990004107356
536 280.18929395038606 280.00021879227978 3.3076500007882714
537 280.18841055151154 280.00021880203576 3.3133820006623864
538 280.18753493639758 280.00021881170608 3.3190069999545813
539 280.18666703527362 280.0002188212913 3.3247910002246499
540 280.18580677900843 280.00021883079131 3.3309810003265738
541 280.18495409907541 280.00021884020998 3.3366120001301169
542 280.18410892757487 280.00021884954333 3.3429390005767345
543 280.18327119721334 280.00021885879596 3.3487290004268289
544 280.18244084129776 280.00021886796731 3.3543100003153086
545 280.18161779373696 280.000218877056 3.3609910001978278
546 280.18080198902987 280.00021888606506 3.3671210007742047
547 280.17999336226183 280.00021889499641 3.3731110002845526
548 280.17919184910244 280.00021890384795 3.3785610003396869
549 280.17839738580017 280.00021891262253 3.3843160001561046
550 280.17760990917503 280.00021892131957 3.3901400007307529
551 280.17682935660832 280.00021892993982 3.395860000513494
552 280.17605566605016 280.00021893848424 3.4014980001375079
553 280.1752887760004 280.00021894695334 3.4074969999492168
554 280.1745286255146 280.00021895534928 3.4134120000526309
555 280.17377515419525 280.00021896367042 3.4192240005359054
556 280.17302830218176 280.00021897191942 3.4252470005303621
557 280.17228801015824 280.00021898009555 3.4312680000439286
558 280.17155421933512 280.00021898819904 3.4371430007740855
559 280.17082687145017 280.00021899623209 3.443079000338912
560 280.1701059087664 280.00021900419324 3.449095000512898
561 280.16939127406164 280.00021901208589 3.4559000004082918
562 280.1686829106327 280.00021901991022 3.4619280006736517
563 280.16798076227633 280.00021902766542 3.4677440002560616
564 280.16728477329923 280.00021903535043 3.473641000688076
565 280.166594888509 280.0002190429704 3.4801409998908639
566 280.16591105319856 280.0002190505225 3.4866510005667806
567 280.16523321316646 280.00021905800827 3.492251000367105
568 280.16456131468328 280.0002190654285 3.4981840001419187
569 280.16389530451079 280.00021907278438 3.504793000407517
570 280.16323512988293 280.00021908007574 3.5107519999146461
571 280.16258073851225 280.00021908730224 3.5170240001752973
572 280.16193207857327 280.00021909446707 3.5235390001907945
573 280.1612890987098 280.00021910156732 3.5300320005044341
574 280.16065174802742 280.00021910860744 3.5358750000596046
575 280.16001997608038 280.00021911558423 3.541495000012219
576 280.15939373289029 280.00021912250099 3.5471870005130768
577 280.15877296890693 280.00021912935716 3.5528859999030828
578 280.15815763504452 280.00021913615228 3.5593920005485415
579 280.15754768264276 280.00021914288885 3.5652010003104806
580 280.15694306348723 280.00021914956585 3.5709400000050664
581 280.15634372979059 280.00021915618413 3.5766950007528067
582 280.155749634193 280.00021916274568 3.5824950002133846
583 280.15516072976288 280.00021916925078 3.5885280007496476
584 280.15457696999039 280.00021917569705 3.5942270001396537
585 280.15399830878073 280.00021918208876 3.5999390007928014
586 280.15342470045039 280.00021918842293 3.607277000322938
587 280.15285609973012 280.00021919470299 3.6136600002646446
588 280.15229246175301 280.00021920092752 3.6191040007397532
589 280.15173374205779 280.00021920709872 3.6247560000047088
590 280.15117989657762 280.00021921321468 3.6310050003230572
591 280.15063088164561 280.00021921927834 3.6366450004279613
592 280.15008665398352 280.00021922528958 3.6422780007123947
593 280.1495471707006 280.00021923124729 3.6479740003123879
594 280.1490123892944 280.00021923715423 3.6538060000166297
595 280.14848226763939 280.00021924300921 3.6595290005207062
596 280.14795676398876 280.00021924881213 3.6651670001447201
597 280.14743583697498 280.00021925456468 3.6713140001520514
598 280.14691944559513 280.00021926026926 3.6769550004974008
599 280.14640754921527 280.00021926592206 3.6826130002737045
600 280.14590010757303 280.00021927152659 3.688374999910593
601 280.14539708075182 280.00021927708133 3.6939910007640719
602 280.1448984292096 280.00021928258951 3.6996140005066991
603 280.1444041137496 280.0002192880487 3.7059180000796914
604 280.14391409552957 280.00021929346008 3.7115680007264018
605 280.14342833605514 280.00021929882445 3.7172230007126927
606 280.14294679717437 280.00021930414368 3.7228749999776483
607 280.1424694410839 280.00021930941483 3.7286080000922084
608 280.14199623031215 280.00021931464107 3.734307000413537
609 280.14152712772949 280.0002193198232 3.7399490000680089
610 280.14106209653386 280.00021932495878 3.7458930006250739
611 280.14060110025503 280.00021933004916 3.751978000625968
612 280.14014410275672 280.00021933509646 3.7576609998941422
613 280.13969106821446 280.00021934010005 3.7635380001738667
614 280.13924196113885 280.00021934506088 3.7692100005224347
615 280.13879674634478 280.00021934997767 3.7748279999941587
616 280.1383553889699 280.00021935485171 3.7806050004437566
617 280.13791785446671 280.00021935968289 3.7863670000806451
618 280.13748410859137 280.00021936447399 3.7920080004259944
619 280.13705411741722 280.00021936922275 3.7986930003389716
620 280.13662784730593 280.00021937393097 3.8056270005181432
621 280.13620526494003 280.00021937859844 3.8122640000656247
622 280.13578633728042 280.0002193832247 3.8186320001259446
623 280.13537103160365 280.000219387811 3.824244000017643
624 280.13495931546527 280.00021939235813 3.8305830005556345
625 280.13455115671957 280.00021939686621 3.8369340002536774
626 280.13414652350696 280.0002194013349 3.8434629999101162
627 280.13374538425347 280.00021940576551 3.8498630002140999
628 280.13334770766795 280.00021941015615 3.856135000474751
629 280.13295346274043 280.00021941451087 3.8624600004404783
630 280.13256261873715 280.0002194188279 3.8689080001786351
631 280.132175145205 280.00021942310661 3.8758290000259876
632 280.13179101195908 280.00021942734907 3.8822659999132156
633 280.13141018908703 280.00021943155542 3.887750000692904
634 280.13103264694217 280.00021943572506 3.8941480005159974
635 280.13065835614884 280.00021943985837 3.8997969999909401
636 280.13028728759184 280.00021944395661 3.9055329998955131
637 280.12991941241535 280.00021944801932 3.9114390006288886
638 280.12955470202706 280.00021945204662 3.9171180007979274
639 280.12919312808316 280.00021945604084 3.922885000705719
640 280.12883466250645 280.00021945999919 3.928621000610292
641 280.12847927746049 280.00021946392371 3.9342910004779696
642 280.12812694535927 280.0002194678159 3.9399350006133318
643 280.12777763886925 280.00021947167266 3.945631000213325
644 280.12743133090174 280.00021947549794 3.9513750001788139
645 280.12708799460574 280.0002194792898 3.9572120001539588
646 280.12674760337535 280.0002194830488 3.9628850007429719
647 280.12641013084448 280.0002194867759 3.9686110001057386
648 280.12607555088135 280.00021949047135 3.9742720006033778
649 280.12574383758647 280.00021949413497 3.9799030004069209
650 280.12541496529349 280.00021949776647 3.9856090005487204
651 280.12508890856896 280.00021950136727 3.9914470007643104
652 280.12476564220424 280.00021950493721 3.9971960000693798
653 280.1244451412212 280.00021950847776 4.0028850007802248
654 280.12412738086016 280.00021951198823 4.0096100000664592
655 280.12381233659079 280.00021951546569 4.0152010004967451
656 280.12349998409218 280.00021951891694 4.0209389999508858
657 280.12319029927312 280.0002195223372 4.0265380004420877
658 280.1228832582496 280.00021952572848 4.0322090005502105
659 280.12257883735526 280.00021952908969 4.0378660000860691
660 280.12227701313543 280.00021953242344 4.0435100002214313
661 280.12197776234723 280.00021953572838 4.0491630006581545
662 280.12168106195367 280.00021953900489 4.0549940001219511
663 280.1213868891266 280.00021954225298 4.0614120000973344
664 280.12109522124251 280.00021954547503 4.0670360000804067
665 280.12080603588072 280.00021954867003 4.0727160004898906
666 280.12051931081862 280.00021955183627 4.0783530008047819
667 280.12023502403798 280.00021955497664 4.0840290002524853
668 280.11995315371092 280.00021955808734 4.0900910003110766
669 280.11967367821512 280.00021956117547 4.0957410000264645
670 280.11939657610986 280.00021956423535 4.1015680003911257
671 280.11912182616101 280.00021956727062 4.1075250003486872
672 280.11884940730988 280.00021957027798 4.1133240005001426
673 280.11857929870104 280.0002195732618 4.1191760003566742
674 280.11831147965694 280.00021957621948 4.1248320005834103
675 280.11804592968338 280.00021957915266 4.1305280001834035
676 280.11778262848026 280.00021958205997 4.1361260004341602
677 280.11752155591813 280.00021958494324 4.1419670004397631
678 280.11726269205906 280.00021958780195 4.1475790003314614
679 280.11700601713113 280.00021959063713 4.1533599998801947
680 280.11675151155424 280.00021959344764 4.1598190004006028
681 280.11649915591187 280.00021959623484 4.165540000423789
682 280.11624893096962 280.00021959899937 4.1715660002082586
683 280.11600081765926 280.00021960173768 4.1771309999749064
684 280.11575479708273 280.00021960445486 4.1829970004037023
685 280.11551085052628 280.00021960714946 4.1886889999732375
686 280.11526895942563 280.00021960982093 4.1943390006199479
687 280.11502910538997 280.0002196124704 4.2001950005069375
688 280.11479127019396 280.00021961509657 4.2061060005798936
689 280.11455543577654 280.00021961770102 4.211795000359416
690 280.11432158423997 280.0002196202833 4.2180730002000928
691 280.11408969783793 280.00021962284563 4.2237640004605055
692 280.11385975899526 280.00021962538381 4.2294020000845194
693 280.11363175028947 280.00021962790208 4.2351029999554157
694 280.11340565445005 280.0002196303991 4.2407790003344417
695 280.1131814543686 280.00021963287571 4.2466130005195737
696 280.11295913308174 280.00021963533214 4.2523240000009537
697 280.11273867379128 280.00021963776663 4.258483000099659
698 280.11252005983249 280.00021964018026 4.2642290005460382
699 280.11230327470332 280.00021964257422 4.2698890008032322
700 280.11208830204703 280.00021964494823 4.2754859998822212
701 280.11187512565158 280.00021964730291 4.2811440005898476
702 280.11166372944717 280.00021964963707 4.2868680004030466
703 280.11145409751521 280.00021965195276 4.2930380003526807
704 280.11124621407549 280.00021965424952 4.2987160002812743
705 280.11104006349109 280.00021965652479 4.3042980004101992
706 280.11083563026108 280.00021965878329 4.3108170004561543
707 280.11063289903086 280.00021966102111 4.3163870004937053
708 280.11043185457646 280.00021966324272 4.3220170000568032
709 280.11023248181516 280.00021966544432 4.3276340002194047
710 280.11003476579884 280.00021966762779 4.3335669999942183
711 280.10983869170889 280.00021966979358 4.3392310002818704
712 280.10964424486389 280.00021967194147 4.3448320003226399
713 280.10945141071824 280.0002196740711 4.3505390007048845
714 280.1092601748436 280.00021967618267 4.356568000279367
715 280.10907052295693 280.00021967827695 4.3623140007257462
716 280.10888244089097 280.00021968035429 4.3682970004156232
717 280.10869591461153 280.00021968241447 4.3744520004838705
718 280.10851093020705 280.00021968445816 4.3804410006850958
719 280.10832747389429 280.00021968648332 4.3863490000367165
720 280.10814553201368 280.00021968849325 4.3919660001993179
721 280.10796509102198 280.00021969048606 4.397605000063777
722 280.10778613750625 280.000219692462 4.4034860003739595
723 280.10760865816542 280.00021969442224 4.409421999938786
724 280.10743263982164 280.00021969636629 4.4153060000389814
725 280.10725806941514 280.0002196982947 4.4209250006824732
726 280.10708493400409 280.0002197002068 4.4278290001675487
727 280.10691322076764 280.00021970210202 4.4338940000161529
728 280.10674291698251 280.00021970398382 4.440438000485301
729 280.10657401005847 280.00021970584987 4.4461369998753071
730 280.1064064875132 280.00021970770041 4.4523320002481341
731 280.10624033696695 280.00021970953486 4.4597640000283718
732 280.10607554616246 280.00021971135516 4.4656080007553101
733 280.10591210294524 280.00021971315971 4.4713380001485348
734 280.10574999527296 280.00021971495102 4.4775419998914003
735 280.10558921121446 280.0002197167255 4.4834430003538728
736 280.10542973893837 280.00021971848741 4.4896030006930232
737 280.10527156672265 280.00021972023404 4.495346000418067
738 280.10511468295215 280.0002197219664 4.5015799999237061
739 280.10495907611505 280.0002197236854 4.5081630004569888
740 280.10480473479851 280.00021972538957 4.5141330007463694
741 280.10465164769897 280.00021972707987 4.519896000623703
742 280.10449980360795 280.00021972875743 4.526248000562191
743 280.10434919142523 280.00021973042112 4.5323370005935431
744 280.1041998001391 280.00021973207129 4.5386250000447035
745 280.10405161884626 280.00021973370752 4.5442989999428391
746 280.10390463673752 280.00021973532967 4.5504780001938343
747 280.1037588430986 280.00021973694106 4.5565110007300973
748 280.1036142273162 280.00021973853796 4.5622850004583597
749 280.10347077887133 280.00021974012276 4.5679109999909997
750 280.10332848733111 280.0002197416934 4.5735670002177358
751 280.10318734236569 280.00021974325233 4.580163000151515
752 280.10304733373681 280.00021974479836 4.5860029999166727
753 280.10290845129532 280.00021974633194 4.5916849998757243
754 280.10277068497817 280.00021974785381 4.5973660005256534
755 280.10263402482155 280.00021974936374 4.6035370007157326
756 280.10249846095348 280.00021975086008 4.6099490001797676
757 280.10236398357489 280.00021975234534 4.6155220000073314
758 280.10223058298999 280.00021975381861 4.621938000433147
759 280.10209824958014 280.00021975528023 4.6286130007356405
760 280.10196697382122 280.0002197567303 4.6341710006818175
761 280.10183674626688 280.00021975816833 4.6398180006071925
762 280.10170755755911 280.00021975959527 4.6457590004429221
763 280.10157939842611 280.00021976100976 4.651482000015676
764 280.10145225967301 280.00021976241487 4.6573660001158714
765 280.10132613219207 280.00021976380725 4.6629440002143383
766 280.10120100695843 280.00021976518991 4.6685009999200702
767 280.10107687502534 280.00021976656035 4.6743240002542734
768 280.10095372752102 280.0002197679193 4.6805050000548363
769 280.10083155566713 280.00021976926877 4.6861650003120303
770 280.10071035075305 280.000219770608 4.6918270001187921
771 280.10059010414801 280.00021977193563 4.6976100001484156
772 280.10047080729834 280.00021977325321 4.7041740007698536
773 280.1003524517281 280.00021977456095 4.7108289999887347
774 280.10023502904289 280.00021977585772 4.7173589998856187
775 280.10011853091561 280.00021977714437 4.7233470007777214
776 280.10000294909298 280.00021977842033 4.7294380003586411
777 280.09988827540644 280.00021977968657 4.7349490001797676
778 280.09977450174756 280.00021978094298 4.7405460001900792
779 280.09966162008732 280.00021978219002 4.7463170001283288
780 280.09954962247156 280.00021978342738 4.7522960007190704
781 280.09943850101178 280.00021978465389 4.7601000005379319
782 280.09932824788979 280.00021978587296 4.768032000400126
783 280.09921885536306 280.00021978707946 4.7756799999624491
784 280.09911031575814 280.00021978827891 4.7846820000559092
785 280.09900262146232 280.0002197894695 4.7933680005371571
786 280.09889576493947 280.00021979064837 4.802972000092268
787 280.09878973871565 280.00021979181963 4.8151940004900098
788 280.09868453538672 280.00021979298089 4.8220210000872612
789 280.09858014761585 280.00021979413486 4.8279870003461838
790 280.09847656813184 280.00021979527884 4.8355250004678965
791 280.09837378972753 280.00021979641303 4.8442280003800988
792 280.09827180525576 280.00021979754041 4.853906000033021
793 280.09817060764317 280.00021979865699 4.8624200001358986
794 280.09807018987181 280.00021979976606 4.8693420002236962
795 280.09797054499234 280.00021980086717 4.8755140006542206
796 280.09787166611056 280.00021980195874 4.8819310003891587
797 280.09777354640357 280.00021980304223 4.8875670004636049
798 280.09767617910103 280.00021980411742 4.8938780007883906
799 280.09757955749791 280.00021980518403 4.899575000628829
800 280.09748367494763 280.00021980624405 4.9062840007245541
801 280.09738852486817 280.00021980729412 4.9123929999768734
802 280.09729410072543 280.00021980833736 4.9198350002989173
803 280.09720039605259 280.00021980937299 4.9256700007244945
804 280.09710740444206 280.00021981039879 4.932494000531733
805 280.09701511953722 280.00021981141856 4.9390020007267594
806 280.096923535043 280.00021981243032 4.9453040007501841
807 280.09683264471477 280.00021981343343 4.9520240006968379
808 280.09674244237851 280.00021981442893 4.9580310005694628
809 280.09665292189663 280.00021981541835 4.9649229999631643
810 280.09656407719746 280.00021981639998 4.9716540006920695
811 280.09647590227024 280.00021981737416 4.9776400001719594
812 280.09638839113688 280.00021981833976 4.9850900005549192
813 280.09630153789408 280.00021981929945 4.9926860006526113
814 280.09621533667911 280.00021982025174 5.0011690007522702
815 280.09612978168605 280.00021982119733 5.0480249999091029
816 280.09604486716643 280.00021982213462 5.0554800005629659
817 280.09596058741141 280.00021982306504 5.062262000516057
818 280.09587693677031 280.00021982398869 5.0696290004998446
819 280.09579390964552 280.00021982490534 5.0756640005856752
820 280.09571150048191 280.00021982581626 5.081152000464499
821 280.0956297037813 280.00021982671984 5.0865240003913641
822 280.09554851409376 280.00021982761518 5.0921990005299449
823 280.09546792601645 280.00021982850575 5.0975379999727011
824 280.09538793419443 280.0002198293887 5.1033140001818538
825 280.09530853331796 280.00021983026608 5.1098600002005696
826 280.09522971812993 280.00021983113646 5.1154869999736547
827 280.09515148342632 280.00021983200133 5.1218030005693436
828 280.09507382403211 280.00021983285802 5.1274690004065633
829 280.09499673483566 280.00021983370902 5.1332670003175735
830 280.0949202107625 280.00021983455389 5.1388420006260276
831 280.09484424678215 280.00021983539386 5.1446150001138449
832 280.09476883791876 280.00021983622639 5.1503580007702112
833 280.09469397923374 280.00021983705255 5.1559790000319481
834 280.09461966583143 280.00021983787315 5.1616370007395744
835 280.09454589286008 280.00021983868822 5.1674440000206232
836 280.09447265552194 280.00021983949779 5.1740089999511838
837 280.09439994904642 280.00021984030104 5.1795210000127554
838 280.09432776872069 280.00021984109839 5.1855350006371737
839 280.09425610986148 280.00021984188896 5.1928940005600452
840 280.09418496783439 280.00021984267403 5.1989380000159144
841 280.09411433804883 280.00021984345369 5.2047660006210208
842 280.09404421594667 280.00021984422887 5.2105650007724762
843 280.09397459701927 280.00021984499671 5.2160459998995066
844 280.09390547679237 280.00021984576006 5.221599000506103
845 280.09383685083782 280.00021984651858 5.2273590005934238
846 280.09376871476366 280.00021984727181 5.2331800004467368
847 280.09370106421483 280.00021984801879 5.2393980007618666
848 280.09363389487561 280.00021984875991 5.2453479999676347
849 280.09356720247666 280.0002198494966 5.2509300000965595
850 280.09350098277724 280.00021985022818 5.256529999896884
851 280.09343523158088 280.00021985095373 5.263094000518322
852 280.09336994472864 280.00021985167581 5.2687260005623102
853 280.09330511809543 280.00021985239141 5.2747190007939935
854 280.09324074758962 280.00021985310286 5.2819940000772476
855 280.09317682916833 280.00021985380857 5.2878849999979138
856 280.09311335881586 280.00021985451036 5.2937260000035167
857 280.09305033255464 280.00021985520516 5.3004230000078678
858 280.09298774643707 280.00021985589683 5.3071030005812645
859 280.0929255965662 280.00021985658356 5.3141840007156134
860 280.092863879064 280.00021985726505 5.3214060002937913
861 280.09280259009466 280.00021985794217 5.3279210003092885
862 280.09274172585594 280.00021985861395 5.3350640004500747
863 280.0926812825785 280.00021985928316 5.3423620006069541
864 280.09262125652924 280.00021985994442 5.350186999887228
865 280.09256164400489 280.00021986060381 5.3566860007122159
866 280.09250244134341 280.00021986125745 5.3632630007341504
867 280.09244364489882 280.00021986190734 5.3695290004834533
868 280.09238525107935 280.00021986255126 5.3757960004732013
869 280.0923272563054 280.00021986319217 5.3832710003480315
870 280.09226965704818 280.00021986382944 5.3898070007562637
871 280.09221244979148 280.00021986446035 5.3970510000362992
872 280.09215563106648 280.00021986508784 5.4031940000131726
873 280.0920991974304 280.00021986571039 5.4110850002616644
874 280.09204314546099 280.00021986633004 5.4177010003477335
875 280.0919874717855 280.00021986694424 5.4245520001277328
876 280.09193217305022 280.00021986755496 5.4310500007122755
877 280.09187724592647 280.00021986816228 5.4374860003590584
878 280.09182268712846 280.00021986876533 5.4437020001932979
879 280.0917684933944 280.0002198693623 5.450955000706017
880 280.09171466148575 280.00021986995733 5.4579469999298453
881 280.09166118819752 280.00021987054862 5.4648930002003908
882 280.09160807035653 280.00021987113513 5.4721070006489754
883 280.09155530481354 280.00021987171851 5.4785510003566742
884 280.09150288845274 280.00021987229684 5.4853730006143451
885 280.09145081817815 280.00021987287192 5.4927660003304482
886 280.09139909093244 280.00021987344257 5.500262999907136
887 280.09134770367399 280.00021987401016 5.50793999992311
888 280.09129665339026 280.00021987457484 5.5150690004229546
889 280.09124593711158 280.00021987513412 5.5218250006437302
890 280.0911955518734 280.00021987569068 5.5278740003705025
891 280.09114549474958 280.00021987624388 5.5345090003684163
892 280.09109576283731 280.00021987679321 5.541406000033021
893 280.09104635325946 280.00021987733817 5.5480420002713799
894 280.09099726316509 280.00021987788074 5.5544600002467632
895 280.09094848973268 280.00021987841814 5.5603189999237657
896 280.09090003015825 280.00021987895462 5.5666060000658035
897 280.09085188167148 280.00021987948634 5.5726140001788735
898 280.0908040415178 280.00021988001464 5.578596000559628
899 280.09075650697139 280.00021988053948 5.58438799995929
900 280.09070927533338 280.00021988106045 5.591024000197649
901 280.09066234393373 280.00021988157982 5.5974179999902844
902 280.09061571010881 280.00021988209488 5.6035040002316236
903 280.0905693712358 280.0002198826063 5.6092429999262094
904 280.09052332470998 280.00021988311443 5.6156160002574325
905 280.09047756794661 280.00021988362028 5.6216330006718636
906 280.09043209838893 280.0002198841226 5.62756900023669
907 280.09038691349861 280.00021988462134 5.6332910005003214
908 280.09034201076963 280.00021988511713 5.6393710002303123
909 280.09029738769868 280.00021988561042 5.6452919999137521
910 280.09025304183331 280.00021988609876 5.6515520000830293
911 280.09020897071264 280.00021988658608 5.6577890003100038
912 280.09016517192271 280.00021988707016 5.6638860004022717
913 280.09012164305545 280.00021988755105 5.6696960004046559
914 280.09007838173221 280.00021988802854 5.6758380001410842
915 280.09003538559296 280.00021988850392 5.6825050003826618
916 280.08999265229517 280.00021988897493 5.6888280007988214
917 280.08995017953077 280.00021988944474 5.6947420006617904
918 280.08990796499501 280.00021988991091 5.7003979999572039
919 280.08986600641356 280.0002198903743 5.7063830001279712
920 280.08982430153247 280.00021989083433 5.7121170004829764
921 280.08978284811286 280.00021989129266 5.7178460005670786
922 280.08974164394243 280.00021989174775 5.7240940006449819
923 280.08970068682413 280.00021989219977 5.73051100037992
924 280.08965997458296 280.00021989265008 5.7363650007173419
925 280.08961950505977 280.00021989309693 5.7420669998973608
926 280.08957927611738 280.00021989354116 5.7483400003984571
927 280.08953928564347 280.00021989398243 5.7544460007920861
928 280.08949953153393 280.00021989442183 5.7602599998936057
929 280.08946001171017 280.00021989485919 5.765994000248611
930 280.0894207241077 280.00021989529182 5.7724959999322891
931 280.08938166668753 280.00021989572355 5.7782460004091263
932 280.08934283742087 280.00021989615198 5.7839720007032156
933 280.08930423430587 280.0002198965783 5.7901720004156232
934 280.08926585534891 280.00021989700173 5.7965470002964139
935 280.08922769858083 280.0002198974247 5.8022190006449819
936 280.08918976205126 280.00021989784233 5.8079610001295805
937 280.08915204381964 280.00021989825933 5.8148159999400377
938 280.08911454197397 280.00021989867361 5.8207750003784895
939 280.08907725460398 280.00021989908504 5.8265440007671714
940 280.089040179834 280.00021989949494 5.8325900007039309
941 280.08900331579213 280.00021989990188 5.839185000397265
942 280.08896666063134 280.00021990030706 5.8448510002344847
943 280.08893021251157 280.000219900709 5.8506100000813603
944 280.08889396961922 280.00021990110878 5.8570330003276467
945 280.08885793015662 280.00021990150753 5.8630790002644062
946 280.08882209233298 280.00021990190362 5.8695109998807311
947 280.08878645438176 280.0002199022976 5.8754449998959899
948 280.08875101454811 280.00021990268885 5.8818510007113218
949 280.08871577109585 280.00021990307727 5.8881419999524951
950 280.08868072230132 280.00021990346431 5.8940320005640388
951 280.08864586645996 280.00021990385068 5.899749000556767
952 280.08861120187868 280.00021990423221 5.9060990000143647
953 280.08857672688646 280.00021990461318 5.9117700001224875
954 280.08854243981335 280.00021990499204 5.9184340005740523
955 280.08850833901926 280.00021990536857 5.9247010005638003
956 280.08847442287441 280.00021990574317 5.9308750005438924
957 280.08844068975537 280.00021990611515 5.9368430003523827
958 280.08840713806507 280.00021990648543 5.94274300057441
959 280.08837376621449 280.00021990685491 5.9493620004504919
960 280.08834057262681 280.00021990722195 5.9555000001564622
961 280.08830755574343 280.00021990758592 5.9612760003656149
962 280.08827471402162 280.00021990794755 5.966899000108242
963 280.08824204592679 280.00021990830942 5.9733220003545284
964 280.08820954994252 280.00021990866793 5.9788990002125502
965 280.08817722456365 280.00021990902542 5.9846750004217029
966 280.08814506829594 280.00021990938109 5.9908360000699759
967 280.08811307966823 280.0002199097338 5.9974090000614524
968 280.08808125720805 280.00021991008475 6.0032040001824498
969 280.08804959947071 280.00021991043479 6.0087609998881817
970 280.08801810501342 280.00021991078307 6.0151990000158548
971 280.08798677241839 280.00021991112982 6.0213109999895096
972 280.08795560026226 280.00021991147293 6.0269039999693632
973 280.08792458714873 280.00021991181512 6.0327030001208186
974 280.08789373169554 280.00021991215635 6.039219000376761
975 280.08786303251958 280.00021991249628 6.0449550002813339
976 280.08783248826199 280.00021991283256 6.0506570003926754
977 280.0878020975739 280.00021991316873 6.0568690001964569
978 280.08777185911418 280.00021991350309 6.0629210006445646
979 280.0877417715563 280.00021991383426 6.068796000443399
980 280.08771183358891 280.00021991416537 6.0751849999651313
981 280.08768204390424 280.00021991449438 6.0814940007403493
982 280.08765240121284 280.0002199148218 6.0880169998854399
983 280.08762290423988 280.00021991514751 6.0938400002196431
984 280.08759355171156 280.00021991547106 6.0995519999414682
985 280.08756434237017 280.0002199157941 6.1057590004056692
986 280.08753527497521 280.0002199161151 6.111676000058651
987 280.08750634829062 280.00021991643479 6.1173459999263287
988 280.08747756108932 280.00021991675197 6.1245560003444552
989 280.08744891216361 280.00021991706944 6.1315440004691482
990 280.08742040030808 280.00021991738492 6.1384720001369715
991 280.0873920243389 280.00021991769756 6.1448830002918839
992 280.08736378306628 280.00021991800952 6.1520899999886751
993 280.08733567532977 280.00021991832085 6.1585950003936887
994 280.08730769996271 280.00021991862769 6.1660470003262162
995 280.08727985582141 280.00021991893669 6.1726919999346137
996 280.0872521417665 280.00021991924262 6.1793630002066493
997 280.08722455666856 280.00021991954713 6.1860150005668402
998 280.08719709940965 280.00021991985062 6.1928290007635951
999 280.08716976888149 280.0002199201524 6.200169000774622
1000 280.08714256399014 280.00021992045254 6.2074690004810691
