iterat. internal-T external-T elapsed-time
0 300 280 0.013081000186502934
1 299.19999999999868 280.0000088353122 0.026538999751210213
2 298.52813741741454 280.00001625546281 0.039193999953567982
3 297.94710600452311 280.00002267244952 0.051516000181436539
4 297.43349718286157 280.00002834482467 0.063852000050246716
5 296.97180041472296 280.00003344387665 0.076104000210762024
6 296.55130638030414 280.00003808785641 0.088467000052332878
7 296.16435677203174 280.00004236139313 0.10079099982976913
8 295.80530500684097 280.00004632680634 0.11315600015223026
9 295.46987441645211 280.00005003135124 0.12545299995690584
10 295.15474864618409 280.00005351165959 0.13785499986261129
11 294.8573023636298 280.00005679669255 0.15039699990302324
12 294.57541936238187 280.00005990984255 0.16286700032651424
13 294.30736659798703 280.00006287026281 0.17511900048702955
14 294.05170493986572 280.00006569382549 0.18737300019711256
15 293.80722459684267 280.00006839389607 0.19966499973088503
16 293.57289749130433 280.00007098184551 0.21197800058871508
17 293.3478415146156 280.00007346738914 0.22425800003111362
18 293.1312932699168 280.00007585898703 0.23649800010025501
19 292.92258698416094 280.00007816396629 0.24874499998986721
20 292.72113797695749 280.00008038879383 0.26101099979132414
21 292.52642954511902 280.0000825391819 0.2732779998332262
22 292.33800244262028 280.00008462019844 0.28552000038325787
23 292.15544635734511 280.00008663637487 0.29775699973106384
24 291.97839294191635 280.00008859177757 0.31027599982917309
25 291.80651006684582 280.00009049007446 0.32284200005233288
26 291.63949704460578 280.00009233459178 0.3353240005671978
27 291.47708063187963 280.00009412834038 0.34785899985581636
28 291.31901166082656 280.00009587407823 0.36044299975037575
29 291.16506218269933 280.00009757431707 0.37301800027489662
30 291.01502303191296 280.00009923137316 0.38597599975764751
31 290.86870173745893 280.00010084736351 0.39899400062859058
32 290.72592072306281 280.00010242426146 0.41164700035005808
33 290.58651574885158 280.00010396387017 0.42425200063735247
34 290.45033455612872 280.00010546787632 0.43685400020331144
35 290.3172356838665 280.00010693783702 0.4490980003029108
36 290.18708743107459 280.00010837521256 0.46140000037848949
37 290.05976694369036 280.00010978135805 0.47364400047808886
38 289.93515940824233 280.00011115754046 0.48587900027632713
39 289.81315733741303 280.00011250494947 0.4981460003182292
40 289.69365993503004 280.0001138246958 0.51065200008451939
41 289.57657253000605 280.00011511782611 0.52303100004792213
42 289.46180607024797 280.00011638532095 0.53533100057393312
43 289.34927666901331 280.00011762811158 0.54766400065273046
44 289.23890519717463 280.00011884707271 0.55998400039970875
45 289.13061691592327 280.00012004302266 0.5723259998485446
46 289.02434114502631 280.00012121674763 0.58455100003629923
47 288.92001096261004 280.00012236898345 0.59685199987143278
48 288.8175629328519 280.00012350043664 0.60912200063467026
49 288.7169368584652 280.00012461176289 0.62138899974524975
50 288.61807555530675 280.00012570360354 0.63365100044757128
51 288.52092464675064 280.00012677655099 0.64620599988847971
52 288.42543237567753 280.00012783117933 0.65854900050908327
53 288.33154943240351 280.00012886803478 0.67084600031375885
54 288.23922879678975 280.00012988763876 0.68309499975293875
55 288.14842559324381 280.00013089048252 0.69538300018757582
56 288.05909695726399 280.00013187704212 0.70768600050359964
57 287.97120191253447 280.0001328477648 0.71997200045734644
58 287.88470125742788 280.00013380309554 0.73227600008249283
59 287.79955746018936 280.00013474343558 0.744548000395298
60 287.71573456191607 280.00013566918818 0.7568730004131794
61 287.63319808667433 280.00013658072794 0.76915400009602308
62 287.55191495810459 280.00013747843491 0.7814520001411438
63 287.47185342198685 280.0001383626423 0.79370999988168478
64 287.39298297421192 280.00013923370113 0.80605100002139807
65 287.31527429371107 280.00014009192455 0.81831000000238419
66 287.2386991799836 280.00014093762854 0.83061499986797571
67 287.1632304947679 280.00014177111774 0.8428779998794198
68 287.08884210757924 280.00014259267283 0.85523200035095215
69 287.01550884479144 280.00014340257889 0.86748099979013205
70 286.9432064419737 280.00014420110028 0.87978100031614304
71 286.87191149922893 280.00014498849697 0.89215200021862984
72 286.80160143935109 280.00014576500826 0.90443800017237663
73 286.73225446850086 280.00014653088289 0.91673099994659424
74 286.66384953931987 280.00014728636052 0.92902899999171495
75 286.59636631619782 280.00014803165772 0.94130800012499094
76 286.52978514261565 280.00014876699015 0.95359500031918287
77 286.46408701040906 280.00014949256638 0.9659210005775094
78 286.39925353073329 280.00015020859882 0.97824000008404255
79 286.33526690674455 280.00015091527632 0.99054200015962124
80 286.27210990775291 280.00015161278884 1.0029580006375909
81 286.20976584485243 280.00015230132607 1.0156920002773404
82 286.14821854783088 280.00015298106501 1.0281859999522567
83 286.08745234336232 280.00015365217166 1.0404970003291965
84 286.02745203433739 280.00015431482535 1.0527910003438592
85 285.96820288027834 280.00015496917956 1.0651920000091195
86 285.90969057878584 280.00015561539823 1.0774530004709959
87 285.85190124793166 280.00015625363147 1.0897890003398061
88 285.79482140952138 280.00015688402868 1.1020860001444817
89 285.73843797322746 280.00015750673617 1.1144679998978972
90 285.68273822148484 280.00015812189093 1.1267490005120635
91 285.62770979513255 280.00015872963098 1.1391679998487234
92 285.57334067974693 280.00015933009212 1.1528470003977418
93 285.51961919263658 280.00015992339564 1.1661020005121827
94 285.46653397043252 280.00016050968526 1.1787919998168945
95 285.41407395728595 280.0001610890597 1.1911240005865693
96 285.36222839357202 280.00016166165074 1.2034069998189807
97 285.31098680516493 280.0001622275712 1.2157160006463528
98 285.26033899314041 280.00016278693334 1.2280099997296929
99 285.21027502397959 280.00016333984496 1.2403110004961491
100 285.16078522018739 280.00016388641649 1.2525740005075932
101 285.11186015134433 280.00016442675337 1.264915999956429
102 285.06349062549839 280.00016496095009 1.2773770000785589
103 285.01566768099309 280.00016548911242 1.2896150005981326
104 284.9683825785965 280.00016601133893 1.301901999861002
105 284.92162679396569 280.00016652771399 1.3142419997602701
106 284.87539201045826 280.00016703833552 1.3264850005507469
107 284.82967011220035 280.00016754329505 1.3387409998103976
108 284.78445317746059 280.00016804268074 1.3510030005127192
109 284.73973347230162 280.00016853656945 1.3633220000192523
110 284.69550344446225 280.00016902505337 1.375649000518024
111 284.65175571750643 280.00016950821214 1.3879019999876618
112 284.60848308519695 280.00016998612131 1.400152999907732
113 284.56567850607968 280.00017045886011 1.4124750001356006
114 284.52333509830316 280.00017092650478 1.4247040003538132
115 284.48144613459925 280.00017138912978 1.4369710003957152
116 284.44000503751113 280.00017184681514 1.4494310002774
117 284.39900537474165 280.000172299621 1.4617079999297857
118 284.35844085472547 280.00017274762035 1.4743600003421307
119 284.31830532235568 280.00017319088471 1.487635999917984
120 284.27859275483024 280.00017362947511 1.4999710004776716
121 284.23929725773189 280.0001740634641 1.5122269997373223
122 284.20041306115536 280.00017449290294 1.5245280005037785
123 284.16193451607108 280.00017491786576 1.5367839997634292
124 284.12385609072982 280.00017533840594 1.5490610003471375
125 284.08617236728213 280.00017575459299 1.5613139998167753
126 284.04887803844349 280.00017616647494 1.5735849998891354
127 284.01196790434403 280.00017657411723 1.5858470005914569
128 283.97543686941941 280.00017697757255 1.5980529999360442
129 283.93927993947744 280.00017737689672 1.6104009998962283
130 283.90349221883207 280.00017777214168 1.6226510005071759
131 283.86806890752905 280.00017816335901 1.6348919998854399
132 283.83300529869615 280.00017855060582 1.6471359999850392
133 283.79829677596337 280.00017893392896 1.6594320004805923
134 283.76393881096271 280.00017931339073 1.6717739999294281
135 283.72992696095116 280.00017968901921 1.6840270003303885
136 283.69625686646356 280.00018006087572 1.696314999833703
137 283.66292424907886 280.00018042900649 1.7086260002106428
138 283.62992490925581 280.00018079345739 1.7208790006116033
139 283.597254724229 280.0001811542682 1.733134999871254
140 283.56490964597009 280.00018151149277 1.7453680001199245
141 283.53288569924968 280.00018186516957 1.7578170001506805
142 283.50117897971717 280.00018221534424 1.770074000582099
143 283.46978565208161 280.00018256205675 1.782324000261724
144 283.43870194831118 280.00018290534842 1.7945550000295043
145 283.40792416594746 280.00018324526172 1.8068810002878308
146 283.3774486664048 280.00018358183701 1.8191480003297329
147 283.34727187338535 280.00018391512026 1.8314040005207062
148 283.31739027129845 280.0001842451336 1.8436360005289316
149 283.28780040376381 280.00018457192641 1.8559220004826784
150 283.25849887214599 280.0001848955348 1.8681709999218583
151 283.22948233411688 280.0001852159985 1.8806530004367232
152 283.20074750231572 280.00018553334746 1.8928950000554323
153 283.172291142983 280.00018584762574 1.9051959998905659
154 283.1441100746955 280.0001861588641 1.9174580005928874
155 283.11620116709469 280.00018646709071 1.9297059997916222
156 283.08856133969357 280.00018677234976 1.9419720005244017
157 283.0611875606885 280.00018707467075 1.9542490001767874
158 283.03407684581759 280.00018737408482 1.9664960000663996
159 283.00722625727133 280.0001876706263 1.9787330003455281
160 282.98063290259279 280.00018796432948 1.9909730004146695
161 282.95429393367152 280.00018825522176 2.0032520005479455
162 282.92820654569368 280.00018854333399 2.0154980001971126
163 282.90236797620145 280.00018882869449 2.0277519999071956
164 282.87677550411343 280.00018911134356 2.0400069998577237
165 282.8514264488258 280.00018939130331 2.0522420005872846
166 282.82631816929393 280.00018966860233 2.0645759999752045
167 282.80144806317463 280.00018994326979 2.0768240001052618
168 282.77681356598714 280.0001902153378 2.0890720002353191
169 282.75241215027557 280.00019048483415 2.1013400005176663
170 282.7282413248372 280.00019075177835 2.1136859999969602
171 282.70429863391877 280.0001910162012 2.1259420001879334
172 282.6805816564879 280.00019127813493 2.1382010001689196
173 282.65708800550226 280.00019153760388 2.150777000002563
174 282.6338153271829 280.00019179463141 2.1630819998681545
175 282.61076130034593 280.00019204924212 2.1753550004214048
176 282.58792363570785 280.0001923014641 2.1876170001924038
177 282.56530007525492 280.00019255132321 2.1999390004202724
178 282.54288839160597 280.00019279884083 2.2121870005503297
179 282.52068638738047 280.0001930440431 2.2244349997490644
180 282.49869189462163 280.00019328695356 2.2366709997877479
181 282.47690277419809 280.00019352759421 2.2489539999514818
182 282.45531691523689 280.00019376599448 2.2611920004710555
183 282.43393223458366 280.00019400217076 2.2734550004824996
184 282.41274667625385 280.00019423614543 2.2857539998367429
185 282.39175821091339 280.00019446794619 2.2979960003867745
186 282.37096483537914 280.00019469758985 2.3103080000728369
187 282.35036457210771 280.00019492509995 2.3225800003856421
188 282.32995546872058 280.00019515050275 2.3348080003634095
189 282.30973559755085 280.00019537381536 2.3470510002225637
190 282.28970305515617 280.00019559505432 2.3593509998172522
191 282.26985596189604 280.00019581425164 2.3716150000691414
192 282.25019246149543 280.00019603141624 2.3839010000228882
193 282.23071072060486 280.00019624657381 2.3961880002170801
194 282.21140892842294 280.00019645974902 2.4084700001403689
195 282.19228529625246 280.00019667094824 2.4207250000908971
196 282.17333805714532 280.00019688020575 2.4329450000077486
197 282.15456546550797 280.00019708753712 2.4451959999278188
198 282.13596579672418 280.00019729295184 2.4575190003961325
199 282.11753734680053 280.00019749648101 2.4697710005566478
200 282.09927843201223 280.00019769813269 2.4820220004767179
201 282.08118738855575 280.00019789793311 2.494268000125885
202 282.06326257220934 280.00019809589651 2.5065520005300641
203 282.04550235802424 280.00019829204246 2.5187860000878572
204 282.0279051399736 280.00019848638772 2.5310869999229908
205 282.01046933066419 280.0001986789535 2.5433440003544092
206 281.99319336102548 280.00019886975366 2.5556020000949502
207 281.97607568001519 280.00019905879634 2.56799800042063
208 281.95911475431353 280.00019924612104 2.5803390005603433
209 281.94230906805137 280.00019943172487 2.592586999759078
210 281.92565712254179 280.00019961563027 2.6049000006169081
211 281.90915743599635 280.00019979785424 2.6172320004552603
212 281.89280854325858 280.00019997841366 2.6294670002534986
213 281.87660899555658 280.0002001573248 2.6417220002040267
214 281.86055736023809 280.00020033460447 2.6539949998259544
215 281.84465222054973 280.00020051026411 2.6662940001115203
216 281.82889217535165 280.00020068431809 2.6785430004820228
217 281.81327583892539 280.00020085678557 2.6908020004630089
218 281.79780184071825 280.00020102767957 2.7031370000913739
219 281.78246882512718 280.00020119702242 2.7154350001364946
220 281.76727545127324 280.00020136482084 2.727675000205636
221 281.75222039279123 280.00020153109301 2.7399669997394085
222 281.73730233761506 280.00020169584928 2.7522210003808141
223 281.72251998777523 280.00020185910671 2.764504000544548
224 281.70787205918202 280.00020202088075 2.7767460001632571
225 281.69335728145649 280.00020218118476 2.7890010001137853
226 281.67897439770775 280.00020234002949 2.8012669999152422
227 281.66472216435756 280.00020249743494 2.8135420000180602
228 281.6505993509565 280.00020265340629 2.8257889999076724
229 281.63660473999488 280.0002028079665 2.83803900051862
230 281.62273712672629 280.00020296112137 2.8503350000828505
231 281.6089953189994 280.00020311288716 2.8626779997721314
232 281.595378137078 280.0002032632795 2.875017000362277
233 281.58188441348096 280.00020341230567 2.8873260002583265
234 281.56851299281209 280.00020355998083 2.8995620002970099
235 281.5552627316024 280.00020370631802 2.9118550000712276
236 281.54213249815393 280.00020385133041 2.9241209998726845
237 281.52912117238344 280.00020399503404 2.936298000626266
238 281.51622764566542 280.00020413743005 2.9486150005832314
239 281.50345082068986 280.00020427853707 2.960835000500083
240 281.49078961131545 280.00020441837194 2.9730710005387664
241 281.47824294242707 280.00020455693556 2.9853189997375011
242 281.46580974979071 280.00020469425198 2.9975709998980165
243 281.45348897991545 280.00020483032228 3.0098449997603893
244 281.44127958992942 280.00020496516231 3.0220729997381568
245 281.42918054743234 280.00020509878664 3.0343300001695752
246 281.41719083036645 280.00020523120378 3.0465710004791617
247 281.40530942690202 280.00020536242607 3.0588710000738502
248 281.39353533529868 280.00020549245659 3.0711179999634624
249 281.38186756378337 280.0002056213213 3.0833569997921586
250 281.37030513043328 280.00020574901527 3.0956279998645186
251 281.35884706305836 280.00020587555917 3.1079350002110004
252 281.34749239907063 280.00020600096207 3.120172000490129
253 281.33624018538848 280.00020612523218 3.1324169998988509
254 281.32508947830752 280.00020624838407 3.1446580002084374
255 281.31403934339676 280.00020637042303 3.1569969998672605
256 281.30308885539114 280.00020649136542 3.1691970005631447
257 281.29223709806786 280.00020661121454 3.1814550003036857
258 281.28148316417929 280.00020672998369 3.1936720004305243
259 281.27082615529281 280.00020684767952 3.2059679999947548
260 281.26026518173995 280.00020696431716 3.2182560004293919
261 281.2497993624869 280.00020707990461 3.2305000005289912
262 281.23942782504042 280.00020719444564 3.2427550004795194
263 281.22914970536249 280.00020730796416 3.2549820002168417
264 281.21896414774943 280.00020742045291 3.2672359999269247
265 281.20887030476979 280.00020753193138 3.2794700004160404
266 281.19886733714719 280.00020764240452 3.2917220005765557
267 281.18895441367528 280.00020775188739 3.3040740005671978
268 281.17913071112741 280.00020786037879 3.3163280002772808
269 281.1693954141748 280.00020796790017 3.3285849997773767
270 281.15974771529727 280.00020807444929 3.3408320005983114
271 281.15018681467893 280.00020818004145 3.3531600004062057
272 281.14071192014984 280.00020828468035 3.3655010005459189
273 281.13132224708971 280.00020838838572 3.3777999999001622
274 281.12201701835181 280.00020849115174 3.3900540005415678
275 281.11279546416193 280.00020859299536 3.4023630004376173
276 281.10365682206736 280.00020869392489 3.4146330002695322
277 281.09460033684411 280.00020879394515 3.4269099999219179
278 281.08562526041328 280.00020889306967 3.4391640005633235
279 281.07673085177606 280.0002089913018 3.4514330001547933
280 281.06791637693146 280.00020908865099 3.463705999776721
281 281.05918110881055 280.00020918512149 3.4759499998763204
282 281.05052432718446 280.00020928073275 3.4882100000977516
283 281.04194531861998 280.00020937547987 3.500446000136435
284 281.03344337638049 280.00020946937104 3.5126919997856021
285 281.02501780037608 280.00020956242798 3.5249169999733567
286 281.01666789708077 280.00020965464518 3.5371489999815822
287 281.00839297947556 280.0002097460349 3.5493919998407364
288 281.0001923669721 280.00020983660391 3.5616750000044703
289 280.99206538534429 280.00020992635928 3.5739569999277592
290 280.98401136668332 280.0002100153099 3.5862420005723834
291 280.9760296492978 280.00021010346109 3.5984880002215505
292 280.96811957768318 280.00021019082124 3.6107480004429817
293 280.96028050244166 280.00021027739342 3.6229900000616908
294 280.95251178021459 280.00021036319197 3.635240999981761
295 280.94481277364315 280.00021044822415 3.6474910005927086
296 280.93718285128404 280.00021053248946 3.6597370002418756
297 280.92962138756212 280.00021061599728 3.6720040002837777
298 280.92212776271293 280.00021069875896 3.6842510001733899
299 280.91470136270993 280.00021078077742 3.6965080006048083
300 280.90734157922645 280.00021086205811 3.7087620003148913
301 280.9000478095677 280.00021094260882 3.7210200000554323
302 280.89281945660645 280.00021102244091 3.733254000544548
303 280.88565592875023 280.0002111015578 3.7455029999837279
304 280.87855663986034 280.00021117995936 3.7577800005674362
305 280.87152100922304 280.00021125766392 3.7700359998270869
306 280.86454846147097 280.00021133467089 3.7822980005294085
307 280.85763842655541 280.00021141098193 3.7945550000295043
308 280.85079033966923 280.00021148661324 3.8068390004336834
309 280.84400364120734 280.00021156156816 3.8191140005365014
310 280.83727777672965 280.00021163584785 3.8313650004565716
311 280.83061219688085 280.00021170946604 3.8436449998989701
312 280.82400635735979 280.00021178242213 3.8559320000931621
313 280.81745971887386 280.00021185472514 3.8682470005005598
314 280.81097174706917 280.00021192637752 3.8806300004944205
315 280.80454191250618 280.00021199739086 3.8928789999336004
316 280.79816969060488 280.00021206776501 3.9051390001550317
317 280.79185456158336 280.00021213751228 3.9174450002610683
318 280.78559601042895 280.00021220663001 3.9297160003334284
319 280.77939352684444 280.00021227513162 3.9421000005677342
320 280.77324660520895 280.0002123430171 3.9543280005455017
321 280.76715474451925 280.00021241029941 3.9665740001946688
322 280.76111744836544 280.00021247697418 3.9788270005956292
323 280.75513422486034 280.00021254305602 3.9911019997671247
324 280.7492045866295 280.00021260854373 4.0033050002530217
325 280.74332805073624 280.00021267344522 4.0155600002035499
326 280.73750413865548 280.0002127377644 4.0278070000931621
327 280.73173237623405 280.00021280150906 4.0400480004027486
328 280.72601229364068 280.00021286468029 4.0522859999909997
329 280.72034342532635 280.00021292729201 4.0645400006324053
330 280.71472530999046 280.00021298933871 4.0767560005187988
331 280.70915749053148 280.00021305082817 4.088986000046134
332 280.7036395140131 280.0002131117717 4.1012120004743338
333 280.69817093162516 280.00021317216806 4.1134320003911853
334 280.69275129863456 280.00021323202168 4.1256670001894236
335 280.68738017436419 280.00021329134472 4.1379009997472167
336 280.68205712213864 280.00021335013184 4.1501099998131394
337 280.67678170926195 280.0002134083943 4.1623260006308556
338 280.67155350695646 280.0002134661363 4.1745530003681779
339 280.66637209035048 280.00021352336 4.1867829998955131
340 280.66123703843181 280.000213580072 4.1990499999374151
341 280.65614793401016 280.00021363627633 4.211264000274241
342 280.65110436368269 280.00021369197782 4.2234610002487898
343 280.64610591780166 280.00021374718051 4.235690999776125
344 280.64115219042799 280.00021380189179 4.2479140004143119
345 280.63624277930916 280.00021385611092 4.2601250000298023
346 280.63137728584474 280.00021390985052 4.2723519997671247
347 280.62655531504646 280.00021396310177 4.2845550002530217
348 280.62177647550254 280.00021401587986 4.2967809997498989
349 280.61704037934624 280.00021406818831 4.3090019999071956
350 280.61234664223417 280.00021412002462 4.3212190000340343
351 280.60769488329902 280.00021417139556 4.3334309998899698
352 280.60308472511781 280.00021422231373 4.3456700006499887
353 280.59851579369115 280.00021427277198 4.357901000417769
354 280.59398771839693 280.00021432278214 4.3702260004356503
355 280.58950013197961 280.00021437234329 4.3824669998139143
356 280.58505267049441 280.00021442146215 4.3947250004857779
357 280.58064497329269 280.00021447014018 4.406984000466764
358 280.57627668298954 280.00021451838182 4.4192000003531575
359 280.57194744542977 280.00021456619447 4.4314370006322861
360 280.56765690965631 280.00021461358017 4.4436680004000664
361 280.56340472789248 280.00021466054324 4.4558830000460148
362 280.55919055549748 280.00021470708293 4.4680400006473064
363 280.55501405094651 280.00021475321205 4.4802830005064607
364 280.55087487579942 280.00021479892632 4.4924900000914931
365 280.54677269467265 280.00021484423013 4.5046970006078482
366 280.54270717521445 280.0002148891345 4.5169299999251962
367 280.53867798806544 280.0002149336334 4.5291510000824928
368 280.53468480685643 280.00021497773264 4.5413690004497766
369 280.53072730814841 280.00021502143755 4.5535930003970861
370 280.5268051714234 280.00021506475736 4.5658309999853373
371 280.52291807906118 280.00021510768221 4.5780450003221631
372 280.51906571630786 280.00021515023155 4.5902850003913045
373 280.51524777124041 280.0002151923963 4.6025229999795556
374 280.5114639347575 280.0002152341853 4.6147720003500581
375 280.50771390054035 280.00021527560176 4.6269600000232458
376 280.50399736503999 280.00021531664714 4.6391790006309748
377 280.50031402743667 280.00021535732714 4.6513919997960329
378 280.49666358962173 280.00021539764344 4.663612000644207
379 280.49304575618169 280.0002154376017 4.6758280005306005
380 280.48946023435462 280.00021547720036 4.6880250005051494
381 280.48590673403055 280.0002155164442 4.7002380006015301
382 280.48238496769977 280.00021555533846 4.7124530002474785
383 280.47889465045569 280.00021559388745 4.7246780004352331
384 280.47543549994924 280.00021563208514 4.7368799997493625
385 280.47200723637582 280.0002156699486 4.7490809997543693
386 280.46860958245406 280.00021570747595 4.761311000213027
387 280.46524226339977 280.00021574466234 4.7735520005226135
388 280.46190500690193 280.0002157815174 4.7857920005917549
389 280.45859754309907 280.00021581804822 4.7980209998786449
390 280.45531960456924 280.0002158542456 4.8102560006082058
391 280.4520709262822 280.00021589012744 4.8224920006468892
392 280.44885124560807 280.00021592568584 4.8347140001133084
393 280.44566030227099 280.00021596092728 4.8469540001824498
394 280.44249783834545 280.00021599585477 4.8591740000993013
395 280.43936359821646 280.00021603046872 4.8714180001989007
396 280.43625732858442 280.00021606477526 4.8836500002071261
397 280.43317877841594 280.00021609877712 4.8958630003035069
398 280.43012769894159 280.00021613247247 4.9080690005794168
399 280.42710384363113 280.00021616586878 4.9202859997749329
400 280.42410696816978 280.00021619896671 4.9324900005012751
401 280.42113683043885 280.00021623176673 4.9448079997673631
402 280.41819319050165 280.00021626428077 4.9571540001779795
403 280.41527581057829 280.00021629650161 4.9693720005452633
404 280.41238445502472 280.00021632842947 4.9816000005230308
405 280.40951889031794 280.00021636007733 4.9938019998371601
406 280.40667888503492 280.00021639144529 5.0060820002108812
407 280.40386420983543 280.00021642252727 5.0183020001277328
408 280.40107463743874 280.00021645334027 5.0305869998410344
409 280.39830994260643 280.0002164838736 5.0427890000864863
410 280.39556990212901 280.00021651413761 5.054992999881506
411 280.39285429479941 280.00021654412649 5.067208000458777
412 280.39016290140245 280.00021657385128 5.0794430002570152
413 280.38749550468816 280.00021660330924 5.0916820000857115
414 280.38485188936534 280.00021663250487 5.1039180001243949
415 280.38223184207692 280.00021666144215 5.1161340000107884
416 280.37963515138046 280.00021669012273 5.1283649997785687
417 280.37706160773268 280.00021671854375 5.1405920004472136
418 280.37451100347926 280.00021674670984 5.1528289997950196
419 280.37198313283011 280.00021677462894 5.1650520004332066
420 280.36947779183345 280.00021680230054 5.1772819999605417
421 280.36699477838528 280.00021682972323 5.1894970005378127
422 280.36453389219179 280.00021685690177 5.2016610000282526
423 280.36209493475701 280.00021688383828 5.2138910004869103
424 280.35967770936844 280.00021691053286 5.2261220002546906
425 280.35728202108248 280.00021693699222 5.23836600035429
426 280.35490767670541 280.00021696321346 5.2505480004474521
427 280.35255448477483 280.00021698920432 5.2627750001847744
428 280.35022225556173 280.00021701496308 5.2750059999525547
429 280.34791080102741 280.00021704048862 5.2872090004384518
430 280.34561993482731 280.00021706578929 5.2994410004466772
431 280.34334947229058 280.00021709086326 5.3115849997848272
432 280.34109923040143 280.00021711571497 5.3238140000030398
433 280.33886902779585 280.00021714034665 5.3360470002517104
434 280.33665868473213 280.0002171647576 5.3483190005645156
435 280.33446802308305 280.00021718895312 5.3605850003659725
436 280.33229686632092 280.0002172129287 5.3728590002283454
437 280.33014503950847 280.00021723669687 5.3851060001179576
438 280.32801236927418 280.00021726024522 5.3973610000684857
439 280.32589868380109 280.00021728359621 5.4095940003171563
440 280.32380381282104 280.00021730672836 5.42179000005126
441 280.32172758759077 280.0002173296582 5.4340059999376535
442 280.31966984088348 280.00021735238693 5.4462990006431937
443 280.31763040697177 280.00021737491045 5.4585239998996258
444 280.3156091216249 280.00021739723275 5.4707519998773932
445 280.31360582207094 280.00021741935706 5.4829810000956059
446 280.31162034701293 280.00021744128827 5.4952290002256632
447 280.30965253659269 280.00021746301871 5.5074289999902248
448 280.30770223239858 280.00021748456021 5.5196639997884631
449 280.30576927742442 280.00021750590338 5.531891000457108
450 280.30385351608845 280.00021752706328 5.5441470006480813
451 280.30195479420081 280.00021754802924 5.5563510004431009
452 280.30007295895109 280.00021756881364 5.5685640005394816
453 280.29820785890394 280.00021758941529 5.5808009998872876
454 280.29635934398908 280.00021760983032 5.5930470004677773
455 280.29452726546816 280.00021763006453 5.6052649999037385
456 280.2927114759575 280.00021765011911 5.6174800004810095
457 280.29091182937896 280.00021766999612 5.629674999974668
458 280.28912818097535 280.00021768969305 5.6419160002842546
459 280.28736038728289 280.00021770921768 5.6541760005056858
460 280.28560830613691 280.00021772856587 5.6663899999111891
461 280.28387179662673 280.00021774774518 5.6786160003393888
462 280.2821507191328 280.00021776675254 5.6908400002866983
463 280.28044493526903 280.00021778559272 5.7030629999935627
464 280.27875430789589 280.00021780426385 5.7152960002422333
465 280.27707870111067 280.00021782276849 5.7274830006062984
466 280.27541798022725 280.00021784110913 5.7397119998931885
467 280.27377201176046 280.00021785929312 5.751927999779582
468 280.27214066343566 280.00021787730549 5.7641500001773238
469 280.27052380415279 280.0002178951633 5.7763480003923178
470 280.26892130400324 280.00021791285866 5.7885650005191565
471 280.26733303422583 280.00021793040474 5.8007840001955628
472 280.26575886722981 280.00021794778718 5.8130020005628467
473 280.26419867656114 280.00021796501642 5.8252170002087951
474 280.26265233690515 280.00021798209866 5.8374500004574656
475 280.26111972407068 280.00021799902368 5.8496850002557039
476 280.25960071497724 280.00021801579834 5.8619429999962449
477 280.25809518765072 280.00021803242566 5.8742450000718236
478 280.2566030212144 280.00021804890599 5.8864830005913973
479 280.25512409587344 280.00021806523665 5.8987170001491904
480 280.2536582929074 280.00021808142805 5.9109420003369451
481 280.25220549465797 280.00021809747255 5.923144000582397
482 280.25076558453367 280.00021811337547 5.9353480003774166
483 280.24933844697767 280.00021812913576 5.9475899999961257
484 280.24792396747438 280.00021814475679 5.959816999733448
485 280.24652203253481 280.00021816023963 5.9720550002530217
486 280.24513252968762 280.00021817558581 5.9842960005626082
487 280.24375534747554 280.0002181907937 5.9965740004554391
488 280.24239037543197 280.00021820586738 6.0090159997344017
489 280.24103750409267 280.00021822081305 6.0215410003438592
490 280.23969662496427 280.00021823562167 6.0337840002030134
491 280.23836763053339 280.00021825030018 6.0460020005702972
492 280.23705041424961 280.00021826484596 6.0582170002162457
493 280.23574487052099 280.00021827926372 6.0704450001940131
494 280.2344508946951 280.00021829355609 6.082659000530839
495 280.23316838307085 280.00021830772187 6.094891999848187
496 280.23189723286686 280.00021832175827 6.1071210000663996
497 280.23063734222524 280.00021833567223 6.1193350004032254
498 280.22938861020538 280.0002183494617 6.131551000289619
499 280.22815093677156 280.00021836313368 6.1437619999051094
500 280.2269242227826 280.00021837667833 6.15599500015378
501 280.22570836998892 280.00021839011083 6.1682440005242825
502 280.22450328102337 280.00021840341918 6.1804800005629659
503 280.22330885939056 280.00021841661282 6.1927230004221201
504 280.22212500946466 280.00021842968431 6.2049420000985265
505 280.22095163646657 280.00021844264336 6.2171590002253652
506 280.2197886464802 280.00021845548832 6.2293859999626875
507 280.21863594642656 280.00021846821699 6.24163500033319
508 280.21749344406055 280.0002184808352 6.2538769999518991
509 280.21636104796164 280.00021849334297 6.2660870002582669
510 280.21523866754058 280.0002185057395 6.2783479997888207
511 280.21412621301153 280.00021851802637 6.2905370006337762
512 280.21302359539504 280.00021853019945 6.3027499997988343
513 280.21193072651096 280.00021854227157 6.3149810004979372
514 280.21084751896876 280.00021855423 6.3272010004147887
515 280.20977388616467 280.0002185660926 6.3394330004230142
516 280.20870974226892 280.00021857784355 6.3516830001026392
517 280.20765500222819 280.00021858949015 6.3639420000836253
518 280.20660958173812 280.00021860103823 6.3762619998306036
519 280.20557339726622 280.00021861248172 6.3884600000455976
520 280.20454636601897 280.0002186238255 6.4007100006565452
521 280.20352840594774 280.00021863506794 6.4129600003361702
522 280.20251943574578 280.00021864621056 6.4251830000430346
523 280.2015193748253 280.00021865725358 6.4374120002612472
524 280.2005281433282 280.00021866820123 6.4496309999376535
525 280.19954566211595 280.0002186790507 6.4618690004572272
526 280.19857185275004 280.0002186898048 6.4741110000759363
527 280.1976066375035 280.00021870046669 6.4863670002669096
528 280.1966499393393 280.00021871103132 6.4985800003632903
529 280.19570168192291 280.00021872150216 6.5108249997720122
530 280.19476178959098 280.00021873188496 6.5230459999293089
531 280.19383018736784 280.00021874217538 6.5352659998461604
532 280.19290680094775 280.00021875237201 6.547495000064373
533 280.19199155669122 280.00021876248024 6.5596989998593926
534 280.19108438161987 280.00021877250066 6.5719309998676181
535 280.19018520341086 280.00021878242944 6.5841479999944568
536 280.18929395038606 280.00021879227245 6.5963850002735853
537 280.18841055151154 280.00021880202809 6.6086309999227524
538 280.18753493639758 280.00021881170153 6.6208410002291203
539 280.18666703527362 280.0002188212851 6.633063000626862
540 280.18580677900843 280.00021883078409 6.6453020004555583
541 280.18495409907541 280.00021884020288 6.6575250001624227
542 280.18410892757487 280.00021884953674 6.6697249999269843
543 280.18327119721334 280.00021885879073 6.6819290006533265
544 280.18244084129776 280.00021886795975 6.6942360000684857
545 280.18161779373696 280.00021887705213 6.7064500004053116
546 280.18080198902987 280.00021888606113 6.718661000020802
547 280.17999336226183 280.00021889499095 6.7308870004490018
548 280.17919184910244 280.00021890384517 6.7431150004267693
549 280.17839738580017 280.00021891261252 6.7553530000150204
550 280.17760990917503 280.00021892131525 6.7675769999623299
551 280.17682935660832 280.00021892993897 6.7797860000282526
552 280.17605566605016 280.00021893847958 6.792026000097394
553 280.1752887760004 280.00021894694754 6.8042580001056194
554 280.1745286255146 280.00021895534661 6.8165000006556511
555 280.17377515419525 280.0002189636636 6.8287129998207092
556 280.17302830218176 280.00021897191471 6.8409540001302958
557 280.17228801015824 280.00021898008907 6.853192999958992
558 280.17155421933512 280.0002189881929 6.8654510006308556
559 280.17082687145017 280.00021899622845 6.877729999832809
560 280.1701059087664 280.00021900419182 6.8899710001423955
561 280.16939127406164 280.00021901207975 6.9022129997611046
562 280.1686829106327 280.00021901990465 6.9144370006397367
563 280.16798076227633 280.00021902765963 6.9266370004042983
564 280.16728477329923 280.00021903534889 6.9388739997521043
565 280.166594888509 280.00021904296688 6.9511280003935099
566 280.16591105319856 280.00021905051972 6.9632750004529953
567 280.16523321316646 280.00021905800344 6.9755079997703433
568 280.16456131468328 280.00021906542571 6.9877479998394847
569 280.16389530451079 280.00021907278278 6.9999890001490712
570 280.16323512988293 280.00021908007318 7.012219000607729
571 280.16258073851225 280.00021908730042 7.0244580004364252
572 280.16193207857327 280.00021909445934 7.0366790005937219
573 280.1612890987098 280.0002191015659 7.048917000181973
574 280.16065174802742 280.0002191086017 7.0611479999497533
575 280.16001997608038 280.00021911558264 7.0733920000493526
576 280.15939373289029 280.00021912249656 7.0856159999966621
577 280.15877296890693 280.00021912935222 7.0978760002180934
578 280.15815763504452 280.0002191361487 7.1100970003753901
579 280.15754768264276 280.00021914288862 7.1223090002313256
580 280.15694306348723 280.00021914956614 7.1345429997891188
581 280.15634372979059 280.00021915618203 7.1467749997973442
582 280.155749634193 280.00021916274198 7.1590149998664856
583 280.15516072976288 280.00021916924675 7.1712319999933243
584 280.15457696999039 280.00021917569364 7.183437000028789
585 280.15399830878073 280.00021918208404 7.1956670004874468
586 280.15342470045039 280.00021918842202 7.207906000316143
587 280.15285609973012 280.00021919469975 7.2201439999043941
588 280.15229246175301 280.00021920092439 7.23235800024122
589 280.15173374205779 280.00021920709412 7.2445950005203485
590 280.15117989657762 280.00021921320939 7.2568120006471872
591 280.15063088164561 280.00021921927561 7.2690400006249547
592 280.15008665398352 280.00021922528646 7.2812680006027222
593 280.1495471707006 280.0002192312424 7.2934900000691414
594 280.1490123892944 280.00021923715116 7.3057000003755093
595 280.14848226763939 280.00021924300358 7.3179409997537732
596 280.14795676398876 280.00021924880406 7.3301579998806119
597 280.14743583697498 280.00021925455928 7.3423910001292825
598 280.14691944559513 280.0002192602629 7.3546219998970628
599 280.14640754921527 280.00021926592092 7.366864999756217
600 280.14590010757303 280.00021927152136 7.3791730003431439
601 280.14539708075182 280.00021927707735 7.3914280002936721
602 280.1448984292096 280.00021928258423 7.4036600003018975
603 280.1444041137496 280.00021928804364 7.415892000310123
604 280.14391409552957 280.00021929345598 7.4281060006469488
605 280.14342833605514 280.00021929882064 7.440336000174284
606 280.14294679717437 280.00021930414061 7.4525730004534125
607 280.1424694410839 280.00021930941165 7.4648139998316765
608 280.14199623031215 280.00021931463453 7.4770450005307794
609 280.14152712772949 280.00021931981547 7.4892699997872114
610 280.14106209653386 280.00021932495349 7.501503000035882
611 280.14060110025503 280.00021933004473 7.5137280002236366
612 280.14014410275672 280.00021933509208 7.5260000005364418
613 280.13969106821446 280.00021934009504 7.5382249997928739
614 280.13924196113885 280.00021934505565 7.5504590002819896
615 280.13879674634478 280.00021934997193 7.5626860000193119
616 280.1383553889699 280.00021935484671 7.5749030001461506
617 280.13791785446671 280.00021935967789 7.5871360003948212
618 280.13748410859137 280.00021936446404 7.5993600003421307
619 280.13705411741722 280.00021936921479 7.6115690004080534
620 280.13662784730593 280.00021937392188 7.6237949999049306
621 280.13620526494003 280.00021937858884 7.6360240001231432
622 280.13578633728042 280.00021938321788 7.648242000490427
623 280.13537103160365 280.00021938780594 7.6604810003191233
624 280.13495931546527 280.00021939234961 7.6726759998127818
625 280.13455115671957 280.00021939685723 7.6849030004814267
626 280.13414652350696 280.00021940132348 7.69711699988693
627 280.13374538425347 280.00021940575556 7.7093449998646975
628 280.13334770766795 280.00021941015018 7.7215720005333424
629 280.13295346274043 280.0002194145062 7.7337810005992651
630 280.13256261873715 280.00021941881857 7.7459690002724528
631 280.132175145205 280.00021942310246 7.7582170004025102
632 280.13179101195908 280.00021942734617 7.7704420005902648
633 280.13141018908703 280.00021943154894 7.7826709998771548
634 280.13103264694217 280.00021943571937 7.7949069999158382
635 280.13065835614884 280.00021943985701 7.807115999981761
636 280.13028728759184 280.00021944395331 7.8193720001727343
637 280.12991941241535 280.00021944801733 7.8315530000254512
638 280.12955470202706 280.00021945204418 7.8437580000609159
639 280.12919312808316 280.00021945603714 7.8559720003977418
640 280.12883466250645 280.00021945999941 7.8682040004059672
641 280.12847927746049 280.00021946392491 7.8804719997569919
642 280.12812694535927 280.00021946781703 7.8927110005170107
643 280.12777763886925 280.00021947167249 7.9049580004066229
644 280.12743133090174 280.00021947549624 7.9171910006552935
645 280.12708799460574 280.00021947928832 7.9294199999421835
646 280.12674760337535 280.00021948304635 7.9416850004345179
647 280.12641013084448 280.00021948677312 7.9538799999281764
648 280.12607555088135 280.00021949046828 7.9661240000277758
649 280.12574383758647 280.00021949413298 7.9783350005745888
650 280.12541496529349 280.00021949776647 7.9905550004914403
651 280.12508890856896 280.00021950136767 8.0027839997783303
652 280.12476564220424 280.00021950493772 8.0150170000270009
653 280.1244451412212 280.00021950847696 8.0272280005738139
654 280.12412738086016 280.00021951198806 8.0394470002502203
655 280.12381233659079 280.00021951546654 8.0516830002889037
656 280.12349998409218 280.00021951891432 8.063910000026226
657 280.12319029927312 280.00021952233499 8.0761400004848838
658 280.1228832582496 280.00021952572689 8.0883729998022318
659 280.12257883735526 280.00021952908799 8.1005620006471872
660 280.12227701313543 280.00021953242083 8.1128010004758835
661 280.12197776234723 280.00021953572343 8.1250240001827478
662 280.12168106195367 280.0002195390021 8.1372370002791286
663 280.1213868891266 280.00021954225446 8.1494850004091859
664 280.12109522124251 280.00021954547657 8.1617000000551343
665 280.12080603588072 280.00021954866941 8.1739330003038049
666 280.12051931081862 280.00021955183371 8.1861540004611015
667 280.12023502403798 280.00021955497368 8.1983810001984239
668 280.11995315371092 280.00021955808711 8.2106210002675653
669 280.11967367821512 280.00021956117303 8.2228500004857779
670 280.11939657610986 280.00021956423427 8.235084000043571
671 280.11912182616101 280.00021956726664 8.2473100004717708
672 280.11884940730988 280.00021957027593 8.2595170000568032
673 280.11857929870104 280.00021957326254 8.2717120004817843
674 280.11831147965694 280.00021957621971 8.283929000608623
675 280.11804592968338 280.00021957915305 8.2961600003764033
676 280.11778262848026 280.00021958206293 8.308385000564158
677 280.11752155591813 280.00021958494369 8.3206010004505515
678 280.11726269205906 280.0002195878007 8.3328360002487898
679 280.11700601713113 280.00021959063611 8.3450349997729063
680 280.11675151155424 280.00021959344809 8.3572970004752278
681 280.11649915591187 280.00021959623689 8.369607999920845
682 280.11624893096962 280.00021959899698 8.3818469997495413
683 280.11600081765926 280.00021960173984 8.3940670005977154
684 280.11575479708273 280.00021960445707 8.4063060004264116
685 280.11551085052628 280.0002196071506 8.418550000526011
686 280.11526895942563 280.00021960982014 8.4307989999651909
687 280.11502910538997 280.00021961247103 8.4429550003260374
688 280.11479127019396 280.00021961509844 8.4552050000056624
689 280.11455543577654 280.00021961770267 8.4674559999257326
690 280.11432158423997 280.00021962028092 8.4796989997848868
691 280.11408969783793 280.00021962284399 8.4919309997931123
692 280.11385975899526 280.00021962538301 8.5041589997708797
693 280.11363175028947 280.00021962790464 8.5163920000195503
694 280.11340565445005 280.00021963039831 8.5286110006272793
695 280.1131814543686 280.00021963287884 8.5408549997955561
696 280.11295913308174 280.00021963532947 8.5530620003119111
697 280.11273867379128 280.00021963776624 8.5653290003538132
698 280.11252005983249 280.00021964018032 8.5775110004469752
699 280.11230327470332 280.00021964257405 8.5897340001538396
700 280.11208830204703 280.00021964494687 8.6019790004938841
701 280.11187512565158 280.00021964730314 8.6141459997743368
702 280.11166372944717 280.00021964964014 8.6263760002329946
703 280.11145409751521 280.00021965195367 8.63860800024122
704 280.11124621407549 280.00021965424997 8.6508309999480844
705 280.11104006349109 280.00021965652434 8.6630370002239943
706 280.11083563026108 280.00021965878489 8.6752490000799298
707 280.11063289903086 280.00021966102162 8.6874679997563362
708 280.11043185457646 280.00021966324459 8.6997100003063679
709 280.11023248181516 280.00021966544392 8.7119370000436902
710 280.11003476579884 280.00021966762836 8.7241639997810125
711 280.10983869170889 280.00021966979244 8.7363630002364516
712 280.10964424486389 280.00021967194283 8.7485929997637868
713 280.10945141071824 280.00021967407082 8.7608130006119609
714 280.1092601748436 280.00021967618301 8.7731030005961657
715 280.10907052295693 280.00021967827871 8.7853290000930429
716 280.10888244089097 280.00021968035423 8.7975550005212426
717 280.10869591461153 280.00021968241174 8.8098069997504354
718 280.10851093020705 280.00021968446026 8.8220389997586608
719 280.10832747389429 280.00021968648224 8.8342669997364283
720 280.10814553201368 280.00021968849097 8.8464910006150603
721 280.10796509102198 280.00021969048782 8.8586999997496605
722 280.10778613750625 280.00021969245989 8.8710440006107092
723 280.10760865816542 280.00021969442037 8.883291999809444
724 280.10743263982164 280.00021969636578 8.8955220002681017
725 280.10725806941514 280.0002196982943 8.9077540002763271
726 280.10708493400409 280.00021970020595 8.9199940003454685
727 280.10691322076764 280.00021970209821 8.9322410002350807
728 280.10674291698251 280.00021970398382 8.9444880001246929
729 280.10657401005847 280.00021970584908 8.9567240001633763
730 280.1064064875132 280.00021970770183 8.9689710000529885
731 280.10624033696695 280.00021970952889 8.9812400005757809
732 280.10607554616246 280.00021971135232 8.9934720005840063
733 280.10591210294524 280.0002197131563 9.0057060001417994
734 280.10574999527296 280.00021971494391 9.017926000058651
735 280.10558921121446 280.00021971672095 9.0301480004563928
736 280.10542973893837 280.00021971848093 9.0423760004341602
737 280.10527156672265 280.00021972023342 9.0546080004423857
738 280.10511468295215 280.00021972196072 9.0668250005692244
739 280.10495907611505 280.00021972368216 9.0790600003674626
740 280.10480473479851 280.0002197253894 9.0912819998338819
741 280.10465164769897 280.00021972707469 9.1034850003197789
742 280.10449980360795 280.00021972875294 9.1157149998471141
743 280.10434919142523 280.00021973041555 9.1279060002416372
744 280.1041998001391 280.00021973206668 9.1401220001280308
745 280.10405161884626 280.00021973370161 9.1523569999262691
746 280.10390463673752 280.00021973532586 9.164499000646174
747 280.1037588430986 280.00021973693674 9.1767190005630255
748 280.1036142273162 280.00021973853063 9.1889939997345209
749 280.10347077887133 280.00021974011577 9.2012090003117919
750 280.10332848733111 280.00021974169027 9.2134600002318621
751 280.10318734236569 280.00021974324937 9.2256859997287393
752 280.10304733373681 280.00021974479574 9.2378759998828173
753 280.10290845129532 280.00021974632546 9.2501030005514622
754 280.10277068497817 280.00021974785113 9.2623169999569654
755 280.10263402482155 280.00021974935743 9.2745550004765391
756 280.10249846095348 280.00021975085542 9.2867839997634292
757 280.10236398357489 280.00021975234142 9.2989920005202293
758 280.10223058298999 280.00021975381395 9.3112040003761649
759 280.10209824958014 280.00021975527517 9.3234370006248355
760 280.10196697382122 280.00021975672189 9.3356690006330609
761 280.10183674626688 280.00021975816304 9.3478790000081062
762 280.10170755755911 280.00021975959049 9.360109000466764
763 280.10157939842611 280.00021976100646 9.3724159998819232
764 280.10145225967301 280.00021976241152 9.3846540004014969
765 280.10132613219207 280.00021976380572 9.3969360003247857
766 280.10120100695843 280.00021976518525 9.409167000092566
767 280.10107687502534 280.00021976655762 9.4214010005816817
768 280.10095372752102 280.00021976791652 9.4336230000481009
769 280.10083155566713 280.00021976926655 9.4458579998463392
770 280.10071035075305 280.00021977060447 9.4581089997664094
771 280.10059010414801 280.00021977193381 9.4703560005873442
772 280.10047080729834 280.00021977325252 9.4826020002365112
773 280.1003524517281 280.00021977455515 9.4948380002751946
774 280.10023502904289 280.00021977585607 9.5070639997720718
775 280.10011853091561 280.00021977714442 9.5192619999870658
776 280.10000294909298 280.00021977842033 9.5315020000562072
777 280.09988827540644 280.00021977968419 9.5437280004844069
778 280.09977450174756 280.00021978094145 9.5559430001303554
779 280.09966162008732 280.00021978218734 9.5681710001081228
780 280.09954962247156 280.00021978341971 9.5803979998454452
781 280.09943850101178 280.00021978465372 9.5926179997622967
782 280.09932824788979 280.00021978587063 9.6048760004341602
783 280.09921885536306 280.00021978707946 9.6171010006219149
784 280.09911031575814 280.00021978827465 9.6293259998783469
785 280.09900262146232 280.00021978946347 9.6415579998865724
786 280.09889576493947 280.00021979064798 9.6537810005247593
787 280.09878973871565 280.00021979181776 9.6660150000825524
788 280.09868453538672 280.00021979297702 9.6782360002398491
789 280.09858014761585 280.00021979413458 9.6904520001262426
790 280.09847656813184 280.00021979527463 9.7026800001040101
791 280.09837378972753 280.00021979641309 9.7149100005626678
792 280.09827180525576 280.00021979753689 9.7271300004795194
793 280.09817060764317 280.00021979865562 9.7393559999763966
794 280.09807018987181 280.00021979976458 9.7515730001032352
795 280.09797054499234 280.00021980086507 9.7637999998405576
796 280.09787166611056 280.0002198019564 9.776027999818325
797 280.09777354640357 280.00021980303836 9.7881700005382299
798 280.09767617910103 280.00021980411782 9.8004010003060102
799 280.09757955749791 280.00021980518437 9.8126760004088283
800 280.09748367494763 280.00021980623956 9.8249050006270409
801 280.09738852486817 280.00021980729622 9.8371310001239181
802 280.09729410072543 280.00021980833714 9.8493610005825758
803 280.09720039605259 280.00021980937203 9.8616030002012849
804 280.09710740444206 280.00021981039561 9.8738609999418259
805 280.09701511953722 280.0002198114172 9.8860920006409287
806 280.096923535043 280.00021981242963 9.8983200006186962
807 280.09683264471477 280.00021981343252 9.9105420000851154
808 280.09674244237851 280.00021981442825 9.9227729998528957
809 280.09665292189663 280.00021981541607 9.9350070003420115
810 280.09656407719746 280.00021981640219 9.9472340000793338
811 280.09647590227024 280.0002198173712 9.9594710003584623
812 280.09638839113688 280.00021981833964 9.9716790001839399
813 280.09630153789408 280.00021981930229 9.9839050006121397
814 280.09621533667911 280.00021982025578 9.9961100006476045
815 280.09612978168605 280.00021982119699 10.008325000293553
816 280.09604486716643 280.00021982213269 10.020608000457287
817 280.09596058741141 280.00021982306237 10.032805000431836
818 280.09587693677031 280.00021982398624 10.045043000020087
819 280.09579390964552 280.00021982490409 10.057264000177383
820 280.09571150048191 280.0002198258137 10.06950500048697
821 280.0956297037813 280.0002198267162 10.081733000464737
822 280.09554851409376 280.00021982761467 10.093958999961615
823 280.09546792601645 280.00021982850825 10.106180000118911
824 280.09538793419443 280.00021982938893 10.118389000184834
825 280.09530853331796 280.00021983026545 10.130615000613034
826 280.09522971812993 280.00021983113646 10.142824999988079
827 280.09515148342632 280.00021983199986 10.155021999962628
828 280.09507382403211 280.00021983286115 10.167243000119925
829 280.09499673483566 280.00021983370726 10.179469999857247
830 280.0949202107625 280.00021983455218 10.191692000254989
831 280.09484424678215 280.00021983539381 10.203918999992311
832 280.09476883791876 280.00021983622543 10.21614299993962
833 280.09469397923374 280.00021983705426 10.228409999981523
834 280.09461966583143 280.00021983787559 10.240612000226974
835 280.09454589286008 280.00021983869073 10.252822999842465
836 280.09447265552194 280.0002198394983 10.265034000389278
837 280.09439994904642 280.000219840299 10.277289000339806
838 280.09432776872069 280.00021984109696 10.289509000256658
839 280.09425610986148 280.00021984188885 10.301725000143051
840 280.09418496783439 280.00021984267516 10.313939000479877
841 280.09411433804883 280.00021984345227 10.326162000186741
842 280.09404421594667 280.00021984422756 10.338357000611722
843 280.09397459701927 280.00021984499517 10.350705999881029
844 280.09390547679237 280.00021984576 10.362931000068784
845 280.09383685083782 280.00021984651676 10.375176000408828
846 280.09376871476366 280.00021984726737 10.387424000538886
847 280.09370106421483 280.00021984801697 10.39966700039804
848 280.09363389487561 280.00021984875576 10.411886000074446
849 280.09356720247666 280.00021984949586 10.424128000624478
850 280.09350098277724 280.00021985022732 10.436379000544548
851 280.09343523158088 280.00021985095378 10.448611000552773
852 280.09336994472864 280.00021985167507 10.460853000171483
853 280.09330511809543 280.00021985239209 10.473079999908805
854 280.09324074758962 280.00021985310212 10.485278000123799
855 280.09317682916833 280.00021985380772 10.497519999742508
856 280.09311335881586 280.00021985450428 10.509720999747515
857 280.09305033255464 280.00021985520465 10.521941000595689
858 280.09298774643707 280.00021985589541 10.534172000363469
859 280.0929255965662 280.00021985658151 10.546395000070333
860 280.092863879064 280.00021985726312 10.558565000072122
861 280.09280259009466 280.00021985794081 10.570795999839902
862 280.09274172585594 280.00021985861116 10.583004999905825
863 280.0926812825785 280.00021985928203 10.595193999819458
864 280.09262125652924 280.00021985994363 10.607424000278115
865 280.09256164400489 280.00021986060381 10.619663000106812
866 280.09250244134341 280.00021986125677 10.631887000054121
867 280.09244364489882 280.00021986190478 10.644115000031888
868 280.09238525107935 280.00021986255263 10.656310999765992
869 280.0923272563054 280.00021986318978 10.668545000255108
870 280.09226965704818 280.00021986382563 10.680739999748766
871 280.09221244979148 280.00021986445853 10.692971999756992
872 280.09215563106648 280.00021986508733 10.705145000480115
873 280.0920991974304 280.00021986570869 10.717350999824703
874 280.09204314546099 280.0002198663251 10.729605000466108
875 280.0919874717855 280.00021986694469 10.741857000626624
876 280.09193217305022 280.0002198675565 10.754104999825358
877 280.09187724592647 280.00021986816068 10.766343000344932
878 280.09182268712846 280.00021986876447 10.778575000353158
879 280.0917684933944 280.00021986936412 10.790823000483215
880 280.09171466148575 280.00021986995722 10.803075999952853
881 280.09166118819752 280.00021987054691 10.815301000140607
882 280.09160807035653 280.00021987113195 10.827531000599265
883 280.09155530481354 280.00021987171675 10.839742000214756
884 280.09150288845274 280.00021987229468 10.852016000077128
885 280.09145081817815 280.0002198728701 10.864192999899387
886 280.09139909093244 280.00021987344013 10.876497000455856
887 280.09134770367399 280.00021987400646 10.888745999895036
888 280.09129665339026 280.00021987457382 10.900979000143707
889 280.09124593711158 280.00021987513225 10.913201999850571
890 280.0911955518734 280.00021987569215 10.925437999889255
891 280.09114549474958 280.00021987624336 10.93756499979645
892 280.09109576283731 280.00021987679224 10.949792000465095
893 280.09104635325946 280.00021987734016 10.962005000561476
894 280.09099726316509 280.00021987788256 10.974237999878824
895 280.09094848973268 280.00021987841507 10.986468000337481
896 280.09090003015825 280.00021987895087 10.998697999864817
897 280.09085188167148 280.00021987948492 11.01090900041163
898 280.0908040415178 280.00021988001151 11.023134000599384
899 280.09075650697139 280.0002198805393 11.035354999825358
900 280.09070927533338 280.00021988105829 11.047566000372171
901 280.09066234393373 280.00021988157624 11.059826999902725
902 280.09061571010881 280.0002198820896 11.072026000358164
903 280.0905693712358 280.00021988260136 11.084208000451326
904 280.09052332470998 280.00021988311386 11.096398000605404
905 280.09047756794661 280.00021988361777 11.108616000041366
906 280.09043209838893 280.00021988412169 11.12084100022912
907 280.09038691349861 280.00021988462214 11.133024000562727
908 280.09034201076963 280.00021988511139 11.145267000421882
909 280.09029738769868 280.00021988560809 11.157488999888301
910 280.09025304183331 280.00021988609848 11.169730000197887
911 280.09020897071264 280.00021988658699 11.181947000324726
912 280.09016517192271 280.00021988706601 11.194172000512481
913 280.09012164305545 280.00021988754656 11.206408999860287
914 280.09007838173221 280.00021988802644 11.218628999777138
915 280.09003538559296 280.00021988850193 11.230863000266254
916 280.08999265229517 280.00021988897589 11.243096999824047
917 280.08995017953077 280.00021988944565 11.255317999981344
918 280.08990796499501 280.00021988991097 11.267578000202775
919 280.08986600641356 280.00021989037424 11.279777000658214
920 280.08982430153247 280.00021989083331 11.292003000155091
921 280.08978284811286 280.0002198912897 11.304227000102401
922 280.08974164394243 280.00021989174377 11.316453000530601
923 280.08970068682413 280.00021989220079 11.328635999932885
924 280.08965997458296 280.00021989264951 11.34086300060153
925 280.08961950505977 280.00021989309528 11.353116000071168
926 280.08957927611738 280.00021989353638 11.365345000289381
927 280.08953928564347 280.00021989398408 11.377659999765456
928 280.08949953153393 280.00021989441973 11.389891000464559
929 280.08946001171017 280.00021989485498 11.402104000560939
930 280.0894207241077 280.00021989529063 11.414347000420094
931 280.08938166668753 280.00021989572406 11.4265839997679
932 280.08934283742087 280.00021989615004 11.438804000616074
933 280.08930423430587 280.00021989657876 11.451044999994338
934 280.08926585534891 280.00021989700235 11.463286000303924
935 280.08922769858083 280.00021989742254 11.475527000613511
936 280.08918976205126 280.00021989784227 11.487766999751329
937 280.08915204381964 280.0002198982562 11.499991999939084
938 280.08911454197397 280.00021989867093 11.512205000035465
939 280.08907725460398 280.0002198990843 11.524427999742329
940 280.089040179834 280.00021989948874 11.5366430003196
941 280.08900331579213 280.00021989990165 11.548895999789238
942 280.08896666063134 280.00021990030302 11.561116999946535
943 280.08893021251157 280.00021990070593 11.573339000344276
944 280.08889396961922 280.00021990110395 11.585559000261128
945 280.08885793015662 280.00021990150276 11.597791000269353
946 280.08882209233298 280.00021990189987 11.610023000277579
947 280.08878645438176 280.00021990229209 11.622262000106275
948 280.08875101454811 280.00021990268334 11.634484000504017
949 280.08871577109585 280.00021990307374 11.646712000481784
950 280.08868072230132 280.00021990346085 11.658963000401855
951 280.08864586645996 280.00021990384698 11.671188999898732
952 280.08861120187868 280.00021990422613 11.683465000241995
953 280.08857672688646 280.00021990460823 11.695691999979317
954 280.08854243981335 280.00021990498988 11.707918000407517
955 280.08850833901926 280.00021990536749 11.720138000324368
956 280.08847442287441 280.0002199057414 11.732371000573039
957 280.08844068975537 280.00021990611219 11.74454199988395
958 280.08840713806507 280.00021990648173 11.756771000102162
959 280.08837376621449 280.00021990685292 11.769003000110388
960 280.08834057262681 280.00021990721649 11.781236000359058
961 280.08830755574343 280.00021990758495 11.793444000184536
962 280.08827471402162 280.00021990794755 11.805633000098169
963 280.08824204592679 280.00021990830959 11.81787300016731
964 280.08820954994252 280.00021990866691 11.830126000568271
965 280.08817722456365 280.00021990902718 11.842360000126064
966 280.08814506829594 280.00021990937449 11.854582999832928
967 280.08811307966823 280.00021990973306 11.866814000532031
968 280.08808125720805 280.00021991008254 11.8791009997949
969 280.08804959947071 280.00021991043207 11.891351000405848
970 280.08801810501342 280.00021991078188 11.903579000383615
971 280.08798677241839 280.00021991112902 11.915814000181854
972 280.08795560026226 280.00021991147048 11.928036000579596
973 280.08792458714873 280.00021991181507 11.940258000046015
974 280.08789373169554 280.00021991215328 11.952499000355601
975 280.08786303251958 280.00021991249463 11.964739999733865
976 280.08783248826199 280.00021991282892 11.976962000131607
977 280.0878020975739 280.00021991317135 11.989187000319362
978 280.08777185911418 280.00021991349882 12.001419000327587
979 280.0877417715563 280.00021991383267 12.013683000579476
980 280.08771183358891 280.0002199141619 12.025906000286341
981 280.08768204390424 280.00021991449535 12.038077000528574
982 280.08765240121284 280.00021991482043 12.050305000506341
983 280.08762290423988 280.00021991514376 12.062555000185966
984 280.08759355171156 280.00021991547146 12.074796999804676
985 280.08756434237017 280.00021991579428 12.087028999812901
986 280.08753527497521 280.00021991611158 12.099252999760211
987 280.08750634829062 280.00021991643251 12.111450999975204
988 280.08747756108932 280.0002199167497 12.123677000403404
989 280.08744891216361 280.00021991706922 12.13586900010705
990 280.08742040030808 280.00021991737941 12.14801499992609
991 280.0873920243389 280.00021991769125 12.160257000476122
992 280.08736378306628 280.0002199180052 12.172443999908864
993 280.08733567532977 280.00021991831392 12.184648999944329
994 280.08730769996271 280.00021991862951 12.196878000162542
995 280.08727985582141 280.00021991893323 12.209087000228465
996 280.0872521417665 280.00021991923961 12.221289000473917
997 280.08722455666856 280.00021991954355 12.233529000543058
998 280.08719709940965 280.00021991984551 12.245732000097632
999 280.08716976888149 280.00021992015223 12.257947999984026
1000 280.08714256399014 280.00021992044753 12.270184000022709
