iterat. internal-T external-T elapsed-time
0 300 280 0.0074289999902248383
1 299.19999999999868 280.00000883531499 0.014505000784993172
2 298.52813741741454 280.0000162554615 0.021739000454545021
3 297.94710600452311 280.00002267245605 0.028758999891579151
4 297.43349718286157 280.00002834482461 0.035794000141322613
5 296.97180041472296 280.00003344386954 0.042266000062227249
6 296.55130638030414 280.00003808786499 0.049209000542759895
7 296.16435677203174 280.00004236139421 0.056344999931752682
8 295.80530500684097 280.00004632681345 0.063337000086903572
9 295.46987441645211 280.00005003135715 0.070358000695705414
10 295.15474864618409 280.00005351165152 0.077477999962866306
11 294.8573023636298 280.00005679669209 0.083303000777959824
12 294.57541936238187 280.00005990984721 0.090587000362575054
13 294.30736659798703 280.00006287026025 0.098095000721514225
14 294.05170493986572 280.00006569382418 0.10476800054311752
15 293.80722459684267 280.00006839389982 0.11222200002521276
16 293.57289749130433 280.00007098184273 0.11911599989980459
17 293.3478415146156 280.00007346739244 0.126095000654459
18 293.1312932699168 280.00007585898373 0.13202400039881468
19 292.92258698416094 280.00007816396322 0.13894500024616718
20 292.72113797695749 280.00008038879679 0.14596999995410442
21 292.52642954511902 280.00008253918367 0.1528099998831749
22 292.33800244262028 280.00008462019991 0.15991100016981363
23 292.15544635734511 280.00008663637522 0.16693599987775087
24 291.97839294191635 280.00008859177973 0.17399500031024218
25 291.80651006684582 280.00009049007696 0.18100100010633469
26 291.63949704460578 280.00009233459355 0.18800900038331747
27 291.47708063187963 280.00009412834299 0.19507500063627958
28 291.31901166082656 280.0000958740797 0.20207300037145615
29 291.16506218269933 280.00009757432036 0.20897500030696392
30 291.01502303191296 280.00009923137378 0.21585300005972385
31 290.86870173745893 280.00010084736709 0.22285900078713894
32 290.72592072306281 280.00010242425981 0.2287389999255538
33 290.58651574885158 280.00010396386966 0.23578500002622604
34 290.45033455612872 280.00010546787337 0.24280600063502789
35 290.3172356838665 280.00010693783685 0.24991600029170513
36 290.18708743107459 280.00010837521279 0.25728400051593781
37 290.05976694369036 280.00010978135901 0.26448800042271614
38 289.93515940824233 280.00011115754216 0.27165700029581785
39 289.81315733741303 280.00011250494975 0.27873000036925077
40 289.69365993503004 280.00011382469711 0.28585300035774708
41 289.57657253000605 280.00011511782623 0.29300100076943636
42 289.46180607024797 280.00011638532504 0.30076800007373095
43 289.34927666901331 280.00011762811528 0.30788400024175644
44 289.23890519717463 280.00011884707322 0.31563699990510941
45 289.13061691592327 280.00012004302476 0.32302700076252222
46 289.02434114502631 280.00012121674825 0.33039800077676773
47 288.92001096261004 280.00012236898567 0.33812400046736002
48 288.8175629328519 280.00012350043721 0.34526200033724308
49 288.7169368584652 280.00012461176624 0.35254999995231628
50 288.61807555530675 280.00012570360485 0.35946900025010109
51 288.52092464675064 280.00012677655337 0.36695000063627958
52 288.42543237567753 280.00012783118285 0.37399200070649385
53 288.33154943240351 280.00012886804069 0.38121100049465895
54 288.23922879678975 280.00012988764291 0.3877110006287694
55 288.14842559324381 280.00013089048662 0.39468600042164326
56 288.05909695726399 280.00013187704434 0.40169400069862604
57 287.97120191253447 280.00013284776946 0.40872200019657612
58 287.88470125742788 280.00013380309815 0.41572300065308809
59 287.79955746018936 280.00013474343905 0.42234200052917004
60 287.71573456191607 280.00013566919074 0.42925000004470348
61 287.63319808667433 280.0001365807347 0.43591600004583597
62 287.55191495810459 280.00013747843718 0.44288700073957443
63 287.47185342198685 280.00013836264907 0.44985300023108721
64 287.39298297421192 280.00013923370523 0.45681700017303228
65 287.31527429371107 280.00014009193097 0.46390500012785196
66 287.2386991799836 280.00014093763787 0.47095400001853704
67 287.1632304947679 280.0001417711249 0.47795700002461672
68 287.08884210757924 280.00014259268062 0.48500300012528896
69 287.01550884479144 280.00014340258372 0.49201400019228458
70 286.9432064419737 280.00014420110131 0.49897600058466196
71 286.87191149922893 280.00014498849202 0.5056980000808835
72 286.80160143935109 280.00014576500575 0.51274100039154291
73 286.73225446850086 280.00014653088402 0.5199350006878376
74 286.66384953931987 280.00014728635756 0.5269130002707243
75 286.59636631619782 280.00014803165158 0.53392800036817789
76 286.52978514261565 280.00014876698287 0.54095900058746338
77 286.46408701040906 280.00014949256291 0.54797400068491697
78 286.39925353073329 280.0001502085957 0.55497399996966124
79 286.33526690674455 280.00015091527342 0.56200500018894672
80 286.27210990775291 280.00015161278861 0.56906700041145086
81 286.20976584485243 280.00015230132476 0.57575799990445375
82 286.14821854783088 280.0001529810616 0.58246299996972084
83 286.08745234336232 280.00015365217263 0.5899800006300211
84 286.02745203433739 280.00015431482376 0.59687600005418062
85 285.96820288027834 280.00015496917911 0.603923000395298
86 285.90969057878584 280.0001556153963 0.61089800018817186
87 285.85190124793166 280.00015625363079 0.61812100000679493
88 285.79482140952138 280.00015688402783 0.62521200068295002
89 285.73843797322746 280.00015750673646 0.6322860000655055
90 285.68273822148484 280.00015812189281 0.63929700013250113
91 285.62770979513255 280.00015872963445 0.64632400032132864
92 285.57334067974693 280.00015933009468 0.65328299999237061
93 285.51961919263658 280.00015992340315 0.65986800007522106
94 285.46653397043252 280.00016050968372 0.6665400005877018
95 285.41407395728595 280.00016108905822 0.67358900047838688
96 285.36222839357202 280.00016166164932 0.68061299994587898
97 285.31098680516493 280.00016222756693 0.6876220004633069
98 285.26033899314041 280.00016278693118 0.69461499992758036
99 285.21027502397959 280.00016333984451 0.70098500046879053
100 285.16078522018739 280.00016388641552 0.70746600069105625
101 285.11186015134433 280.0001644267515 0.71467499993741512
102 285.06349062549839 280.00016496095066 0.72560600005090237
103 285.01566768099309 280.00016548911395 0.73553100042045116
104 284.9683825785965 280.00016601133694 0.74603200051933527
105 284.92162679396569 280.00016652771677 0.75659800041466951
106 284.87539201045826 280.00016703834001 0.77294200006872416
107 284.82967011220035 280.00016754329909 0.7877190001308918
108 284.78445317746059 280.0001680426808 0.80057399999350309
109 284.73973347230162 280.00016853657155 0.81521700043231249
110 284.69550344446225 280.00016902505405 0.82344500068575144
111 284.65175571750643 280.00016950821134 0.83769600000232458
112 284.60848308519695 280.00016998612028 0.84489900059998035
113 284.56567850607968 280.0001704588592 0.85175700020045042
114 284.52333509830316 280.00017092650523 0.85763700027018785
115 284.48144613459925 280.0001713891333 0.86466700024902821
116 284.44000503751113 280.00017184681565 0.87171899992972612
117 284.39900537474165 280.00017229962123 0.87868699990212917
118 284.35844085472547 280.00017274762178 0.88549700006842613
119 284.31830532235568 280.00017319088386 0.89128000009804964
120 284.27859275483024 280.00017362947636 0.89828300010412931
121 284.23929725773189 280.00017406346211 0.90530400071293116
122 284.20041306115536 280.00017449290368 0.91225699987262487
123 284.16193451607108 280.00017491786576 0.91926500014960766
124 284.12385609072982 280.00017533840941 0.92602500040084124
125 284.08617236728213 280.00017575459322 0.93275200016796589
126 284.04887803844349 280.00017616647858 0.93979000020772219
127 284.01196790434403 280.00017657411894 0.94687600061297417
128 283.97543686941941 280.00017697757198 0.95387500058859587
129 283.93927993947744 280.00017737689507 0.9607939999550581
130 283.90349221883207 280.00017777213986 0.96756100002676249
131 283.86806890752905 280.00017816335907 0.97433300036936998
132 283.83300529869615 280.0001785506073 0.98131800070405006
133 283.79829677596337 280.00017893393323 0.98825900070369244
134 283.76393881096271 280.00017931338715 0.99520600028336048
135 283.72992696095116 280.00017968902011 1.002492000348866
136 283.69625686646356 280.0001800608768 1.0094460006803274
137 283.66292424907886 280.00018042900751 1.0173140000551939
138 283.62992490925581 280.00018079345551 1.0248110005632043
139 283.597254724229 280.00018115427116 1.03154700063169
140 283.56490964597009 280.00018151149436 1.0385480001568794
141 283.53288569924968 280.00018186517121 1.0454520005732775
142 283.50117897971717 280.00018221534634 1.0523470006883144
143 283.46978565208161 280.0001825620576 1.059324000030756
144 283.43870194831118 280.00018290534985 1.0662879999727011
145 283.40792416594746 280.00018324526479 1.0732390005141497
146 283.3774486664048 280.00018358184047 1.0802380004897714
147 283.34727187338535 280.00018391511583 1.087220000103116
148 283.31739027129845 280.00018424513434 1.0953970002010465
149 283.28780040376381 280.00018457192863 1.1032660007476807
150 283.25849887214599 280.00018489553923 1.1118580000475049
151 283.22948233411688 280.00018521600146 1.119442000053823
152 283.20074750231572 280.00018553335281 1.1263020001351833
153 283.172291142983 280.00018584762887 1.1325620003044605
154 283.1441100746955 280.00018615886563 1.1395430006086826
155 283.11620116709469 280.00018646709458 1.1464940002188087
156 283.08856133969357 280.00018677235272 1.1534339999780059
157 283.0611875606885 280.00018707467291 1.1600050004199147
158 283.03407684581759 280.00018737408732 1.1669300002977252
159 283.00722625727133 280.00018767062949 1.1739350007846951
160 282.98063290259279 280.00018796433039 1.1809570007026196
161 282.95429393367152 280.00018825522056 1.1879890002310276
162 282.92820654569368 280.00018854333433 1.1949930004775524
163 282.90236797620145 280.00018882869938 1.2014009999111295
164 282.87677550411343 280.00018911134572 1.2074430007487535
165 282.8514264488258 280.00018939130553 1.2145300004631281
166 282.82631816929393 280.00018966860404 1.2215769998729229
167 282.80144806317463 280.00018994327257 1.228639000095427
168 282.77681356598714 280.00019021533973 1.2356719998642802
169 282.75241215027557 280.00019048483188 1.2427200004458427
170 282.7282413248372 280.00019075177823 1.2496760003268719
171 282.70429863391877 280.00019101620518 1.2567100003361702
172 282.6805816564879 280.00019127813925 1.2637470001354814
173 282.65708800550226 280.00019153760627 1.2707280004397035
174 282.6338153271829 280.00019179463271 1.2776610003784299
175 282.61076130034593 280.00019204924394 1.2846630001440644
176 282.58792363570785 280.00019230146745 1.2912640003487468
177 282.56530007525492 280.00019255132503 1.2983170002698898
178 282.54288839160597 280.00019279884197 1.3053240003064275
179 282.52068638738047 280.00019304404532 1.3123290007933974
180 282.49869189462163 280.00019328695447 1.3192760003730655
181 282.47690277419809 280.00019352759705 1.3252980001270771
182 282.45531691523689 280.00019376599568 1.3321219999343157
183 282.43393223458366 280.00019400216974 1.3390720002353191
184 282.41274667625385 280.00019423614634 1.3460200000554323
185 282.39175821091339 280.00019446794641 1.3529730001464486
186 282.37096483537914 280.00019469759138 1.3592240000143647
187 282.35036457210771 280.0001949251033 1.3658130001276731
188 282.32995546872058 280.00019515050462 1.3728310000151396
189 282.30973559755085 280.00019537381502 1.3798259999603033
190 282.28970305515617 280.00019559505773 1.3867700006812811
191 282.26985596189604 280.00019581425204 1.3937820000573993
192 282.25019246149543 280.00019603141959 1.4008610006421804
193 282.23071072060486 280.00019624657813 1.4079530006274581
194 282.21140892842294 280.00019645974913 1.4151600003242493
195 282.19228529625246 280.00019667095341 1.4223000006750226
196 282.17333805714532 280.00019688021007 1.4299739999696612
197 282.15456546550797 280.00019708753649 1.4369660001248121
198 282.13596579672418 280.00019729295462 1.4440020006150007
199 282.11753734680053 280.00019749648095 1.4510110002011061
200 282.09927843201223 280.00019769813525 1.457995000295341
201 282.08118738855575 280.00019789793464 1.4647110002115369
202 282.06326257220934 280.00019809590003 1.4704809999093413
203 282.04550235802424 280.00019829204592 1.4775149999186397
204 282.0279051399736 280.00019848639175 1.4845210006460547
205 282.01046933066419 280.00019867895486 1.4915100000798702
206 281.99319336102548 280.00019886975366 1.4985290002077818
207 281.97607568001519 280.00019905880407 1.5045850006863475
208 281.95911475431353 280.00019924612337 1.5115809999406338
209 281.94230906805137 280.00019943172748 1.5185489999130368
210 281.92565712254179 280.00019961563407 1.5254870001226664
211 281.90915743599635 280.0001997978593 1.5324430000036955
212 281.89280854325858 280.00019997841883 1.5388900004327297
213 281.87660899555658 280.00020015732827 1.5458789998665452
214 281.86055736023809 280.0002003346043 1.5528120007365942
215 281.84465222054973 280.000200510262 1.5598309999331832
216 281.82889217535165 280.00020068431877 1.5668660001829267
217 281.81327583892539 280.00020085678727 1.5738520007580519
218 281.79780184071825 280.00020102768582 1.5808399999514222
219 281.78246882512718 280.00020119702691 1.5867520002648234
220 281.76727545127324 280.00020136482448 1.5938100004568696
221 281.75222039279123 280.00020153109574 1.6007280005142093
222 281.73730233761506 280.00020169585235 1.6077700005844235
223 281.72251998777523 280.00020185911086 1.614593000151217
224 281.70787205918202 280.00020202088422 1.6210000002756715
225 281.69335728145649 280.00020218118885 1.6278910003602505
226 281.67897439770775 280.00020234003489 1.6349110007286072
227 281.66472216435756 280.00020249743824 1.6418540002778172
228 281.6505993509565 280.00020265341402 1.6489450000226498
229 281.63660473999488 280.00020280797139 1.6559580005705357
230 281.62273712672629 280.0002029611278 1.6626420002430677
231 281.6089953189994 280.00020311289467 1.6694050002843142
232 281.595378137078 280.00020326328536 1.6764000002294779
233 281.58188441348096 280.00020341231061 1.6834050007164478
234 281.56851299281209 280.0002035599872 1.6903480002656579
235 281.5552627316024 280.00020370632433 1.6972970003262162
236 281.54213249815393 280.00020385133712 1.7044370006769896
237 281.52912117238344 280.00020399503592 1.7114869998767972
238 281.51622764566542 280.00020413743334 1.7184960003942251
239 281.50345082068986 280.0002042785423 1.7254540007561445
240 281.49078961131545 280.00020441837546 1.7324130004271865
241 281.47824294242707 280.000204556943 1.7394120004028082
242 281.46580974979071 280.00020469425704 1.7463899999856949
243 281.45348897991545 280.00020483032864 1.7529230006039143
244 281.44127958992942 280.00020496517112 1.7594420006498694
245 281.42918054743234 280.0002050987942 1.7662220001220703
246 281.41719083036645 280.0002052312106 1.7732020001858473
247 281.40530942690202 280.00020536242999 1.7802430000156164
248 281.39353533529868 280.00020549246449 1.7872860003262758
249 281.38186756378337 280.00020562132516 1.7940730005502701
250 281.37030513043328 280.00020574902339 1.8010769998654723
251 281.35884706305836 280.00020587556617 1.808020000346005
252 281.34749239907063 280.00020600096877 1.8150200005620718
253 281.33624018538848 280.00020612524065 1.8220600001513958
254 281.32508947830752 280.00020624839078 1.8290780000388622
255 281.31403934339676 280.00020637042923 1.8360339999198914
256 281.30308885539114 280.00020649136724 1.8430470004677773
257 281.29223709806786 280.00020661121596 1.8499819999560714
258 281.28148316417929 280.00020672998357 1.855944000184536
259 281.27082615529281 280.00020684768151 1.8629390001296997
260 281.26026518173995 280.00020696431847 1.8700520005077124
261 281.2497993624869 280.00020707990421 1.8770730001851916
262 281.23942782504042 280.00020719444916 1.8840690003708005
263 281.22914970536249 280.00020730796223 1.8909800006076694
264 281.21896414774943 280.00020742045348 1.8974710004404187
265 281.20887030476979 280.00020753193184 1.9034140007570386
266 281.19886733714719 280.00020764240566 1.9103770004585385
267 281.18895441367528 280.00020775188597 1.9173800004646182
268 281.17913071112741 280.00020786037902 1.9243809999898076
269 281.1693954141748 280.00020796789727 1.9310650005936623
270 281.15974771529727 280.00020807444815 1.9380740001797676
271 281.15018681467893 280.00020818003981 1.9447920005768538
272 281.14071192014984 280.00020828468195 1.951664000749588
273 281.13132224708971 280.00020838838208 1.9587390003725886
274 281.12201701835181 280.00020849115083 1.9657070003449917
275 281.11279546416193 280.00020859299462 1.9727690005674958
276 281.10365682206736 280.00020869392227 1.9784490000456572
277 281.09460033684411 280.00020879394327 1.9854460004717112
278 281.08562526041328 280.00020889306626 1.99235700070858
279 281.07673085177606 280.00020899129788 1.9992860006168485
280 281.06791637693146 280.00020908864701 2.006199000403285
281 281.05918110881055 280.00020918511984 2.0125959999859333
282 281.05052432718446 280.00020928072701 2.0195890003815293
283 281.04194531861998 280.00020937547487 2.0265840003266931
284 281.03344337638049 280.0002094693719 2.0335650006309152
285 281.02501780037608 280.00020956242514 2.0405210005119443
286 281.01666789708077 280.0002096546429 2.0468669999390841
287 281.00839297947556 280.00020974603166 2.052997000515461
288 281.0001923669721 280.00020983660028 2.0600700005888939
289 280.99206538534429 280.00020992635569 2.0670370003208518
290 280.98401136668332 280.00021001530638 2.073977000080049
291 280.9760296492978 280.00021010345642 2.0809280006214976
292 280.96811957768318 280.00021019081817 2.0878870002925396
293 280.96028050244166 280.00021027739353 2.0944950003176928
294 280.95251178021459 280.00021036319254 2.101439000107348
295 280.94481277364315 280.0002104482212 2.1085720006376505
296 280.93718285128404 280.00021053248616 2.1155980005860329
297 280.92962138756212 280.00021061599671 2.1225960003212094
298 280.92212776271293 280.0002106987564 2.1295210001990199
299 280.91470136270993 280.00021078077452 2.1361790001392365
300 280.90734157922645 280.00021086205709 2.1431900002062321
301 280.9000478095677 280.00021094261143 2.1501730000600219
302 280.89281945660645 280.00021102244096 2.1571660004556179
303 280.88565592875023 280.0002111015562 2.1641710000112653
304 280.87855663986034 280.00021117996272 2.1711470000445843
305 280.87152100922304 280.00021125766443 2.1781900003552437
306 280.86454846147097 280.00021133467038 2.1852890001609921
307 280.85763842655541 280.00021141098745 2.1922730002552271
308 280.85079033966923 280.00021148661716 2.1993070002645254
309 280.84400364120734 280.00021156156964 2.2063650004565716
310 280.83727777672965 280.00021163585171 2.2127660000696778
311 280.83061219688085 280.00021170946752 2.2196559999138117
312 280.82400635735979 280.00021178242275 2.2266640001907945
313 280.81745971887386 280.0002118547261 2.2335999999195337
314 280.81097174706917 280.00021192637928 2.2405700003728271
315 280.80454191250618 280.00021199739047 2.2475169999524951
316 280.79816969060488 280.00021206776751 2.2545230006799102
317 280.79185456158336 280.00021213751239 2.2613130006939173
318 280.78559601042895 280.00021220663371 2.2682660007849336
319 280.77939352684444 280.00021227513486 2.2744500003755093
320 280.77324660520895 280.00021234302176 2.2814920004457235
321 280.76715474451925 280.00021241030123 2.2885210001841187
322 280.76111744836544 280.00021247697771 2.2956800004467368
323 280.75513422486034 280.00021254305631 2.3026050003245473
324 280.7492045866295 280.0002126085451 2.3095880001783371
325 280.74332805073624 280.00021267344556 2.3166559999808669
326 280.73750413865548 280.00021273776639 2.3235260006040335
327 280.73173237623405 280.00021280151066 2.3304719999432564
328 280.72601229364068 280.00021286468291 2.3374610003083944
329 280.72034342532635 280.00021292729144 2.344455000013113
330 280.71472530999046 280.00021298933802 2.3514370005577803
331 280.70915749053148 280.0002130508305 2.3583150003105402
332 280.7036395140131 280.00021311177079 2.3642440000548959
333 280.69817093162516 280.00021317216692 2.3711970001459122
334 280.69275129863456 280.00021323202242 2.37818400003016
335 280.68738017436419 280.00021329134154 2.385177000425756
336 280.68205712213864 280.00021335013116 2.3921900000423193
337 280.67678170926195 280.00021340839356 2.3991710003465414
338 280.67155350695646 280.00021346613494 2.4062550002709031
339 280.66637209035048 280.00021352335961 2.4133910005912185
340 280.66123703843181 280.00021358007137 2.4201690005138516
341 280.65614793401016 280.00021363627621 2.4271980002522469
342 280.65110436368269 280.00021369197822 2.4342189999297261
343 280.64610591780166 280.00021374718142 2.4411740005016327
344 280.64115219042799 280.00021380189128 2.4481820007786155
345 280.63624277930916 280.000213856112 2.4541130000725389
346 280.63137728584474 280.00021390984597 2.461200000718236
347 280.62655531504646 280.00021396310228 2.4683060003444552
348 280.62177647550254 280.00021401587878 2.4752440005540848
349 280.61704037934624 280.00021406818536 2.4822639999911189
350 280.61234664223417 280.00021412002252 2.4892610004171729
351 280.60769488329902 280.00021417139897 2.4951110007241368
352 280.60308472511781 280.00021422231202 2.5021370006725192
353 280.59851579369115 280.00021427277375 2.5090979998931289
354 280.59398771839693 280.00021432278163 2.5161279998719692
355 280.58950013197961 280.00021437234409 2.5230620000511408
356 280.58505267049441 280.00021442146237 2.5289110001176596
357 280.58064497329269 280.00021447014376 2.5357680004090071
358 280.57627668298954 280.00021451838575 2.5426900004968047
359 280.57194744542977 280.00021456619857 2.5496140001341701
360 280.56765690965631 280.00021461358546 2.5565960006788373
361 280.56340472789248 280.00021466054591 2.5636690007522702
362 280.55919055549748 280.00021470708799 2.5696720005944371
363 280.55501405094651 280.00021475321392 2.5765639999881387
364 280.55087487579942 280.00021479892666 2.583504999987781
365 280.54677269467265 280.000214844232 2.5904260007664561
366 280.54270717521445 280.000214889132 2.5974639998748899
367 280.53867798806544 280.00021493363136 2.6031960006803274
368 280.53468480685643 280.00021497773173 2.6102269999682903
369 280.53072730814841 280.00021502143846 2.6172799998894334
370 280.5268051714234 280.00021506475468 2.6242300001904368
371 280.52291807906118 280.00021510768465 2.6308770002797246
372 280.51906571630786 280.00021515023002 2.6366990003734827
373 280.51524777124041 280.00021519239721 2.6436809999868274
374 280.5114639347575 280.00021523418604 2.6506179999560118
375 280.50771390054035 280.00021527560313 2.6575700007379055
376 280.50399736503999 280.00021531664873 2.6641150005161762
377 280.50031402743667 280.00021535732787 2.6698940005153418
378 280.49666358962173 280.00021539764344 2.6768760001286864
379 280.49304575618169 280.00021543759993 2.6838610004633665
380 280.48946023435462 280.00021547719865 2.6908300006762147
381 280.48590673403055 280.00021551644471 2.6977670006453991
382 280.48238496769977 280.00021555533897 2.7046930007636547
383 280.47889465045569 280.00021559388614 2.7116109998896718
384 280.47543549994924 280.00021563208981 2.7186110001057386
385 280.47200723637582 280.00021566995133 2.7255660006776452
386 280.46860958245406 280.00021570747612 2.7325210003182292
387 280.46524226339977 280.00021574466541 2.7394949998706579
388 280.46190500690193 280.00021578152297 2.745240000076592
389 280.45859754309907 280.00021581805157 2.7522590002045035
390 280.45531960456924 280.00021585425276 2.759269000031054
391 280.4520709262822 280.0002158901313 2.7662880001589656
392 280.44885124560807 280.00021592568834 2.7732680002227426
393 280.44566030227099 280.00021596093075 2.7801880007609725
394 280.44249783834545 280.00021599585682 2.7870760001242161
395 280.43936359821646 280.00021603047196 2.7940549999475479
396 280.43625732858442 280.0002160647789 2.8009930001571774
397 280.43317877841594 280.00021609877922 2.8079599998891354
398 280.43012769894159 280.00021613247526 2.8146720007061958
399 280.42710384363113 280.0002161658723 2.8205719999969006
400 280.42410696816978 280.00021619896887 2.8275560000911355
401 280.42113683043885 280.00021623177327 2.8345710001885891
402 280.41819319050165 280.00021626428253 2.8414850002154708
403 280.41527581057829 280.00021629650161 2.8484810004010797
404 280.41238445502472 280.00021632843516 2.8554779998958111
405 280.40951889031794 280.0002163600825 2.8625220004469156
406 280.40667888503492 280.00021639144728 2.8695849999785423
407 280.40386420983543 280.0002164225333 2.8766820002347231
408 280.40107463743874 280.00021645334084 2.883678000420332
409 280.39830994260643 280.00021648387508 2.8906749999150634
410 280.39556990212901 280.00021651413527 2.8976790001615882
411 280.39285429479941 280.00021654412825 2.9033690001815557
412 280.39016290140245 280.00021657385304 2.9103960003703833
413 280.38749550468816 280.00021660331117 2.9174380004405975
414 280.38485188936534 280.00021663250811 2.9244290003553033
415 280.38223184207692 280.00021666144505 2.9314290005713701
416 280.37963515138046 280.00021669012233 2.93733000010252
417 280.37706160773268 280.00021671854546 2.9443439999595284
418 280.37451100347926 280.00021674671461 2.9513340005651116
419 280.37198313283011 280.00021677463229 2.9583760006353259
420 280.36947779183345 280.00021680230185 2.9653690000995994
421 280.36699477838528 280.00021682972476 2.972397000528872
422 280.36453389219179 280.00021685690348 2.9793950002640486
423 280.36209493475701 280.00021688383907 2.9864040007814765
424 280.35967770936844 280.00021691053576 2.9934030007570982
425 280.35728202108248 280.00021693699307 3.0003790007904172
426 280.35490767670541 280.0002169632171 3.0070950007066131
427 280.35255448477483 280.00021698920614 3.0136320004239678
428 280.35022225556173 280.00021701496212 3.0206510005518794
429 280.34791080102741 280.00021704049061 3.0276000006124377
430 280.34561993482731 280.00021706579179 3.0346110006794333
431 280.34334947229058 280.00021709086678 3.041533000767231
432 280.34109923040143 280.00021711571867 3.0472490005195141
433 280.33886902779585 280.00021714034932 3.0541970003396273
434 280.33665868473213 280.00021716476056 3.0611940007656813
435 280.33446802308305 280.00021718895442 3.068249000236392
436 280.33229686632092 280.00021721293314 3.0752320000901818
437 280.33014503950847 280.00021723669818 3.0821440005674958
438 280.32801236927418 280.00021726025176 3.0891780005767941
439 280.32589868380109 280.00021728359457 3.0960870003327727
440 280.32380381282104 280.00021730673097 3.1029110001400113
441 280.32172758759077 280.00021732966127 3.1099169999361038
442 280.31966984088348 280.00021735238778 3.1169270006939769
443 280.31763040697177 280.00021737491147 3.1240620007738471
444 280.3156091216249 280.00021739723513 3.1310320002958179
445 280.31360582207094 280.00021741935916 3.1367660006508231
446 280.31162034701293 280.00021744128736 3.1437480002641678
447 280.30965253659269 280.00021746302053 3.1507280003279448
448 280.30770223239858 280.00021748455941 3.1576720001176
449 280.30576927742442 280.00021750590798 3.1644670004025102
450 280.30385351608845 280.0002175270659 3.1701150005683303
451 280.30195479420081 280.00021754803544 3.1770620001479983
452 280.30007295895109 280.00021756881904 3.1840369999408722
453 280.29820785890394 280.00021758941642 3.1910290000960231
454 280.29635934398908 280.00021760983151 3.1979620000347495
455 280.29452726546816 280.00021763006589 3.2049780003726482
456 280.2927114759575 280.00021765011928 3.2116530006751418
457 280.29091182937896 280.00021766999458 3.2186340000480413
458 280.28912818097535 280.00021768969373 3.2256169999018312
459 280.28736038728289 280.00021770921762 3.2325460007414222
460 280.28560830613691 280.00021772856689 3.2395130004733801
461 280.28387179662673 280.00021774774592 3.2451860001310706
462 280.2821507191328 280.00021776675379 3.2522010002285242
463 280.28044493526903 280.00021778559238 3.2592550003901124
464 280.27875430789589 280.00021780426403 3.2662610001862049
465 280.27707870111067 280.00021782276968 3.2730310000479221
466 280.27541798022725 280.00021784111084 3.2800130005925894
467 280.27377201176046 280.00021785929005 3.2870590006932616
468 280.27214066343566 280.00021787730577 3.2940239999443293
469 280.27052380415279 280.00021789516256 3.3009990006685257
470 280.26892130400324 280.00021791286071 3.3080060007050633
471 280.26733303422583 280.0002179304023 3.3151350002735853
472 280.26575886722981 280.00021794778746 3.3219540007412434
473 280.26419867656114 280.00021796501795 3.3289109999313951
474 280.26265233690515 280.00021798209713 3.3358460003510118
475 280.26111972407068 280.00021799902379 3.3428850006312132
476 280.25960071497724 280.00021801579902 3.3498250003904104
477 280.25809518765072 280.00021803242652 3.3567480007186532
478 280.2566030212144 280.00021804890656 3.3633010005578399
479 280.25512409587344 280.00021806523966 3.3702700007706881
480 280.2536582929074 280.00021808142827 3.3772149998694658
481 280.25220549465797 280.0002180974721 3.3841719999909401
482 280.25076558453367 280.0002181133745 3.3910900000482798
483 280.24933844697767 280.00021812913621 3.3980870004743338
484 280.24792396747438 280.00021814475895 3.4050550004467368
485 280.24652203253481 280.00021816024145 3.4120190003886819
486 280.24513252968762 280.00021817558837 3.4190300004556775
487 280.24375534747554 280.0002181907978 3.4260090002790093
488 280.24239037543197 280.0002182058725 3.43299899995327
489 280.24103750409267 280.00021822081402 3.4397830003872514
490 280.23969662496427 280.00021823562275 3.4455740004777908
491 280.23836763053339 280.00021825030018 3.4525800002738833
492 280.23705041424961 280.0002182648484 3.4595980001613498
493 280.23574487052099 280.00021827926764 3.4665620001032948
494 280.2344508946951 280.00021829355728 3.4735540002584457
495 280.23316838307085 280.00021830772141 3.4804670000448823
496 280.23189723286686 280.00021832176037 3.487373000010848
497 280.23063734222524 280.00021833567456 3.4930880004540086
498 280.22938861020538 280.00021834946574 3.5000650007277727
499 280.22815093677156 280.00021836313562 3.5070660002529621
500 280.2269242227826 280.00021837668322 3.5140610001981258
501 280.22570836998892 280.00021839011032 3.5210070004686713
502 280.22450328102337 280.00021840342021 3.5278290007263422
503 280.22330885939056 280.00021841661095 3.5348740005865693
504 280.22212500946466 280.00021842968624 3.5409070001915097
505 280.22095163646657 280.00021844264535 3.547846999950707
506 280.2197886464802 280.00021845548991 3.5548070007935166
507 280.21863594642656 280.00021846822091 3.5617490001022816
508 280.21749344406055 280.00021848083856 3.5683750007301569
509 280.21636104796164 280.00021849334399 3.5754479998722672
510 280.21523866754058 280.00021850574052 3.582141000777483
511 280.21412621301153 280.00021851802586 3.5891380002722144
512 280.21302359539504 280.00021853020274 3.5960600003600121
513 280.21193072651096 280.00021854227373 3.6030919998884201
514 280.21084751896876 280.00021855423699 3.6100909998640418
515 280.20977388616467 280.00021856609374 3.6170370001345873
516 280.20870974226892 280.00021857784617 3.6239420007914305
517 280.20765500222819 280.00021858949435 3.6301549999043345
518 280.20660958173812 280.00021860104084 3.6370729999616742
519 280.20557339726622 280.00021861248467 3.6440270002931356
520 280.20454636601897 280.00021862382818 3.6510169999673963
521 280.20352840594774 280.00021863507033 3.6579870004206896
522 280.20251943574578 280.00021864621385 3.6648570001125336
523 280.2015193748253 280.00021865725711 3.6707110004499555
524 280.2005281433282 280.00021866820413 3.6776660000905395
525 280.19954566211595 280.00021867905639 3.6846030000597239
526 280.19857185275004 280.00021868980997 3.6916020000353456
527 280.1976066375035 280.00021870047055 3.6985360002145171
528 280.1966499393393 280.0002187110357 3.7054960001260042
529 280.19570168192291 280.00021872150927 3.7124950001016259
530 280.19476178959098 280.00021873188933 3.7195030003786087
531 280.19383018736784 280.00021874217794 3.7264769999310374
532 280.19290680094775 280.00021875237718 3.7334540002048016
533 280.19199155669122 280.00021876248479 3.7404240006580949
534 280.19108438161987 280.00021877250367 3.7475840002298355
535 280.19018520341086 280.00021878243479 3.7545930007472634
536 280.18929395038606 280.00021879227756 3.7616739999502897
537 280.18841055151154 280.00021880203332 3.7676429999992251
538 280.18753493639758 280.00021881170323 3.7743110004812479
539 280.18666703527362 280.00021882128885 3.78129200078547
540 280.18580677900843 280.00021883078898 3.7882840000092983
541 280.18495409907541 280.00021884020748 3.7952780006453395
542 280.18410892757487 280.00021884954054 3.8022760003805161
543 280.18327119721334 280.00021885879312 3.8081000000238419
544 280.18244084129776 280.00021886796418 3.815102000720799
545 280.18161779373696 280.00021887705356 3.8220899999141693
546 280.18080198902987 280.00021888606295 3.8290550000965595
547 280.17999336226183 280.00021889499493 3.8359950007870793
548 280.17919184910244 280.00021890384699 3.8429010007530451
549 280.17839738580017 280.00021891262139 3.8498380007222295
550 280.17760990917503 280.00021892131889 3.8568090004846454
551 280.17682935660832 280.00021892993982 3.8638220001012087
552 280.17605566605016 280.00021893848378 3.8709209999069571
553 280.1752887760004 280.00021894695391 3.8779279999434948
554 280.1745286255146 280.0002189553494 3.8848820002749562
555 280.17377515419525 280.00021896367008 3.8908130005002022
556 280.17302830218176 280.00021897191823 3.8977820007130504
557 280.17228801015824 280.00021898009419 3.9047830002382398
558 280.17155421933512 280.00021898819853 3.9117600005120039
559 280.17082687145017 280.00021899623192 3.9187870007008314
560 280.1701059087664 280.00021900419409 3.9258270002901554
561 280.16939127406164 280.00021901208584 3.9328140001744032
562 280.1686829106327 280.00021901990942 3.9398500006645918
563 280.16798076227633 280.00021902766429 3.9467460000887513
564 280.16728477329923 280.00021903535105 3.9537829998880625
565 280.166594888509 280.00021904297103 3.9608530001714826
566 280.16591105319856 280.0002190505225 3.9678890006616712
567 280.16523321316646 280.00021905800855 3.9748579999431968
568 280.16456131468328 280.00021906542838 3.981823000125587
569 280.16389530451079 280.00021907278477 3.9878910006955266
570 280.16323512988293 280.00021908007574 3.9945010002702475
571 280.16258073851225 280.00021908730281 4.001494999974966
572 280.16193207857327 280.0002190944669 4.0085230004042387
573 280.1612890987098 280.00021910156875 4.0155380005016923
574 280.16065174802742 280.00021910860755 4.0224820002913475
575 280.16001997608038 280.00021911558429 4.0283719999715686
576 280.15939373289029 280.00021912250008 4.035343000665307
577 280.15877296890693 280.00021912935796 4.0423929998651147
578 280.15815763504452 280.00021913615217 4.0493830004706979
579 280.15754768264276 280.00021914288857 4.0564180007204413
580 280.15694306348723 280.00021914956602 4.0634840000420809
581 280.15634372979059 280.0002191561851 4.0698310006409883
582 280.155749634193 280.00021916274716 4.0768430000171065
583 280.15516072976288 280.00021916925175 4.0838470002636313
584 280.15457696999039 280.00021917569853 4.0908110002055764
585 280.15399830878073 280.00021918208927 4.0972930006682873
586 280.15342470045039 280.00021918842407 4.1040489999577403
587 280.15285609973012 280.00021919470356 4.1110810004174709
588 280.15229246175301 280.00021920092871 4.1181070003658533
589 280.15173374205779 280.00021920710043 4.125131000764668
590 280.15117989657762 280.00021921321621 4.132103000767529
591 280.15063088164561 280.00021921927947 4.1390900006517768
592 280.15008665398352 280.00021922529015 4.1457330007106066
593 280.1495471707006 280.00021923124876 4.1514440001919866
594 280.1490123892944 280.00021923715502 4.1583879999816418
595 280.14848226763939 280.00021924300864 4.1653980007395148
596 280.14795676398876 280.00021924881287 4.172435000538826
597 280.14743583697498 280.00021925456565 4.1793790003284812
598 280.14691944559513 280.00021926026943 4.1862580003216863
599 280.14640754921527 280.00021926592228 4.1931910002604127
600 280.14590010757303 280.00021927152744 4.2000280003994703
601 280.14539708075182 280.00021927708212 4.2064180001616478
602 280.1448984292096 280.00021928258957 4.2132230000570416
603 280.1444041137496 280.00021928804892 4.2202930003404617
604 280.14391409552957 280.00021929346059 4.2272470006719232
605 280.14342833605514 280.00021929882524 4.2342600002884865
606 280.14294679717437 280.00021930414346 4.2412459999322891
607 280.1424694410839 280.00021930941529 4.2481970004737377
608 280.14199623031215 280.00021931464153 4.2551660006865859
609 280.14152712772949 280.00021931982366 4.2618320006877184
610 280.14106209653386 280.00021932495889 4.2679409999400377
611 280.14060110025503 280.00021933004882 4.274451999925077
612 280.14014410275672 280.00021933509646 4.2814509999006987
613 280.13969106821446 280.00021934010016 4.2885010000318289
614 280.13924196113885 280.00021934506094 4.2955330004915595
615 280.13879674634478 280.00021934997767 4.3023810004815459
616 280.1383553889699 280.00021935485154 4.308267000131309
617 280.13791785446671 280.00021935968408 4.3156489999964833
618 280.13748410859137 280.00021936447479 4.3226950000971556
619 280.13705411741722 280.00021936922309 4.3297450002282858
620 280.13662784730593 280.00021937393257 4.3367659999057651
621 280.13620526494003 280.00021937859981 4.343435000628233
622 280.13578633728042 280.00021938322493 4.3504349999129772
623 280.13537103160365 280.00021938781157 4.3565370002761483
624 280.13495931546527 280.00021939235825 4.3637120006605983
625 280.13455115671957 280.0002193968657 4.3705299999564886
626 280.13414652350696 280.00021940133541 4.3775190003216267
627 280.13374538425347 280.00021940576579 4.3845629999414086
628 280.13334770766795 280.00021941015603 4.3915600003674626
629 280.13295346274043 280.00021941451104 4.3985450007021427
630 280.13256261873715 280.00021941882852 4.4047260005027056
631 280.132175145205 280.0002194231065 4.4115380002185702
632 280.13179101195908 280.00021942734912 4.4184810006991029
633 280.13141018908703 280.00021943155491 4.425424000248313
634 280.13103264694217 280.00021943572392 4.4324430003762245
635 280.13065835614884 280.00021943985871 4.4395610000938177
636 280.13028728759184 280.00021944395672 4.4465450001880527
637 280.12991941241535 280.00021944801961 4.4530260004103184
638 280.12955470202706 280.00021945204662 4.4600670002400875
639 280.12919312808316 280.00021945604135 4.4671120001003146
640 280.12883466250645 280.00021945999919 4.4740909999236465
641 280.12847927746049 280.00021946392371 4.4806010005995631
642 280.12812694535927 280.0002194678155 4.4865610003471375
643 280.12777763886925 280.00021947167215 4.4926180001348257
644 280.12743133090174 280.00021947549789 4.499567000195384
645 280.12708799460574 280.0002194792898 4.5066430000588298
646 280.12674760337535 280.0002194830497 4.5136940004304051
647 280.12641013084448 280.00021948677539 4.5207310002297163
648 280.12607555088135 280.00021949047044 4.5275150006636977
649 280.12574383758647 280.0002194941348 4.5334530007094145
650 280.12541496529349 280.00021949776635 4.5403140000998974
651 280.12508890856896 280.00021950136676 4.5473020002245903
652 280.12476564220424 280.00021950493641 4.5543189998716116
653 280.1244451412212 280.00021950847747 4.5613630004227161
654 280.12412738086016 280.00021951198806 4.5678210007026792
655 280.12381233659079 280.00021951546518 4.5740640005096793
656 280.12349998409218 280.00021951891517 4.5810520006343722
657 280.12319029927312 280.00021952233612 4.5879979999735951
658 280.1228832582496 280.00021952572649 4.5949750002473593
659 280.12257883735526 280.00021952908816 4.601974000222981
660 280.12227701313543 280.00021953242191 4.6089470004662871
661 280.12197776234723 280.0002195357273 4.6158850006759167
662 280.12168106195367 280.00021953900352 4.6225300002843142
663 280.1213868891266 280.00021954225224 4.6285060001537204
664 280.12109522124251 280.00021954547367 4.6354610007256269
665 280.12080603588072 280.00021954866924 4.6423720000311732
666 280.12051931081862 280.00021955183558 4.649295000359416
667 280.12023502403798 280.00021955497471 4.6559790000319481
668 280.11995315371092 280.00021955808666 4.6630640001967549
669 280.11967367821512 280.00021956117433 4.6695469999685884
670 280.11939657610986 280.00021956423467 4.6766100004315376
671 280.11912182616101 280.0002195672692 4.6836520005017519
672 280.11884940730988 280.0002195702773 4.6908510001376271
673 280.11857929870104 280.00021957326078 4.6974870003759861
674 280.11831147965694 280.00021957621863 4.7045260006561875
675 280.11804592968338 280.00021957915141 4.7116870004683733
676 280.11778262848026 280.000219582059 4.7186890002340078
677 280.11752155591813 280.00021958494347 4.7257160004228354
678 280.11726269205906 280.00021958780189 4.7327070003375411
679 280.11700601713113 280.00021959063702 4.7397220004349947
680 280.11675151155424 280.00021959344764 4.7468469999730587
681 280.11649915591187 280.00021959623484 4.75390600040555
682 280.11624893096962 280.00021959899965 4.761056000366807
683 280.11600081765926 280.00021960173734 4.7680100006982684
684 280.11575479708273 280.00021960445554 4.7750400006771088
685 280.11551085052628 280.00021960714901 4.7820390006527305
686 280.11526895942563 280.00021960982104 4.7890280000865459
687 280.11502910538997 280.00021961247018 4.7960240002721548
688 280.11479127019396 280.00021961509668 4.8028350006788969
689 280.11455543577654 280.00021961770153 4.8097440004348755
690 280.11432158423997 280.00021962028387 4.8167019998654723
691 280.11408969783793 280.00021962284575 4.8239219998940825
692 280.11385975899526 280.00021962538489 4.8311000000685453
693 280.11363175028947 280.0002196279022 4.8380980007350445
694 280.11340565445005 280.00021963039899 4.8450910001993179
695 280.1131814543686 280.00021963287577 4.8517869999632239
696 280.11295913308174 280.00021963533186 4.8587990002706647
697 280.11273867379128 280.00021963776612 4.8656600005924702
698 280.11252005983249 280.00021964018021 4.8725270004943013
699 280.11230327470332 280.00021964257451 4.8794550001621246
700 280.11208830204703 280.0002196449488 4.8864190001040697
701 280.11187512565158 280.00021964730382 4.8934050006791949
702 280.11166372944717 280.00021964963736 4.9003570005297661
703 280.11145409751521 280.00021965195435 4.9073300007730722
704 280.11124621407549 280.00021965424895 4.914321000687778
705 280.11104006349109 280.00021965652479 4.9213460003957152
706 280.11083563026108 280.00021965878381 4.9283450003713369
707 280.11063289903086 280.00021966102253 4.935326000675559
708 280.11043185457646 280.00021966324204 4.9423340000212193
709 280.11023248181516 280.00021966544421 4.9493120005354285
710 280.11003476579884 280.00021966762853 4.9562929999083281
711 280.10983869170889 280.00021966979369 4.9632959999144077
712 280.10964424486389 280.00021967194101 4.9702679999172688
713 280.10945141071824 280.00021967407076 4.9772870000451803
714 280.1092601748436 280.0002196761821 4.9842330003157258
715 280.10907052295693 280.00021967827672 4.9912069998681545
716 280.10888244089097 280.00021968035446 4.9982030000537634
717 280.10869591461153 280.00021968241464 5.0051970006898046
718 280.10851093020705 280.00021968445827 5.0118240006268024
719 280.10832747389429 280.00021968648377 5.0188370002433658
720 280.10814553201368 280.00021968849364 5.0258760005235672
721 280.10796509102198 280.00021969048601 5.0328810000792146
722 280.10778613750625 280.00021969246154 5.0399020006880164
723 280.10760865816542 280.00021969442196 5.0468970006331801
724 280.10743263982164 280.00021969636612 5.0538910003378987
725 280.10725806941514 280.00021969829402 5.0608910005539656
726 280.10708493400409 280.00021970020697 5.0678890002891421
727 280.10691322076764 280.00021970210179 5.0748620005324483
728 280.10674291698251 280.00021970398302 5.0818590000271797
729 280.10657401005847 280.00021970584856 5.0888499999418855
730 280.1064064875132 280.00021970769944 5.0958600006997585
731 280.10624033696695 280.00021970953361 5.1028599999845028
732 280.10607554616246 280.00021971135357 5.1098190005868673
733 280.10591210294524 280.00021971315897 5.1167870005592704
734 280.10574999527296 280.00021971494937 5.1237260000780225
735 280.10558921121446 280.00021971672476 5.1297880001366138
736 280.10542973893837 280.00021971848605 5.1367340004071593
737 280.10527156672265 280.00021972023222 5.143711999990046
738 280.10511468295215 280.00021972196549 5.1507250005379319
739 280.10495907611505 280.00021972368427 5.1577250007539988
740 280.10480473479851 280.00021972538838 5.1647270005196333
741 280.10465164769897 280.00021972707879 5.171722000464797
742 280.10449980360795 280.00021972875669 5.1788370003923774
743 280.10434919142523 280.00021973042055 5.185831000097096
744 280.1041998001391 280.00021973206998 5.1928500002250075
745 280.10405161884626 280.0002197337065 5.2004050007089972
746 280.10390463673752 280.00021973532967 5.2076540002599359
747 280.1037588430986 280.00021973694032 5.2147050006315112
748 280.1036142273162 280.00021973853734 5.2216410003602505
749 280.10347077887133 280.00021974012219 5.2285710005089641
750 280.10332848733111 280.00021974169397 5.2355090007185936
751 280.10318734236569 280.00021974325284 5.2424680003896356
752 280.10304733373681 280.00021974479796 5.2494450006633997
753 280.10290845129532 280.00021974633296 5.2564350003376603
754 280.10277068497817 280.00021974785369 5.2634450001642108
755 280.10263402482155 280.00021974936385 5.2704720003530383
756 280.10249846095348 280.00021975086031 5.2774600004777312
757 280.10236398357489 280.00021975234563 5.2844940004870296
758 280.10223058298999 280.00021975382055 5.2915130006149411
759 280.10209824958014 280.00021975528171 5.2988350000232458
760 280.10196697382122 280.00021975673036 5.3066530004143715
761 280.10183674626688 280.00021975816912 5.313655000180006
762 280.10170755755911 280.0002197595951 5.3207120001316071
763 280.10157939842611 280.00021976101107 5.3278990006074309
764 280.10145225967301 280.00021976241499 5.3348830007016659
765 280.10132613219207 280.00021976380748 5.3418280007317662
766 280.10120100695843 280.0002197651902 5.348794000223279
767 280.10107687502534 280.00021976656058 5.3557860003784299
768 280.10095372752102 280.0002197679205 5.3627980006858706
769 280.10083155566713 280.00021976926928 5.3697610003873706
770 280.10071035075305 280.00021977060925 5.3767370004206896
771 280.10059010414801 280.00021977193711 5.383695000782609
772 280.10047080729834 280.00021977325372 5.3906890004873276
773 280.1003524517281 280.0002197745618 5.3977120006456971
774 280.10023502904289 280.00021977585766 5.4047659998759627
775 280.10011853091561 280.00021977714454 5.4117300007492304
776 280.10000294909298 280.00021977842073 5.418703000061214
777 280.09988827540644 280.00021977968726 5.4257519999518991
778 280.09977450174756 280.00021978094384 5.4327850006520748
779 280.09966162008732 280.00021978218984 5.4397990005090833
780 280.09954962247156 280.00021978342824 5.4468280002474785
781 280.09943850101178 280.00021978465412 5.4538870006799698
782 280.09932824788979 280.00021978587245 5.4608510006219149
783 280.09921885536306 280.00021978708008 5.4678500005975366
784 280.09911031575814 280.00021978827874 5.4749010000377893
785 280.09900262146232 280.00021978946933 5.4818790005519986
786 280.09889576493947 280.00021979064837 5.4888989999890327
787 280.09878973871565 280.00021979181952 5.4959310004487634
788 280.09868453538672 280.00021979298026 5.5029279999434948
789 280.09858014761585 280.00021979413333 5.5099730007350445
790 280.09847656813184 280.00021979527759 5.5169730000197887
791 280.09837378972753 280.00021979641173 5.5239690002053976
792 280.09827180525576 280.00021979753978 5.5309640001505613
793 280.09817060764317 280.00021979865699 5.5379550000652671
794 280.09807018987181 280.00021979976407 5.544947000220418
795 280.09797054499234 280.0002198008666 5.5519590005278587
796 280.09787166611056 280.00021980195828 5.5589450001716614
797 280.09777354640357 280.00021980304126 5.5659270007163286
798 280.09767617910103 280.00021980411719 5.5729539999738336
799 280.09757955749791 280.0002198051846 5.5799740003421903
800 280.09748367494763 280.00021980624524 5.5870050005614758
801 280.09738852486817 280.00021980729463 5.594030000269413
802 280.09729410072543 280.00021980833742 5.6009950004518032
803 280.09720039605259 280.00021980937396 5.6079900003969669
804 280.09710740444206 280.00021981039959 5.6150360004976392
805 280.09701511953722 280.00021981141867 5.6219580005854368
806 280.096923535043 280.00021981243145 5.6288400003686547
807 280.09683264471477 280.00021981343349 5.6357980007305741
808 280.09674244237851 280.00021981442939 5.6427880004048347
809 280.09665292189663 280.00021981541852 5.6497619999572635
810 280.09656407719746 280.00021981640054 5.6567490007728338
811 280.09647590227024 280.00021981737427 5.6636629998683929
812 280.09638839113688 280.00021981834021 5.6706509999930859
813 280.09630153789408 280.00021981929973 5.677632000297308
814 280.09621533667911 280.00021982025078 5.6846200004220009
815 280.09612978168605 280.00021982119642 5.6916470006108284
816 280.09604486716643 280.00021982213497 5.6984990006312728
817 280.09596058741141 280.00021982306492 5.7054620003327727
818 280.09587693677031 280.00021982398812 5.7124960003420711
819 280.09579390964552 280.00021982490608 5.7194870002567768
820 280.09571150048191 280.00021982581654 5.7264640005305409
821 280.0956297037813 280.00021982672024 5.733436000533402
822 280.09554851409376 280.00021982761479 5.7404540004208684
823 280.09546792601645 280.00021982850643 5.7474509999155998
824 280.09538793419443 280.00021982938898 5.7543750004842877
825 280.09530853331796 280.00021983026534 5.7613440006971359
826 280.09522971812993 280.00021983113612 5.768376000225544
827 280.09515148342632 280.0002198320002 5.7753590000793338
828 280.09507382403211 280.000219832857 5.7823480004444718
829 280.09499673483566 280.00021983370897 5.7893710006028414
830 280.0949202107625 280.00021983455389 5.7963340003043413
831 280.09484424678215 280.00021983539472 5.8033280000090599
832 280.09476883791876 280.00021983622617 5.8103590002283454
833 280.09469397923374 280.00021983705318 5.817344999872148
834 280.09461966583143 280.00021983787377 5.8244680007919669
835 280.09454589286008 280.00021983868879 5.8315040003508329
836 280.09447265552194 280.00021983949847 5.8384990002959967
837 280.09439994904642 280.00021984030093 5.8455050000920892
838 280.09432776872069 280.00021984109861 5.8524710005149245
839 280.09425610986148 280.00021984189027 5.859481000341475
840 280.09418496783439 280.00021984267534 5.8664680002257228
841 280.09411433804883 280.00021984345534 5.8734670002013445
842 280.09404421594667 280.00021984422892 5.8804360004141927
843 280.09397459701927 280.00021984499818 5.8874210007488728
844 280.09390547679237 280.00021984576176 5.8943980000913143
845 280.09383685083782 280.00021984651852 5.9014090001583099
846 280.09376871476366 280.00021984727226 5.9084010003134608
847 280.09370106421483 280.00021984801992 5.9154020007699728
848 280.09363389487561 280.00021984876133 5.9224040005356073
849 280.09356720247666 280.00021984949785 5.9294330002740026
850 280.09350098277724 280.00021985022869 5.9363520005717874
851 280.09343523158088 280.00021985095498 5.9432900007814169
852 280.09336994472864 280.00021985167604 5.950233000330627
853 280.09330511809543 280.00021985239266 5.9571790006011724
854 280.09324074758962 280.00021985310303 5.9641490001231432
855 280.09317682916833 280.00021985380988 5.9711120007559657
856 280.09311335881586 280.00021985451076 5.9780790004879236
857 280.09305033255464 280.00021985520539 5.9850510004907846
858 280.09298774643707 280.00021985589683 5.9920800002291799
859 280.0929255965662 280.00021985658429 5.9990840004757047
860 280.092863879064 280.00021985726545 6.0062970006838441
861 280.09280259009466 280.00021985794274 6.013416999951005
862 280.09274172585594 280.00021985861406 6.020473999902606
863 280.0926812825785 280.00021985928237 6.027637000195682
864 280.09262125652924 280.00021985994448 6.034638000652194
865 280.09256164400489 280.00021986060301 6.0416520005092025
866 280.09250244134341 280.00021986125654 6.0487140007317066
867 280.09244364489882 280.00021986190615 6.055697999894619
868 280.09238525107935 280.00021986255075 6.0626850007101893
869 280.0923272563054 280.00021986319166 6.0696970000863075
870 280.09226965704818 280.00021986382927 6.0766870006918907
871 280.09221244979148 280.00021986445967 6.0836550006642938
872 280.09215563106648 280.00021986508779 6.0906410003080964
873 280.0920991974304 280.00021986571005 6.0975640006363392
874 280.09204314546099 280.00021986632868 6.1045120004564524
875 280.0919874717855 280.00021986694389 6.1114400001242757
876 280.09193217305022 280.00021986755456 6.1186359999701381
877 280.09187724592647 280.00021986816159 6.1256430000066757
878 280.09182268712846 280.00021986876459 6.1325010005384684
879 280.0917684933944 280.00021986936224 6.1386649999767542
880 280.09171466148575 280.00021986995677 6.1456300001591444
881 280.09166118819752 280.0002198705476 6.1525699999183416
882 280.09160807035653 280.00021987113456 6.1595700001344085
883 280.09155530481354 280.00021987171743 6.1665750006213784
884 280.09150288845274 280.00021987229582 6.1734640002250671
885 280.09145081817815 280.00021987287079 6.1803990006446838
886 280.09139909093244 280.00021987344167 6.1873620003461838
887 280.09134770367399 280.00021987400891 6.1943180002272129
888 280.09129665339026 280.00021987457353 6.2013010000810027
889 280.09124593711158 280.00021987513372 6.2082410007715225
890 280.0911955518734 280.00021987568988 6.215166000649333
891 280.09114549474958 280.0002198762437 6.2220499999821186
892 280.09109576283731 280.00021987679258 6.2290390003472567
893 280.09104635325946 280.00021987733822 6.2360089998692274
894 280.09099726316509 280.00021987788091 6.2429860001429915
895 280.09094848973268 280.00021987841893 6.2498820004984736
896 280.09090003015825 280.00021987895445 6.2568800002336502
897 280.09085188167148 280.00021987948628 6.2639920003712177
898 280.0908040415178 280.0002198800139 6.2709810007363558
899 280.09075650697139 280.00021988053896 6.2779790004715323
900 280.09070927533338 280.00021988106096 6.284978000447154
901 280.09066234393373 280.00021988158011 6.2919709999114275
902 280.09061571010881 280.000219882095 6.2989469999447465
903 280.0905693712358 280.00021988260698 6.3059109998866916
904 280.09052332470998 280.00021988311397 6.3128710007295012
905 280.09047756794661 280.00021988361965 6.3198560001328588
906 280.09043209838893 280.00021988412249 6.3268570005893707
907 280.09038691349861 280.00021988462146 6.3338620001450181
908 280.09034201076963 280.00021988511708 6.3408480007201433
909 280.09029738769868 280.00021988561031 6.3478270005434752
910 280.09025304183331 280.00021988609836 6.3548240000382066
911 280.09020897071264 280.00021988658654 6.3618600005283952
912 280.09016517192271 280.00021988707016 6.3688950007781386
913 280.09012164305545 280.00021988755049 6.3758920002728701
914 280.09007838173221 280.00021988802814 6.3828870002180338
915 280.09003538559296 280.00021988850278 6.3898870004341006
916 280.08999265229517 280.00021988897413 6.3968799998983741
917 280.08995017953077 280.0002198894436 6.4039400005713105
918 280.08990796499501 280.00021988990966 6.4108990002423525
919 280.08986600641356 280.00021989037299 6.4178980002179742
920 280.08982430153247 280.00021989083382 6.4248609999194741
921 280.08978284811286 280.00021989129232 6.4318599998950958
922 280.08974164394243 280.00021989174667 6.4388319998979568
923 280.08970068682413 280.00021989219931 6.4458330003544688
924 280.08965997458296 280.00021989264923 6.4528480004519224
925 280.08961950505977 280.00021989309676 6.4598179999738932
926 280.08957927611738 280.00021989354076 6.4670069999992847
927 280.08953928564347 280.00021989398186 6.4739820007234812
928 280.08949953153393 280.00021989442092 6.4809830002486706
929 280.08946001171017 280.00021989485879 6.4879640005528927
930 280.0894207241077 280.0002198952912 6.4949489999562502
931 280.08938166668753 280.00021989572275 6.5019430005922914
932 280.08934283742087 280.00021989615141 6.5089739998802543
933 280.08930423430587 280.00021989657841 6.5154370004311204
934 280.08926585534891 280.00021989700127 6.5224670004099607
935 280.08922769858083 280.00021989742447 6.5295320004224777
936 280.08918976205126 280.00021989784176 6.5365059999749064
937 280.08915204381964 280.0002198982591 6.5434710001572967
938 280.08911454197397 280.00021989867366 6.5505119999870658
939 280.08907725460398 280.00021989908458 6.5576770007610321
940 280.089040179834 280.00021989949443 6.5646740002557635
941 280.08900331579213 280.00021989990097 6.5716810002923012
942 280.08896666063134 280.00021990030643 6.5787170007824898
943 280.08893021251157 280.00021990070729 6.58572500012815
944 280.08889396961922 280.00021990110827 6.5926990006119013
945 280.08885793015662 280.00021990150628 6.5997220007702708
946 280.08882209233298 280.00021990190203 6.6066960003226995
947 280.08878645438176 280.00021990229743 6.6136930007487535
948 280.08875101454811 280.00021990268795 6.6198010006919503
949 280.08871577109585 280.00021990307704 6.6268390007317066
950 280.08868072230132 280.00021990346329 6.6337670003995299
951 280.08864586645996 280.00021990384994 6.6407590005546808
952 280.08861120187868 280.00021990423096 6.6476690005511045
953 280.08857672688646 280.00021990461249 6.6545750005170703
954 280.08854243981335 280.00021990499067 6.6615200005471706
955 280.08850833901926 280.00021990536641 6.6687990007922053
956 280.08847442287441 280.00021990574169 6.675789000466466
957 280.08844068975537 280.00021990611367 6.6827589999884367
958 280.08840713806507 280.0002199064844 6.6897610006853938
959 280.08837376621449 280.00021990685292 6.6967100007459521
960 280.08834057262681 280.00021990721984 6.7035810006782413
961 280.08830755574343 280.00021990758376 6.7105769999325275
962 280.08827471402162 280.00021990794568 6.7175799999386072
963 280.08824204592679 280.00021990830857 6.7245190003886819
964 280.08820954994252 280.00021990866651 6.7314640004187822
965 280.08817722456365 280.00021990902508 6.738391000777483
966 280.08814506829594 280.00021990938023 6.745363000780344
967 280.08811307966823 280.00021990973192 6.7523280000314116
968 280.08808125720805 280.0002199100835 6.7593720005825162
969 280.08804959947071 280.00021991043423 6.7663600007072091
970 280.08801810501342 280.00021991078228 6.7733620004728436
971 280.08798677241839 280.00021991112806 6.7803840003907681
972 280.08795560026226 280.00021991147236 6.7873440003022552
973 280.08792458714873 280.0002199118133 6.7943500000983477
974 280.08789373169554 280.0002199121559 6.8014340000227094
975 280.08786303251958 280.00021991249577 6.8084289999678731
976 280.08783248826199 280.00021991283262 6.8154270006343722
977 280.0878020975739 280.00021991316692 6.8224510001018643
978 280.08777185911418 280.00021991350172 6.8294480005279183
979 280.0877417715563 280.00021991383409 6.8366090003401041
980 280.08771183358891 280.00021991416469 6.8435980007052422
981 280.08768204390424 280.00021991449353 6.8505589999258518
982 280.08765240121284 280.00021991482021 6.8575340006500483
983 280.08762290423988 280.0002199151462 6.8645090004429221
984 280.08759355171156 280.00021991547015 6.8715040003880858
985 280.08756434237017 280.00021991579325 6.8785120006650686
986 280.08753527497521 280.00021991611391 6.8855510000139475
987 280.08750634829062 280.00021991643439 6.8925400003790855
988 280.08747756108932 280.00021991675095 6.8995020007714629
989 280.08744891216361 280.00021991706893 6.9064629999920726
990 280.08742040030808 280.0002199173835 6.9134300006553531
991 280.0873920243389 280.00021991769677 6.9204000001773238
992 280.08736378306628 280.0002199180085 6.9273500004783273
993 280.08733567532977 280.00021991832057 6.9343300005421042
994 280.08730769996271 280.00021991862769 6.9413700001314282
995 280.08727985582141 280.00021991893533 6.9483989998698235
996 280.0872521417665 280.00021991924098 6.9553829999640584
997 280.08722455666856 280.00021991954588 6.9624120006337762
998 280.08719709940965 280.00021991984971 6.9693960007280111
999 280.08716976888149 280.00021992015115 6.9764630002900958
1000 280.08714256399014 280.00021992045106 6.9835320003330708
